id,description,dataset,category,subcategory,region,delay,universe,type,coverage,userCount,alphaCount,pyramidMultiplier,themes
anl15_bps_gr_12_m_1m_chg,The weighted 1-month percent change of 12-month forward book value per share (BPS) estimation aggregated within GICS group grouping.,"{'id': 'analyst15', 'name': 'Earnings forecasts'}","{'id': 'analyst', 'name': 'Analyst'}","{'id': 'analyst-analyst-estimates', 'name': 'Analyst Estimates'}",USA,1,TOP3000,MATRIX,1.0,468,6224,1.2,[]
anl15_bps_gr_12_m_3m_chg,The weighted 3-month percent change of 12-month forward book value per share (BPS) estimation aggregated within GICS group grouping.,"{'id': 'analyst15', 'name': 'Earnings forecasts'}","{'id': 'analyst', 'name': 'Analyst'}","{'id': 'analyst-analyst-estimates', 'name': 'Analyst Estimates'}",USA,1,TOP3000,MATRIX,1.0,180,467,1.2,[]
anl15_bps_gr_12_m_6m_chg,The weighted 6-month percent change of 12-month forward book value per share (BPS) estimation aggregated within GICS group grouping.,"{'id': 'analyst15', 'name': 'Earnings forecasts'}","{'id': 'analyst', 'name': 'Analyst'}","{'id': 'analyst-analyst-estimates', 'name': 'Analyst Estimates'}",USA,1,TOP3000,MATRIX,1.0,198,725,1.2,[]
anl15_bps_gr_12_m_cos,The number of companies with a 12-month forward mean book value per share (BPS) estimation within GICS group grouping.,"{'id': 'analyst15', 'name': 'Earnings forecasts'}","{'id': 'analyst', 'name': 'Analyst'}","{'id': 'analyst-analyst-estimates', 'name': 'Analyst Estimates'}",USA,1,TOP3000,MATRIX,1.0,201,488,1.2,[]
anl15_bps_gr_12_m_cos_dn,The number of companies for which 12-month forward mean book value per share (BPS) estimation has been lowered from last month within GICS group grouping.,"{'id': 'analyst15', 'name': 'Earnings forecasts'}","{'id': 'analyst', 'name': 'Analyst'}","{'id': 'analyst-analyst-estimates', 'name': 'Analyst Estimates'}",USA,1,TOP3000,MATRIX,1.0,171,1052,1.2,[]
anl15_bps_gr_12_m_cos_up,The number of companies for which 12-month forward mean book value per share (BPS) estimation has been raised from last month within GICS group grouping.,"{'id': 'analyst15', 'name': 'Earnings forecasts'}","{'id': 'analyst', 'name': 'Analyst'}","{'id': 'analyst-analyst-estimates', 'name': 'Analyst Estimates'}",USA,1,TOP3000,MATRIX,1.0,159,884,1.2,[]
anl15_bps_gr_12_m_ests,The 12-month forward pro-rated total number of estimates within GICS group grouping.,"{'id': 'analyst15', 'name': 'Earnings forecasts'}","{'id': 'analyst', 'name': 'Analyst'}","{'id': 'analyst-analyst-estimates', 'name': 'Analyst Estimates'}",USA,1,TOP3000,MATRIX,1.0,138,479,1.2,[]
anl15_bps_gr_12_m_ests_dn,"Count of unique IDs of industry participants. Industry stands for an aggregate view of all  equity clearance activity for the date, symbol, and transaction type in question.","{'id': 'analyst15', 'name': 'Earnings forecasts'}","{'id': 'analyst', 'name': 'Analyst'}","{'id': 'analyst-analyst-estimates', 'name': 'Analyst Estimates'}",USA,1,TOP3000,MATRIX,1.0,172,509,1.2,[]
anl15_bps_gr_12_m_ests_up,"Count of unique IDs of industry participants. Industry stands for an aggregate view of all  equity clearance activity for the date, symbol, and transaction type in question.","{'id': 'analyst15', 'name': 'Earnings forecasts'}","{'id': 'analyst', 'name': 'Analyst'}","{'id': 'analyst-analyst-estimates', 'name': 'Analyst Estimates'}",USA,1,TOP3000,MATRIX,1.0,153,607,1.2,[]
anl15_bps_gr_12_m_gro,The weighted 12-month forward year-over-year growth of book value per share (BPS) estimation aggregated within GICS group grouping.,"{'id': 'analyst15', 'name': 'Earnings forecasts'}","{'id': 'analyst', 'name': 'Analyst'}","{'id': 'analyst-analyst-estimates', 'name': 'Analyst Estimates'}",USA,1,TOP3000,MATRIX,1.0,220,2261,1.2,[]
anl15_bps_gr_12_m_mean,The weighted average of 12-month forward book value per share (BPS) estimation aggregated within GICS group grouping.,"{'id': 'analyst15', 'name': 'Earnings forecasts'}","{'id': 'analyst', 'name': 'Analyst'}","{'id': 'analyst-analyst-estimates', 'name': 'Analyst Estimates'}",USA,1,TOP3000,MATRIX,1.0,144,342,1.2,[]
anl15_bps_gr_12_m_pe,The weighted average price/earnings ratio based on 12-month forward EPS estimation aggregated within GICS group grouping.,"{'id': 'analyst15', 'name': 'Earnings forecasts'}","{'id': 'analyst', 'name': 'Analyst'}","{'id': 'analyst-analyst-estimates', 'name': 'Analyst Estimates'}",USA,1,TOP3000,MATRIX,1.0,155,677,1.2,[]
anl15_bps_gr_12_m_st_dev,The weighted average standard deviation of 12-month forward book value per share (BPS) estimation aggregated within GICS group grouping.,"{'id': 'analyst15', 'name': 'Earnings forecasts'}","{'id': 'analyst', 'name': 'Analyst'}","{'id': 'analyst-analyst-estimates', 'name': 'Analyst Estimates'}",USA,1,TOP3000,MATRIX,1.0,111,229,1.2,[]
anl15_bps_gr_12_m_total,The total of 12-month forward book value per share (BPS) estimation aggregated within GICS group grouping.,"{'id': 'analyst15', 'name': 'Earnings forecasts'}","{'id': 'analyst', 'name': 'Analyst'}","{'id': 'analyst-analyst-estimates', 'name': 'Analyst Estimates'}",USA,1,TOP3000,MATRIX,1.0,165,746,1.2,[]
anl15_bps_gr_12_m_tr_mean,The weighted average of 12-month trailing book value per share (BPS) aggregated within GICS group grouping.,"{'id': 'analyst15', 'name': 'Earnings forecasts'}","{'id': 'analyst', 'name': 'Analyst'}","{'id': 'analyst-analyst-estimates', 'name': 'Analyst Estimates'}",USA,1,TOP3000,MATRIX,1.0,109,296,1.2,[]
anl15_bps_gr_18_m_1m_chg,The weighted 1-month percent change of 18-month forward book value per share (BPS) estimation aggregated within GICS group grouping.,"{'id': 'analyst15', 'name': 'Earnings forecasts'}","{'id': 'analyst', 'name': 'Analyst'}","{'id': 'analyst-analyst-estimates', 'name': 'Analyst Estimates'}",USA,1,TOP3000,MATRIX,1.0,91,386,1.2,[]
anl15_bps_gr_18_m_3m_chg,The weighted 3-month percent change of 18-month forward book value per share (BPS) estimation aggregated within GICS group grouping.,"{'id': 'analyst15', 'name': 'Earnings forecasts'}","{'id': 'analyst', 'name': 'Analyst'}","{'id': 'analyst-analyst-estimates', 'name': 'Analyst Estimates'}",USA,1,TOP3000,MATRIX,1.0,84,172,1.2,[]
anl15_bps_gr_18_m_6m_chg,The weighted 6-month percent change of 18-month forward book value per share (BPS) estimation aggregated within GICS group grouping.,"{'id': 'analyst15', 'name': 'Earnings forecasts'}","{'id': 'analyst', 'name': 'Analyst'}","{'id': 'analyst-analyst-estimates', 'name': 'Analyst Estimates'}",USA,1,TOP3000,MATRIX,1.0,137,464,1.2,[]
anl15_bps_gr_18_m_cos,The number of companies with an 18-month forward mean book value per share (BPS) estimation within GICS group grouping.,"{'id': 'analyst15', 'name': 'Earnings forecasts'}","{'id': 'analyst', 'name': 'Analyst'}","{'id': 'analyst-analyst-estimates', 'name': 'Analyst Estimates'}",USA,1,TOP3000,MATRIX,1.0,100,255,1.2,[]
anl15_bps_gr_18_m_cos_dn,The number of companies for which 18-month forward mean book value per share (BPS) estimation has been lowered from last month within GICS group grouping.,"{'id': 'analyst15', 'name': 'Earnings forecasts'}","{'id': 'analyst', 'name': 'Analyst'}","{'id': 'analyst-analyst-estimates', 'name': 'Analyst Estimates'}",USA,1,TOP3000,MATRIX,1.0,116,828,1.2,[]
anl15_bps_gr_18_m_cos_up,The number of companies for which 18-month forward mean book value per share (BPS) estimation has been raised from last month within GICS group grouping.,"{'id': 'analyst15', 'name': 'Earnings forecasts'}","{'id': 'analyst', 'name': 'Analyst'}","{'id': 'analyst-analyst-estimates', 'name': 'Analyst Estimates'}",USA,1,TOP3000,MATRIX,1.0,63,115,1.2,[]
anl15_bps_gr_18_m_ests,The 18-month forward pro-rated total number of estimates within GICS group grouping.,"{'id': 'analyst15', 'name': 'Earnings forecasts'}","{'id': 'analyst', 'name': 'Analyst'}","{'id': 'analyst-analyst-estimates', 'name': 'Analyst Estimates'}",USA,1,TOP3000,MATRIX,1.0,86,299,1.2,[]
anl15_bps_gr_18_m_ests_dn,"Count of unique IDs of industry participants. Industry stands for an aggregate view of all  equity clearance activity for the date, symbol, and transaction type in question.","{'id': 'analyst15', 'name': 'Earnings forecasts'}","{'id': 'analyst', 'name': 'Analyst'}","{'id': 'analyst-analyst-estimates', 'name': 'Analyst Estimates'}",USA,1,TOP3000,MATRIX,0.9989,93,474,1.2,[]
anl15_bps_gr_18_m_ests_up,"Count of unique IDs of industry participants. Industry stands for an aggregate view of all  equity clearance activity for the date, symbol, and transaction type in question.","{'id': 'analyst15', 'name': 'Earnings forecasts'}","{'id': 'analyst', 'name': 'Analyst'}","{'id': 'analyst-analyst-estimates', 'name': 'Analyst Estimates'}",USA,1,TOP3000,MATRIX,0.999,88,171,1.2,[]
anl15_bps_gr_18_m_gro,The weighted 18-month forward year-over-year growth of book value per share (BPS) estimation aggregated within GICS group grouping.,"{'id': 'analyst15', 'name': 'Earnings forecasts'}","{'id': 'analyst', 'name': 'Analyst'}","{'id': 'analyst-analyst-estimates', 'name': 'Analyst Estimates'}",USA,1,TOP3000,MATRIX,1.0,96,352,1.2,[]
anl15_bps_gr_18_m_mean,The weighted average of 18-month forward book value per share (BPS) estimation aggregated within GICS group grouping.,"{'id': 'analyst15', 'name': 'Earnings forecasts'}","{'id': 'analyst', 'name': 'Analyst'}","{'id': 'analyst-analyst-estimates', 'name': 'Analyst Estimates'}",USA,1,TOP3000,MATRIX,1.0,88,482,1.2,[]
anl15_bps_gr_18_m_pe,The weighted average price/earnings ratio based on 18-month forward EPS estimation aggregated within GICS group grouping.,"{'id': 'analyst15', 'name': 'Earnings forecasts'}","{'id': 'analyst', 'name': 'Analyst'}","{'id': 'analyst-analyst-estimates', 'name': 'Analyst Estimates'}",USA,1,TOP3000,MATRIX,1.0,108,266,1.2,[]
anl15_bps_gr_18_m_st_dev,The weighted average standard deviation of 18-month forward book value per share (BPS) estimation aggregated within GICS group grouping.,"{'id': 'analyst15', 'name': 'Earnings forecasts'}","{'id': 'analyst', 'name': 'Analyst'}","{'id': 'analyst-analyst-estimates', 'name': 'Analyst Estimates'}",USA,1,TOP3000,MATRIX,1.0,72,274,1.2,[]
anl15_bps_gr_18_m_total,The total of 18-month forward book value per share (BPS) estimation aggregated within GICS group grouping.,"{'id': 'analyst15', 'name': 'Earnings forecasts'}","{'id': 'analyst', 'name': 'Analyst'}","{'id': 'analyst-analyst-estimates', 'name': 'Analyst Estimates'}",USA,1,TOP3000,MATRIX,1.0,92,345,1.2,[]
anl15_bps_gr_cal_fy0_gro,The weighted year-over-year growth of book value per share (BPS) estimation for the current calendarized fiscal year aggregated within GICS group grouping.,"{'id': 'analyst15', 'name': 'Earnings forecasts'}","{'id': 'analyst', 'name': 'Analyst'}","{'id': 'analyst-analyst-estimates', 'name': 'Analyst Estimates'}",USA,1,TOP3000,MATRIX,1.0,107,370,1.2,[]
anl15_bps_gr_cal_fy0_pe,The weighted average price/earnings ratio based on EPS estimation for the current calendarized fiscal year aggregated within GICS group grouping.,"{'id': 'analyst15', 'name': 'Earnings forecasts'}","{'id': 'analyst', 'name': 'Analyst'}","{'id': 'analyst-analyst-estimates', 'name': 'Analyst Estimates'}",USA,1,TOP3000,MATRIX,1.0,101,602,1.2,[]
anl15_bps_gr_cal_fy0_total,The total of book value per share(BPS) estimation for the current calendarized fiscal year aggregated within GICS group grouping.,"{'id': 'analyst15', 'name': 'Earnings forecasts'}","{'id': 'analyst', 'name': 'Analyst'}","{'id': 'analyst-analyst-estimates', 'name': 'Analyst Estimates'}",USA,1,TOP3000,MATRIX,1.0,78,149,1.2,[]
anl15_bps_gr_cal_fy0_val,The weighted average of book value per share(BPS) estimation for the current calendarized fiscal year aggregated within GICS group grouping.,"{'id': 'analyst15', 'name': 'Earnings forecasts'}","{'id': 'analyst', 'name': 'Analyst'}","{'id': 'analyst-analyst-estimates', 'name': 'Analyst Estimates'}",USA,1,TOP3000,MATRIX,1.0,96,209,1.2,[]
anl15_bps_gr_cal_fy1_1m_chg,The weighted 1-month percent change of book value per share (BPS) estimation for the calendarized 1 fiscal year aggregated within GICS group grouping.,"{'id': 'analyst15', 'name': 'Earnings forecasts'}","{'id': 'analyst', 'name': 'Analyst'}","{'id': 'analyst-analyst-estimates', 'name': 'Analyst Estimates'}",USA,1,TOP3000,MATRIX,1.0,74,328,1.2,[]
anl15_bps_gr_cal_fy1_3m_chg,The weighted 3 month percent change of book value per share (BPS) estimation for the calendarized 1 fiscal year aggregated within GICS group grouping.,"{'id': 'analyst15', 'name': 'Earnings forecasts'}","{'id': 'analyst', 'name': 'Analyst'}","{'id': 'analyst-analyst-estimates', 'name': 'Analyst Estimates'}",USA,1,TOP3000,MATRIX,1.0,51,304,1.2,[]
anl15_bps_gr_cal_fy1_6m_chg,The weighted 6-month percent change of book value per share (BPS) estimation for the calendarized 1 fiscal year aggregated within GICS group grouping.,"{'id': 'analyst15', 'name': 'Earnings forecasts'}","{'id': 'analyst', 'name': 'Analyst'}","{'id': 'analyst-analyst-estimates', 'name': 'Analyst Estimates'}",USA,1,TOP3000,MATRIX,1.0,84,789,1.2,[]
anl15_bps_gr_cal_fy1_cos,The number of companies with a calendarized 1 fiscal year book value per share (BPS) estimation within GICS group grouping.,"{'id': 'analyst15', 'name': 'Earnings forecasts'}","{'id': 'analyst', 'name': 'Analyst'}","{'id': 'analyst-analyst-estimates', 'name': 'Analyst Estimates'}",USA,1,TOP3000,MATRIX,1.0,71,200,1.2,[]
anl15_bps_gr_cal_fy1_ests,The total number of calendarized 1 fiscal year book value per share (BPS) estimation within GICS group grouping.,"{'id': 'analyst15', 'name': 'Earnings forecasts'}","{'id': 'analyst', 'name': 'Analyst'}","{'id': 'analyst-analyst-estimates', 'name': 'Analyst Estimates'}",USA,1,TOP3000,MATRIX,1.0,75,696,1.2,[]
anl15_bps_gr_cal_fy1_gro,The weighted year-over-year growth of book value per share (BPS) estimation for the calendarized 1 fiscal year aggregated within GICS group grouping.,"{'id': 'analyst15', 'name': 'Earnings forecasts'}","{'id': 'analyst', 'name': 'Analyst'}","{'id': 'analyst-analyst-estimates', 'name': 'Analyst Estimates'}",USA,1,TOP3000,MATRIX,1.0,57,289,1.2,[]
anl15_bps_gr_cal_fy1_mean,The weighted average of book value per share (BPS) estimation for the calendarized 1 fiscal year aggregated within GICS group grouping.,"{'id': 'analyst15', 'name': 'Earnings forecasts'}","{'id': 'analyst', 'name': 'Analyst'}","{'id': 'analyst-analyst-estimates', 'name': 'Analyst Estimates'}",USA,1,TOP3000,MATRIX,1.0,77,372,1.2,[]
anl15_bps_gr_cal_fy1_pe,The weighted average price/earnings ratio based on EPS estimation for the calendarized 1 fiscal year aggregated within GICS group grouping.,"{'id': 'analyst15', 'name': 'Earnings forecasts'}","{'id': 'analyst', 'name': 'Analyst'}","{'id': 'analyst-analyst-estimates', 'name': 'Analyst Estimates'}",USA,1,TOP3000,MATRIX,1.0,103,283,1.2,[]
anl15_bps_gr_cal_fy1_st_dev,The weighted average standard deviation of book value per share (BPS) estimation for the calendarized 1 fiscal year aggregated within GICS group grouping.,"{'id': 'analyst15', 'name': 'Earnings forecasts'}","{'id': 'analyst', 'name': 'Analyst'}","{'id': 'analyst-analyst-estimates', 'name': 'Analyst Estimates'}",USA,1,TOP3000,MATRIX,1.0,80,348,1.2,[]
anl15_bps_gr_cal_fy1_total,The total of book value per share (BPS) estimation for the calendarized 1 fiscal year aggregated within GICS group grouping.,"{'id': 'analyst15', 'name': 'Earnings forecasts'}","{'id': 'analyst', 'name': 'Analyst'}","{'id': 'analyst-analyst-estimates', 'name': 'Analyst Estimates'}",USA,1,TOP3000,MATRIX,1.0,65,190,1.2,[]
anl15_bps_gr_cal_fy2_1m_chg,The weighted 1 month percent change of book value per share (BPS) estimation for the calendarized 2 fiscal year aggregated within GICS group grouping.,"{'id': 'analyst15', 'name': 'Earnings forecasts'}","{'id': 'analyst', 'name': 'Analyst'}","{'id': 'analyst-analyst-estimates', 'name': 'Analyst Estimates'}",USA,1,TOP3000,MATRIX,1.0,85,240,1.2,[]
anl15_bps_gr_cal_fy2_3m_chg,The weighted 3 month percent change of book value per share (BPS) estimation for the calendarized 2 fiscal year aggregated within GICS group grouping.,"{'id': 'analyst15', 'name': 'Earnings forecasts'}","{'id': 'analyst', 'name': 'Analyst'}","{'id': 'analyst-analyst-estimates', 'name': 'Analyst Estimates'}",USA,1,TOP3000,MATRIX,1.0,43,81,1.2,[]
anl15_bps_gr_cal_fy2_6m_chg,The weighted six-month percent change of book value per share (BPS) estimation for the calendarized two fiscal years aggregated within GICS group grouping.,"{'id': 'analyst15', 'name': 'Earnings forecasts'}","{'id': 'analyst', 'name': 'Analyst'}","{'id': 'analyst-analyst-estimates', 'name': 'Analyst Estimates'}",USA,1,TOP3000,MATRIX,1.0,84,608,1.2,[]
anl15_bps_gr_cal_fy2_cos,The number of companies with a calendarized 2 fiscal year book value per share (BPS) estimation within GICS group grouping.,"{'id': 'analyst15', 'name': 'Earnings forecasts'}","{'id': 'analyst', 'name': 'Analyst'}","{'id': 'analyst-analyst-estimates', 'name': 'Analyst Estimates'}",USA,1,TOP3000,MATRIX,1.0,70,209,1.2,[]
anl15_bps_gr_cal_fy2_ests,The total number of calendarized 2 fiscal year book value per share (BPS) estimation within GICS group grouping.,"{'id': 'analyst15', 'name': 'Earnings forecasts'}","{'id': 'analyst', 'name': 'Analyst'}","{'id': 'analyst-analyst-estimates', 'name': 'Analyst Estimates'}",USA,1,TOP3000,MATRIX,1.0,45,111,1.2,[]
anl15_bps_gr_cal_fy2_gro,The weighted year-over-year growth of book value per share (BPS) estimation for the calendarized 2 fiscal year aggregated within GICS group grouping.,"{'id': 'analyst15', 'name': 'Earnings forecasts'}","{'id': 'analyst', 'name': 'Analyst'}","{'id': 'analyst-analyst-estimates', 'name': 'Analyst Estimates'}",USA,1,TOP3000,MATRIX,1.0,70,856,1.2,[]
anl15_bps_gr_cal_fy2_mean,The weighted average of book value per share (BPS) estimation for the calendarized 2 fiscal year aggregated within GICS group grouping.,"{'id': 'analyst15', 'name': 'Earnings forecasts'}","{'id': 'analyst', 'name': 'Analyst'}","{'id': 'analyst-analyst-estimates', 'name': 'Analyst Estimates'}",USA,1,TOP3000,MATRIX,1.0,51,194,1.2,[]
anl15_bps_gr_cal_fy2_pe,The weighted average price/earnings ratio based on EPS estimation for the calendarized 2 fiscal years aggregated within GICS group grouping.,"{'id': 'analyst15', 'name': 'Earnings forecasts'}","{'id': 'analyst', 'name': 'Analyst'}","{'id': 'analyst-analyst-estimates', 'name': 'Analyst Estimates'}",USA,1,TOP3000,MATRIX,1.0,72,312,1.2,[]
anl15_bps_gr_cal_fy2_st_dev,The weighted average standard deviation of book value per share (BPS) estimation for the calendarized 2 fiscal year aggregated within GICS group grouping.,"{'id': 'analyst15', 'name': 'Earnings forecasts'}","{'id': 'analyst', 'name': 'Analyst'}","{'id': 'analyst-analyst-estimates', 'name': 'Analyst Estimates'}",USA,1,TOP3000,MATRIX,1.0,63,278,1.2,[]
anl15_bps_gr_cal_fy2_total,The total of book value per share (BPS) estimation for the calendarized two fiscal years aggregated within GICS group grouping.,"{'id': 'analyst15', 'name': 'Earnings forecasts'}","{'id': 'analyst', 'name': 'Analyst'}","{'id': 'analyst-analyst-estimates', 'name': 'Analyst Estimates'}",USA,1,TOP3000,MATRIX,1.0,46,116,1.2,[]
anl15_bps_gr_cal_fy3_1m_chg,The weighted 1-month percent change of book value per share (BPS) estimation for the calendarized 3 fiscal years aggregated within GICS group grouping.,"{'id': 'analyst15', 'name': 'Earnings forecasts'}","{'id': 'analyst', 'name': 'Analyst'}","{'id': 'analyst-analyst-estimates', 'name': 'Analyst Estimates'}",USA,1,TOP3000,MATRIX,1.0,94,343,1.2,[]
anl15_bps_gr_cal_fy3_3m_chg,The weighted 3 month percent change of book value per share (BPS) estimation for the calendarized 3 fiscal year aggregated within GICS group grouping.,"{'id': 'analyst15', 'name': 'Earnings forecasts'}","{'id': 'analyst', 'name': 'Analyst'}","{'id': 'analyst-analyst-estimates', 'name': 'Analyst Estimates'}",USA,1,TOP3000,MATRIX,1.0,65,138,1.2,[]
anl15_bps_gr_cal_fy3_6m_chg,The weighted 6-month percent change of book value per share (BPS) estimation for the calendarized 3 fiscal years aggregated within GICS group grouping.,"{'id': 'analyst15', 'name': 'Earnings forecasts'}","{'id': 'analyst', 'name': 'Analyst'}","{'id': 'analyst-analyst-estimates', 'name': 'Analyst Estimates'}",USA,1,TOP3000,MATRIX,0.9909,86,242,1.2,[]
anl15_bps_gr_cal_fy3_cos,The number of companies with a calendarized 3 fiscal year book value per share (BPS) estimation within GICS group grouping.,"{'id': 'analyst15', 'name': 'Earnings forecasts'}","{'id': 'analyst', 'name': 'Analyst'}","{'id': 'analyst-analyst-estimates', 'name': 'Analyst Estimates'}",USA,1,TOP3000,MATRIX,1.0,65,221,1.2,[]
anl15_bps_gr_cal_fy3_ests,The total number of calendarized 3-fiscal-year book value per share (BPS) estimation within GICS group grouping.,"{'id': 'analyst15', 'name': 'Earnings forecasts'}","{'id': 'analyst', 'name': 'Analyst'}","{'id': 'analyst-analyst-estimates', 'name': 'Analyst Estimates'}",USA,1,TOP3000,MATRIX,1.0,70,511,1.2,[]
anl15_bps_gr_cal_fy3_gro,The weighted year-over-year growth of book value per share (BPS) estimation for the calendarized 3 fiscal year aggregated within GICS group grouping.,"{'id': 'analyst15', 'name': 'Earnings forecasts'}","{'id': 'analyst', 'name': 'Analyst'}","{'id': 'analyst-analyst-estimates', 'name': 'Analyst Estimates'}",USA,1,TOP3000,MATRIX,1.0,59,213,1.2,[]
anl15_bps_gr_cal_fy3_mean,The weighted average of book value per share (BPS) estimation for the calendarized 3 fiscal year aggregated within GICS group grouping.,"{'id': 'analyst15', 'name': 'Earnings forecasts'}","{'id': 'analyst', 'name': 'Analyst'}","{'id': 'analyst-analyst-estimates', 'name': 'Analyst Estimates'}",USA,1,TOP3000,MATRIX,1.0,48,165,1.2,[]
anl15_bps_gr_cal_fy3_pe,The weighted average price/earnings ratio based on EPS estimation for the calendarized 3 fiscal years aggregated within GICS group grouping.,"{'id': 'analyst15', 'name': 'Earnings forecasts'}","{'id': 'analyst', 'name': 'Analyst'}","{'id': 'analyst-analyst-estimates', 'name': 'Analyst Estimates'}",USA,1,TOP3000,MATRIX,1.0,62,202,1.2,[]
anl15_bps_gr_cal_fy3_st_dev,The weighted average standard deviation of book value per share (BPS) estimation for the calendarized 3 fiscal years aggregated within GICS group grouping.,"{'id': 'analyst15', 'name': 'Earnings forecasts'}","{'id': 'analyst', 'name': 'Analyst'}","{'id': 'analyst-analyst-estimates', 'name': 'Analyst Estimates'}",USA,1,TOP3000,MATRIX,0.9946,62,123,1.2,[]
anl15_bps_gr_cal_fy3_total,The total of book value per share (BPS) estimation for the calendarized 3 fiscal years aggregated within GICS group grouping.,"{'id': 'analyst15', 'name': 'Earnings forecasts'}","{'id': 'analyst', 'name': 'Analyst'}","{'id': 'analyst-analyst-estimates', 'name': 'Analyst Estimates'}",USA,1,TOP3000,MATRIX,1.0,37,98,1.2,[]
anl15_bps_gr_fy1_cos_dn,The number of companies for which book value per share (BPS) estimation for the calendarized 1 fiscal year has been lowered from last month within GICS group grouping.,"{'id': 'analyst15', 'name': 'Earnings forecasts'}","{'id': 'analyst', 'name': 'Analyst'}","{'id': 'analyst-analyst-estimates', 'name': 'Analyst Estimates'}",USA,1,TOP3000,MATRIX,1.0,70,148,1.2,[]
anl15_bps_gr_fy1_cos_up,The number of companies for which book value per share (BPS) estimation for the calendarized 1 fiscal year has been raised from last month within GICS group grouping.,"{'id': 'analyst15', 'name': 'Earnings forecasts'}","{'id': 'analyst', 'name': 'Analyst'}","{'id': 'analyst-analyst-estimates', 'name': 'Analyst Estimates'}",USA,1,TOP3000,MATRIX,1.0,61,146,1.2,[]
anl15_bps_gr_fy1_ests_dn,"Count of unique IDs of industry participants. Industry stands for an aggregate view of all  equity clearance activity for the date, symbol, and transaction type in question.","{'id': 'analyst15', 'name': 'Earnings forecasts'}","{'id': 'analyst', 'name': 'Analyst'}","{'id': 'analyst-analyst-estimates', 'name': 'Analyst Estimates'}",USA,1,TOP3000,MATRIX,1.0,75,184,1.2,[]
anl15_bps_gr_fy1_ests_up,"Count of unique IDs of industry participants. Industry stands for an aggregate view of all  equity clearance activity for the date, symbol, and transaction type in question.","{'id': 'analyst15', 'name': 'Earnings forecasts'}","{'id': 'analyst', 'name': 'Analyst'}","{'id': 'analyst-analyst-estimates', 'name': 'Analyst Estimates'}",USA,1,TOP3000,MATRIX,1.0,56,125,1.2,[]
anl15_bps_gr_fy2_cos_dn,The number of companies for which book value per share (BPS) estimation for the calendarized 2 fiscal year has been lowered from last month within GICS group grouping.,"{'id': 'analyst15', 'name': 'Earnings forecasts'}","{'id': 'analyst', 'name': 'Analyst'}","{'id': 'analyst-analyst-estimates', 'name': 'Analyst Estimates'}",USA,1,TOP3000,MATRIX,1.0,60,147,1.2,[]
anl15_bps_gr_fy2_cos_up,The number of companies for which book value per share (BPS) estimation for the calendarized 2 fiscal years has been raised from last month within GICS group grouping.,"{'id': 'analyst15', 'name': 'Earnings forecasts'}","{'id': 'analyst', 'name': 'Analyst'}","{'id': 'analyst-analyst-estimates', 'name': 'Analyst Estimates'}",USA,1,TOP3000,MATRIX,1.0,56,125,1.2,[]
anl15_bps_gr_fy2_ests_dn,"Count of unique IDs of industry participants. Industry stands for an aggregate view of all  equity clearance activity for the date, symbol, and transaction type in question.","{'id': 'analyst15', 'name': 'Earnings forecasts'}","{'id': 'analyst', 'name': 'Analyst'}","{'id': 'analyst-analyst-estimates', 'name': 'Analyst Estimates'}",USA,1,TOP3000,MATRIX,1.0,46,113,1.2,[]
anl15_bps_gr_fy2_ests_up,"Count of unique IDs of industry participants. Industry stands for an aggregate view of all  equity clearance activity for the date, symbol, and transaction type in question.","{'id': 'analyst15', 'name': 'Earnings forecasts'}","{'id': 'analyst', 'name': 'Analyst'}","{'id': 'analyst-analyst-estimates', 'name': 'Analyst Estimates'}",USA,1,TOP3000,MATRIX,1.0,63,437,1.2,[]
anl15_bps_gr_fy3_cos_dn,The number of companies for which book value per share (BPS) estimation for the calendarized 3 fiscal year has been lowered from last month within GICS group grouping.,"{'id': 'analyst15', 'name': 'Earnings forecasts'}","{'id': 'analyst', 'name': 'Analyst'}","{'id': 'analyst-analyst-estimates', 'name': 'Analyst Estimates'}",USA,1,TOP3000,MATRIX,1.0,54,124,1.2,[]
anl15_bps_gr_fy3_cos_up,The number of companies for which book value per share (BPS) estimation for the calendarized 3 fiscal years has been raised from last month within GICS group grouping.,"{'id': 'analyst15', 'name': 'Earnings forecasts'}","{'id': 'analyst', 'name': 'Analyst'}","{'id': 'analyst-analyst-estimates', 'name': 'Analyst Estimates'}",USA,1,TOP3000,MATRIX,1.0,47,77,1.2,[]
anl15_bps_gr_fy3_ests_dn,"Count of unique IDs of industry participants. Industry stands for an aggregate view of all  equity clearance activity for the date, symbol, and transaction type in question.","{'id': 'analyst15', 'name': 'Earnings forecasts'}","{'id': 'analyst', 'name': 'Analyst'}","{'id': 'analyst-analyst-estimates', 'name': 'Analyst Estimates'}",USA,1,TOP3000,MATRIX,1.0,56,129,1.2,[]
anl15_bps_gr_fy3_ests_up,"Count of unique IDs of industry participants. Industry stands for an aggregate view of all  equity clearance activity for the date, symbol, and transaction type in question.","{'id': 'analyst15', 'name': 'Earnings forecasts'}","{'id': 'analyst', 'name': 'Analyst'}","{'id': 'analyst-analyst-estimates', 'name': 'Analyst Estimates'}",USA,1,TOP3000,MATRIX,0.9977,43,327,1.2,[]
anl15_bps_ind_12_m_1m_chg,The weighted one-month percent change of 12-month forward book value per share (BPS) estimation aggregated within GICS industry grouping.,"{'id': 'analyst15', 'name': 'Earnings forecasts'}","{'id': 'analyst', 'name': 'Analyst'}","{'id': 'analyst-analyst-estimates', 'name': 'Analyst Estimates'}",USA,1,TOP3000,MATRIX,0.9884,60,442,1.2,[]
anl15_bps_ind_12_m_3m_chg,The weighted 3-month percent change of 12-month forward book value per share (BPS) estimation aggregated within GICS industry grouping.,"{'id': 'analyst15', 'name': 'Earnings forecasts'}","{'id': 'analyst', 'name': 'Analyst'}","{'id': 'analyst-analyst-estimates', 'name': 'Analyst Estimates'}",USA,1,TOP3000,MATRIX,0.989,36,101,1.2,[]
anl15_bps_ind_12_m_6m_chg,The weighted 6-month percent change of 12-month forward book value per share (BPS) estimation aggregated within GICS industry grouping.,"{'id': 'analyst15', 'name': 'Earnings forecasts'}","{'id': 'analyst', 'name': 'Analyst'}","{'id': 'analyst-analyst-estimates', 'name': 'Analyst Estimates'}",USA,1,TOP3000,MATRIX,0.9891,38,81,1.2,[]
anl15_bps_ind_12_m_cos,The number of companies with a 12-month forward mean book value per share (BPS) estimation within GICS industry grouping.,"{'id': 'analyst15', 'name': 'Earnings forecasts'}","{'id': 'analyst', 'name': 'Analyst'}","{'id': 'analyst-analyst-estimates', 'name': 'Analyst Estimates'}",USA,1,TOP3000,MATRIX,0.9911,92,297,1.2,[]
anl15_bps_ind_12_m_cos_dn,The number of companies for which 12-month forward mean book value per share (BPS) estimation has been lowered from last month within GICS industry grouping.,"{'id': 'analyst15', 'name': 'Earnings forecasts'}","{'id': 'analyst', 'name': 'Analyst'}","{'id': 'analyst-analyst-estimates', 'name': 'Analyst Estimates'}",USA,1,TOP3000,MATRIX,0.984,48,87,1.2,[]
anl15_bps_ind_12_m_cos_up,The number of companies for which 12-month forward mean book value per share (BPS) estimation has been raised from last month within GICS industry grouping.,"{'id': 'analyst15', 'name': 'Earnings forecasts'}","{'id': 'analyst', 'name': 'Analyst'}","{'id': 'analyst-analyst-estimates', 'name': 'Analyst Estimates'}",USA,1,TOP3000,MATRIX,0.9787,53,84,1.2,[]
anl15_bps_ind_12_m_ests,The 12-month forward pro-rated total number of estimates within GICS industry grouping.,"{'id': 'analyst15', 'name': 'Earnings forecasts'}","{'id': 'analyst', 'name': 'Analyst'}","{'id': 'analyst-analyst-estimates', 'name': 'Analyst Estimates'}",USA,1,TOP3000,MATRIX,0.9907,99,269,1.2,[]
anl15_bps_ind_12_m_ests_dn,"Count of unique IDs of industry participants. Industry stands for an aggregate view of all  equity clearance activity for the date, symbol, and transaction type in question.","{'id': 'analyst15', 'name': 'Earnings forecasts'}","{'id': 'analyst', 'name': 'Analyst'}","{'id': 'analyst-analyst-estimates', 'name': 'Analyst Estimates'}",USA,1,TOP3000,MATRIX,0.9606,68,272,1.2,[]
anl15_bps_ind_12_m_ests_up,"Count of unique IDs of industry participants. Industry stands for an aggregate view of all  equity clearance activity for the date, symbol, and transaction type in question.","{'id': 'analyst15', 'name': 'Earnings forecasts'}","{'id': 'analyst', 'name': 'Analyst'}","{'id': 'analyst-analyst-estimates', 'name': 'Analyst Estimates'}",USA,1,TOP3000,MATRIX,0.953,26,46,1.2,[]
anl15_bps_ind_12_m_gro,The weighted 12-month forward year-over-year growth of book value per share (BPS) estimation aggregated within GICS industry grouping.,"{'id': 'analyst15', 'name': 'Earnings forecasts'}","{'id': 'analyst', 'name': 'Analyst'}","{'id': 'analyst-analyst-estimates', 'name': 'Analyst Estimates'}",USA,1,TOP3000,MATRIX,0.9896,78,207,1.2,[]
anl15_bps_ind_12_m_mean,The weighted average of 12-month forward book value per share (BPS) estimation aggregated within GICS industry grouping.,"{'id': 'analyst15', 'name': 'Earnings forecasts'}","{'id': 'analyst', 'name': 'Analyst'}","{'id': 'analyst-analyst-estimates', 'name': 'Analyst Estimates'}",USA,1,TOP3000,MATRIX,0.9911,44,126,1.2,[]
anl15_bps_ind_12_m_pe,The weighted average price/earnings ratio based on 12-month forward EPS estimation aggregated within GICS industry grouping.,"{'id': 'analyst15', 'name': 'Earnings forecasts'}","{'id': 'analyst', 'name': 'Analyst'}","{'id': 'analyst-analyst-estimates', 'name': 'Analyst Estimates'}",USA,1,TOP3000,MATRIX,0.99,60,130,1.2,[]
anl15_bps_ind_12_m_st_dev,The weighted average standard deviation of 12-month forward book value per share (BPS) estimation aggregated within GICS industry grouping.,"{'id': 'analyst15', 'name': 'Earnings forecasts'}","{'id': 'analyst', 'name': 'Analyst'}","{'id': 'analyst-analyst-estimates', 'name': 'Analyst Estimates'}",USA,1,TOP3000,MATRIX,0.9874,49,127,1.2,[]
anl15_bps_ind_12_m_total,The total of 12-month forward book value per share (BPS) estimation aggregated within GICS industry grouping.,"{'id': 'analyst15', 'name': 'Earnings forecasts'}","{'id': 'analyst', 'name': 'Analyst'}","{'id': 'analyst-analyst-estimates', 'name': 'Analyst Estimates'}",USA,1,TOP3000,MATRIX,0.9911,67,114,1.2,[]
anl15_bps_ind_12_m_tr_mean,The weighted average of 12-month trailing book value per share (BPS) aggregated within GICS industry grouping.,"{'id': 'analyst15', 'name': 'Earnings forecasts'}","{'id': 'analyst', 'name': 'Analyst'}","{'id': 'analyst-analyst-estimates', 'name': 'Analyst Estimates'}",USA,1,TOP3000,MATRIX,0.9919,36,73,1.2,[]
anl15_bps_ind_18_m_1m_chg,The weighted 1-month percent change of 18-month forward book value per share (BPS) estimation aggregated within GICS industry grouping.,"{'id': 'analyst15', 'name': 'Earnings forecasts'}","{'id': 'analyst', 'name': 'Analyst'}","{'id': 'analyst-analyst-estimates', 'name': 'Analyst Estimates'}",USA,1,TOP3000,MATRIX,0.9864,29,122,1.2,[]
anl15_bps_ind_18_m_3m_chg,The weighted 3-month percent change of 18-month forward book value per share (BPS) estimation aggregated within GICS industry grouping.,"{'id': 'analyst15', 'name': 'Earnings forecasts'}","{'id': 'analyst', 'name': 'Analyst'}","{'id': 'analyst-analyst-estimates', 'name': 'Analyst Estimates'}",USA,1,TOP3000,MATRIX,0.9873,32,45,1.2,[]
anl15_bps_ind_18_m_6m_chg,The weighted 6-month percent change of 18-month forward book value per share (BPS) estimation aggregated within GICS industry grouping.,"{'id': 'analyst15', 'name': 'Earnings forecasts'}","{'id': 'analyst', 'name': 'Analyst'}","{'id': 'analyst-analyst-estimates', 'name': 'Analyst Estimates'}",USA,1,TOP3000,MATRIX,0.9889,46,127,1.2,[]
anl15_bps_ind_18_m_cos,The number of companies with an 18-month forward mean book value per share (BPS) estimation within GICS industry grouping.,"{'id': 'analyst15', 'name': 'Earnings forecasts'}","{'id': 'analyst', 'name': 'Analyst'}","{'id': 'analyst-analyst-estimates', 'name': 'Analyst Estimates'}",USA,1,TOP3000,MATRIX,0.9899,60,517,1.2,[]
anl15_bps_ind_18_m_cos_dn,The number of companies for which 18-month forward mean book value per share (BPS) estimation has been lowered from last month within GICS industry grouping.,"{'id': 'analyst15', 'name': 'Earnings forecasts'}","{'id': 'analyst', 'name': 'Analyst'}","{'id': 'analyst-analyst-estimates', 'name': 'Analyst Estimates'}",USA,1,TOP3000,MATRIX,0.9794,47,103,1.2,[]
anl15_bps_ind_18_m_cos_up,The number of companies for which 18-month forward mean book value per share (BPS) estimation has been raised from last month within GICS industry grouping.,"{'id': 'analyst15', 'name': 'Earnings forecasts'}","{'id': 'analyst', 'name': 'Analyst'}","{'id': 'analyst-analyst-estimates', 'name': 'Analyst Estimates'}",USA,1,TOP3000,MATRIX,0.9762,43,79,1.2,[]
anl15_bps_ind_18_m_ests,The 18-month forward pro-rated total number of estimates within GICS industry grouping.,"{'id': 'analyst15', 'name': 'Earnings forecasts'}","{'id': 'analyst', 'name': 'Analyst'}","{'id': 'analyst-analyst-estimates', 'name': 'Analyst Estimates'}",USA,1,TOP3000,MATRIX,0.9893,60,129,1.2,[]
anl15_bps_ind_18_m_ests_dn,"Count of unique IDs of industry participants. Industry stands for an aggregate view of all  equity clearance activity for the date, symbol, and transaction type in question.","{'id': 'analyst15', 'name': 'Earnings forecasts'}","{'id': 'analyst', 'name': 'Analyst'}","{'id': 'analyst-analyst-estimates', 'name': 'Analyst Estimates'}",USA,1,TOP3000,MATRIX,0.9509,49,114,1.2,[]
anl15_bps_ind_18_m_ests_up,"Count of unique IDs of industry participants. Industry stands for an aggregate view of all  equity clearance activity for the date, symbol, and transaction type in question.","{'id': 'analyst15', 'name': 'Earnings forecasts'}","{'id': 'analyst', 'name': 'Analyst'}","{'id': 'analyst-analyst-estimates', 'name': 'Analyst Estimates'}",USA,1,TOP3000,MATRIX,0.9437,54,145,1.2,[]
anl15_bps_ind_18_m_gro,The weighted 18-month forward year-over-year growth of book value per share (BPS) estimation aggregated within GICS industry grouping.,"{'id': 'analyst15', 'name': 'Earnings forecasts'}","{'id': 'analyst', 'name': 'Analyst'}","{'id': 'analyst-analyst-estimates', 'name': 'Analyst Estimates'}",USA,1,TOP3000,MATRIX,0.9885,45,221,1.2,[]
anl15_bps_ind_18_m_mean,The weighted average of 18-month forward book value per share (BPS) estimation aggregated within GICS industry grouping.,"{'id': 'analyst15', 'name': 'Earnings forecasts'}","{'id': 'analyst', 'name': 'Analyst'}","{'id': 'analyst-analyst-estimates', 'name': 'Analyst Estimates'}",USA,1,TOP3000,MATRIX,0.9899,40,409,1.2,[]
anl15_bps_ind_18_m_pe,The weighted average price/earnings ratio based on 18-month forward EPS estimation aggregated within GICS industry grouping.,"{'id': 'analyst15', 'name': 'Earnings forecasts'}","{'id': 'analyst', 'name': 'Analyst'}","{'id': 'analyst-analyst-estimates', 'name': 'Analyst Estimates'}",USA,1,TOP3000,MATRIX,0.9888,79,179,1.2,[]
anl15_bps_ind_18_m_st_dev,The weighted average standard deviation of 18-month forward book value per share (BPS) estimation aggregated within GICS industry grouping.,"{'id': 'analyst15', 'name': 'Earnings forecasts'}","{'id': 'analyst', 'name': 'Analyst'}","{'id': 'analyst-analyst-estimates', 'name': 'Analyst Estimates'}",USA,1,TOP3000,MATRIX,0.9853,31,51,1.2,[]
anl15_bps_ind_18_m_total,The total of 18-month forward book value per share (BPS) estimation aggregated within GICS industry grouping.,"{'id': 'analyst15', 'name': 'Earnings forecasts'}","{'id': 'analyst', 'name': 'Analyst'}","{'id': 'analyst-analyst-estimates', 'name': 'Analyst Estimates'}",USA,1,TOP3000,MATRIX,0.9899,84,577,1.2,[]
anl15_bps_ind_cal_fy0_gro,The weighted year-over-year growth of book value per share (BPS) estimation for the current calendarized fiscal year aggregated within GICS industry grouping.,"{'id': 'analyst15', 'name': 'Earnings forecasts'}","{'id': 'analyst', 'name': 'Analyst'}","{'id': 'analyst-analyst-estimates', 'name': 'Analyst Estimates'}",USA,1,TOP3000,MATRIX,0.9758,63,182,1.2,[]
anl15_bps_ind_cal_fy0_pe,The weighted average price/earnings ratio based on EPS estimation for the current calendarized fiscal year aggregated within GICS industry grouping.,"{'id': 'analyst15', 'name': 'Earnings forecasts'}","{'id': 'analyst', 'name': 'Analyst'}","{'id': 'analyst-analyst-estimates', 'name': 'Analyst Estimates'}",USA,1,TOP3000,MATRIX,0.9904,59,209,1.2,[]
anl15_bps_ind_cal_fy0_total,The total of book value per share (BPS) estimation for the current calendarized fiscal year aggregated within GICS industry grouping.,"{'id': 'analyst15', 'name': 'Earnings forecasts'}","{'id': 'analyst', 'name': 'Analyst'}","{'id': 'analyst-analyst-estimates', 'name': 'Analyst Estimates'}",USA,1,TOP3000,MATRIX,0.9917,82,211,1.2,[]
anl15_bps_ind_cal_fy0_val,The weighted average of book value per share (BPS) estimation for the current calendarized fiscal year aggregated within GICS industry grouping.,"{'id': 'analyst15', 'name': 'Earnings forecasts'}","{'id': 'analyst', 'name': 'Analyst'}","{'id': 'analyst-analyst-estimates', 'name': 'Analyst Estimates'}",USA,1,TOP3000,MATRIX,0.9917,37,73,1.2,[]
anl15_bps_ind_cal_fy1_1m_chg,The weighted 1-month percent change of book value per share (BPS) estimation for the calendarized 1 fiscal year aggregated within GICS industry grouping.,"{'id': 'analyst15', 'name': 'Earnings forecasts'}","{'id': 'analyst', 'name': 'Analyst'}","{'id': 'analyst-analyst-estimates', 'name': 'Analyst Estimates'}",USA,1,TOP3000,MATRIX,0.9878,33,137,1.2,[]
anl15_bps_ind_cal_fy1_3m_chg,The weighted 3-month percent change of book value per share (BPS) estimation for the calendarized 1 fiscal year aggregated within GICS industry grouping.,"{'id': 'analyst15', 'name': 'Earnings forecasts'}","{'id': 'analyst', 'name': 'Analyst'}","{'id': 'analyst-analyst-estimates', 'name': 'Analyst Estimates'}",USA,1,TOP3000,MATRIX,0.9891,32,122,1.2,[]
anl15_bps_ind_cal_fy1_6m_chg,The weighted 6-month percent change of book value per share (BPS) estimation for the calendarized 1 fiscal year aggregated within GICS industry grouping.,"{'id': 'analyst15', 'name': 'Earnings forecasts'}","{'id': 'analyst', 'name': 'Analyst'}","{'id': 'analyst-analyst-estimates', 'name': 'Analyst Estimates'}",USA,1,TOP3000,MATRIX,0.9893,44,83,1.2,[]
anl15_bps_ind_cal_fy1_cos,The number of companies with a calendarized 1 fiscal year book value per share (BPS) estimation within GICS industry grouping.,"{'id': 'analyst15', 'name': 'Earnings forecasts'}","{'id': 'analyst', 'name': 'Analyst'}","{'id': 'analyst-analyst-estimates', 'name': 'Analyst Estimates'}",USA,1,TOP3000,MATRIX,0.992,47,114,1.2,[]
anl15_bps_ind_cal_fy1_ests,The total number of calendarized 1 fiscal year book value per share (BPS) estimation within GICS industry grouping.,"{'id': 'analyst15', 'name': 'Earnings forecasts'}","{'id': 'analyst', 'name': 'Analyst'}","{'id': 'analyst-analyst-estimates', 'name': 'Analyst Estimates'}",USA,1,TOP3000,MATRIX,0.9918,30,46,1.2,[]
anl15_bps_ind_cal_fy1_gro,The weighted year-over-year growth of book value per share (BPS) estimation for the calendarized 1 fiscal year aggregated within GICS industry grouping.,"{'id': 'analyst15', 'name': 'Earnings forecasts'}","{'id': 'analyst', 'name': 'Analyst'}","{'id': 'analyst-analyst-estimates', 'name': 'Analyst Estimates'}",USA,1,TOP3000,MATRIX,0.9884,35,79,1.2,[]
anl15_bps_ind_cal_fy1_mean,The weighted average of book value per share (BPS) estimation for the calendarized 1 fiscal year aggregated within GICS industry grouping.,"{'id': 'analyst15', 'name': 'Earnings forecasts'}","{'id': 'analyst', 'name': 'Analyst'}","{'id': 'analyst-analyst-estimates', 'name': 'Analyst Estimates'}",USA,1,TOP3000,MATRIX,0.992,39,98,1.2,[]
anl15_bps_ind_cal_fy1_pe,The weighted average price/earnings ratio based on EPS estimation for the calendarized one fiscal year aggregated within GICS industry grouping.,"{'id': 'analyst15', 'name': 'Earnings forecasts'}","{'id': 'analyst', 'name': 'Analyst'}","{'id': 'analyst-analyst-estimates', 'name': 'Analyst Estimates'}",USA,1,TOP3000,MATRIX,0.9905,52,81,1.2,[]
anl15_bps_ind_cal_fy1_st_dev,The weighted average standard deviation of book value per share (BPS) estimation for the calendarized 1 fiscal year aggregated within GICS industry grouping.,"{'id': 'analyst15', 'name': 'Earnings forecasts'}","{'id': 'analyst', 'name': 'Analyst'}","{'id': 'analyst-analyst-estimates', 'name': 'Analyst Estimates'}",USA,1,TOP3000,MATRIX,0.9873,28,48,1.2,[]
anl15_bps_ind_cal_fy1_total,The total of book value per share (BPS) estimation for the calendarized 1 fiscal year aggregated within GICS industry grouping.,"{'id': 'analyst15', 'name': 'Earnings forecasts'}","{'id': 'analyst', 'name': 'Analyst'}","{'id': 'analyst-analyst-estimates', 'name': 'Analyst Estimates'}",USA,1,TOP3000,MATRIX,0.992,47,96,1.2,[]
anl15_bps_ind_cal_fy2_1m_chg,The weighted 1-month percent change of book value per share (BPS) estimation for the calendarized 2 fiscal years aggregated within GICS industry grouping.,"{'id': 'analyst15', 'name': 'Earnings forecasts'}","{'id': 'analyst', 'name': 'Analyst'}","{'id': 'analyst-analyst-estimates', 'name': 'Analyst Estimates'}",USA,1,TOP3000,MATRIX,0.9878,29,43,1.2,[]
anl15_bps_ind_cal_fy2_3m_chg,The weighted 3-month percent change of book value per share (BPS) estimation for the calendarized 2 fiscal year aggregated within GICS industry grouping.,"{'id': 'analyst15', 'name': 'Earnings forecasts'}","{'id': 'analyst', 'name': 'Analyst'}","{'id': 'analyst-analyst-estimates', 'name': 'Analyst Estimates'}",USA,1,TOP3000,MATRIX,0.9882,28,64,1.2,[]
anl15_bps_ind_cal_fy2_6m_chg,The weighted 6-month percent change of book value per share (BPS) estimation for the calendarized 2 fiscal years aggregated within GICS industry grouping.,"{'id': 'analyst15', 'name': 'Earnings forecasts'}","{'id': 'analyst', 'name': 'Analyst'}","{'id': 'analyst-analyst-estimates', 'name': 'Analyst Estimates'}",USA,1,TOP3000,MATRIX,0.9872,28,51,1.2,[]
anl15_bps_ind_cal_fy2_cos,The number of companies with a calendarized 2 fiscal years book value per share (BPS) estimation within GICS industry grouping.,"{'id': 'analyst15', 'name': 'Earnings forecasts'}","{'id': 'analyst', 'name': 'Analyst'}","{'id': 'analyst-analyst-estimates', 'name': 'Analyst Estimates'}",USA,1,TOP3000,MATRIX,0.9914,83,365,1.2,[]
anl15_bps_ind_cal_fy2_ests,The total number of calendarized 2 fiscal year book value per share (BPS) estimation within GICS industry grouping.,"{'id': 'analyst15', 'name': 'Earnings forecasts'}","{'id': 'analyst', 'name': 'Analyst'}","{'id': 'analyst-analyst-estimates', 'name': 'Analyst Estimates'}",USA,1,TOP3000,MATRIX,0.9914,67,162,1.2,[]
anl15_bps_ind_cal_fy2_gro,The weighted year-over-year growth of book value per share (BPS) estimation for the calendarized two fiscal years aggregated within GICS industry grouping.,"{'id': 'analyst15', 'name': 'Earnings forecasts'}","{'id': 'analyst', 'name': 'Analyst'}","{'id': 'analyst-analyst-estimates', 'name': 'Analyst Estimates'}",USA,1,TOP3000,MATRIX,0.9898,55,108,1.2,[]
anl15_bps_ind_cal_fy2_mean,The weighted average of book value per share (BPS) estimation for the calendarized two fiscal year aggregated within GICS industry grouping.,"{'id': 'analyst15', 'name': 'Earnings forecasts'}","{'id': 'analyst', 'name': 'Analyst'}","{'id': 'analyst-analyst-estimates', 'name': 'Analyst Estimates'}",USA,1,TOP3000,MATRIX,0.9914,17,30,1.2,[]
anl15_bps_ind_cal_fy2_pe,The weighted average price/earnings ratio based on EPS estimation for the calendarized 2 fiscal years aggregated within GICS industry grouping.,"{'id': 'analyst15', 'name': 'Earnings forecasts'}","{'id': 'analyst', 'name': 'Analyst'}","{'id': 'analyst-analyst-estimates', 'name': 'Analyst Estimates'}",USA,1,TOP3000,MATRIX,0.9904,67,196,1.2,[]
anl15_bps_ind_cal_fy2_st_dev,The weighted average standard deviation of book value per share (BPS) estimation for the calendarized 2 fiscal years aggregated within GICS industry grouping.,"{'id': 'analyst15', 'name': 'Earnings forecasts'}","{'id': 'analyst', 'name': 'Analyst'}","{'id': 'analyst-analyst-estimates', 'name': 'Analyst Estimates'}",USA,1,TOP3000,MATRIX,0.9851,43,67,1.2,[]
anl15_bps_ind_cal_fy2_total,The total of book value per share (BPS) estimation for the calendarized 2 fiscal years aggregated within GICS industry grouping.,"{'id': 'analyst15', 'name': 'Earnings forecasts'}","{'id': 'analyst', 'name': 'Analyst'}","{'id': 'analyst-analyst-estimates', 'name': 'Analyst Estimates'}",USA,1,TOP3000,MATRIX,0.9914,48,162,1.2,[]
anl15_bps_ind_cal_fy3_1m_chg,The weighted 1-month percent change of book value per share (BPS) estimation for the calendarized 3 fiscal years aggregated within GICS industry grouping.,"{'id': 'analyst15', 'name': 'Earnings forecasts'}","{'id': 'analyst', 'name': 'Analyst'}","{'id': 'analyst-analyst-estimates', 'name': 'Analyst Estimates'}",USA,1,TOP3000,MATRIX,0.9724,27,97,1.2,[]
anl15_bps_ind_cal_fy3_3m_chg,The weighted 3-month percent change of book value per share (BPS) estimation for the calendarized 3 fiscal years aggregated within GICS industry grouping.,"{'id': 'analyst15', 'name': 'Earnings forecasts'}","{'id': 'analyst', 'name': 'Analyst'}","{'id': 'analyst-analyst-estimates', 'name': 'Analyst Estimates'}",USA,1,TOP3000,MATRIX,0.9672,26,175,1.2,[]
anl15_bps_ind_cal_fy3_6m_chg,The weighted 6-month percent change of book value per share (BPS) estimation for the calendarized 3 fiscal year aggregated within GICS industry grouping.,"{'id': 'analyst15', 'name': 'Earnings forecasts'}","{'id': 'analyst', 'name': 'Analyst'}","{'id': 'analyst-analyst-estimates', 'name': 'Analyst Estimates'}",USA,1,TOP3000,MATRIX,0.9339,31,63,1.2,[]
anl15_bps_ind_cal_fy3_cos,The number of companies with a calendarized 3 fiscal year book value per share (BPS) estimation within GICS industry grouping.,"{'id': 'analyst15', 'name': 'Earnings forecasts'}","{'id': 'analyst', 'name': 'Analyst'}","{'id': 'analyst-analyst-estimates', 'name': 'Analyst Estimates'}",USA,1,TOP3000,MATRIX,0.9853,58,120,1.2,[]
anl15_bps_ind_cal_fy3_ests,The total number of calendarized 3 fiscal year book value per share (BPS) estimations within GICS industry grouping.,"{'id': 'analyst15', 'name': 'Earnings forecasts'}","{'id': 'analyst', 'name': 'Analyst'}","{'id': 'analyst-analyst-estimates', 'name': 'Analyst Estimates'}",USA,1,TOP3000,MATRIX,0.9853,49,280,1.2,[]
anl15_bps_ind_cal_fy3_gro,The weighted year-over-year growth of book value per share (BPS) estimation for the calendarized 3 fiscal years aggregated within GICS industry grouping.,"{'id': 'analyst15', 'name': 'Earnings forecasts'}","{'id': 'analyst', 'name': 'Analyst'}","{'id': 'analyst-analyst-estimates', 'name': 'Analyst Estimates'}",USA,1,TOP3000,MATRIX,0.9843,50,149,1.2,[]
anl15_bps_ind_cal_fy3_mean,The weighted average of book value per share (BPS) estimation for the calendarized 3 fiscal years aggregated within GICS industry grouping.,"{'id': 'analyst15', 'name': 'Earnings forecasts'}","{'id': 'analyst', 'name': 'Analyst'}","{'id': 'analyst-analyst-estimates', 'name': 'Analyst Estimates'}",USA,1,TOP3000,MATRIX,0.9853,27,54,1.2,[]
anl15_bps_ind_cal_fy3_pe,The weighted average price/earnings ratio based on EPS estimation for the calendarized 3 fiscal year aggregated within GICS industry grouping.,"{'id': 'analyst15', 'name': 'Earnings forecasts'}","{'id': 'analyst', 'name': 'Analyst'}","{'id': 'analyst-analyst-estimates', 'name': 'Analyst Estimates'}",USA,1,TOP3000,MATRIX,0.9834,49,191,1.2,[]
anl15_bps_ind_cal_fy3_st_dev,The weighted average standard deviation of book value per share (BPS) estimation for the calendarized 3 fiscal years aggregated within GICS industry grouping.,"{'id': 'analyst15', 'name': 'Earnings forecasts'}","{'id': 'analyst', 'name': 'Analyst'}","{'id': 'analyst-analyst-estimates', 'name': 'Analyst Estimates'}",USA,1,TOP3000,MATRIX,0.9467,58,105,1.2,[]
anl15_bps_ind_cal_fy3_total,The total of book value per share (BPS) estimation for the calendarized 3 fiscal year aggregated within GICS industry grouping.,"{'id': 'analyst15', 'name': 'Earnings forecasts'}","{'id': 'analyst', 'name': 'Analyst'}","{'id': 'analyst-analyst-estimates', 'name': 'Analyst Estimates'}",USA,1,TOP3000,MATRIX,0.9853,39,67,1.2,[]
anl15_bps_ind_fy1_cos_dn,The number of companies for which book value per share (BPS) estimation for the calendarized 1 fiscal year has been lowered from last month within GICS industry grouping.,"{'id': 'analyst15', 'name': 'Earnings forecasts'}","{'id': 'analyst', 'name': 'Analyst'}","{'id': 'analyst-analyst-estimates', 'name': 'Analyst Estimates'}",USA,1,TOP3000,MATRIX,0.9821,32,99,1.2,[]
anl15_bps_ind_fy1_cos_up,The number of companies for which book value per share (BPS) estimation for the calendarized 1 fiscal year has been raised from last month within GICS industry grouping.,"{'id': 'analyst15', 'name': 'Earnings forecasts'}","{'id': 'analyst', 'name': 'Analyst'}","{'id': 'analyst-analyst-estimates', 'name': 'Analyst Estimates'}",USA,1,TOP3000,MATRIX,0.9766,39,69,1.2,[]
anl15_bps_ind_fy1_ests_dn,"Count of unique IDs of industry participants. Industry stands for an aggregate view of all  equity clearance activity for the date, symbol, and transaction type in question.","{'id': 'analyst15', 'name': 'Earnings forecasts'}","{'id': 'analyst', 'name': 'Analyst'}","{'id': 'analyst-analyst-estimates', 'name': 'Analyst Estimates'}",USA,1,TOP3000,MATRIX,0.9797,45,109,1.2,[]
anl15_bps_ind_fy1_ests_up,"Count of unique IDs of industry participants. Industry stands for an aggregate view of all  equity clearance activity for the date, symbol, and transaction type in question.","{'id': 'analyst15', 'name': 'Earnings forecasts'}","{'id': 'analyst', 'name': 'Analyst'}","{'id': 'analyst-analyst-estimates', 'name': 'Analyst Estimates'}",USA,1,TOP3000,MATRIX,0.9751,51,212,1.2,[]
anl15_bps_ind_fy2_cos_dn,The number of companies for which book value per share (BPS) estimation for the calendarized 2 fiscal years has been lowered from last month within GICS industry grouping.,"{'id': 'analyst15', 'name': 'Earnings forecasts'}","{'id': 'analyst', 'name': 'Analyst'}","{'id': 'analyst-analyst-estimates', 'name': 'Analyst Estimates'}",USA,1,TOP3000,MATRIX,0.9833,35,89,1.2,[]
anl15_bps_ind_fy2_cos_up,The number of companies for which book value per share (BPS) estimation for the calendarized 2 fiscal year has been raised from last month within GICS industry grouping.,"{'id': 'analyst15', 'name': 'Earnings forecasts'}","{'id': 'analyst', 'name': 'Analyst'}","{'id': 'analyst-analyst-estimates', 'name': 'Analyst Estimates'}",USA,1,TOP3000,MATRIX,0.9767,21,45,1.2,[]
anl15_bps_ind_fy2_ests_dn,"Count of unique IDs of industry participants. Industry stands for an aggregate view of all  equity clearance activity for the date, symbol, and transaction type in question.","{'id': 'analyst15', 'name': 'Earnings forecasts'}","{'id': 'analyst', 'name': 'Analyst'}","{'id': 'analyst-analyst-estimates', 'name': 'Analyst Estimates'}",USA,1,TOP3000,MATRIX,0.9803,37,70,1.2,[]
anl15_bps_ind_fy2_ests_up,"Count of unique IDs of industry participants. Industry stands for an aggregate view of all  equity clearance activity for the date, symbol, and transaction type in question.","{'id': 'analyst15', 'name': 'Earnings forecasts'}","{'id': 'analyst', 'name': 'Analyst'}","{'id': 'analyst-analyst-estimates', 'name': 'Analyst Estimates'}",USA,1,TOP3000,MATRIX,0.9769,25,45,1.2,[]
anl15_bps_ind_fy3_cos_dn,The number of companies for which book value per share (BPS) estimation for the calendarized 3 fiscal year has been lowered from last month within GICS industry grouping.,"{'id': 'analyst15', 'name': 'Earnings forecasts'}","{'id': 'analyst', 'name': 'Analyst'}","{'id': 'analyst-analyst-estimates', 'name': 'Analyst Estimates'}",USA,1,TOP3000,MATRIX,0.9578,58,161,1.2,[]
anl15_bps_ind_fy3_cos_up,The number of companies for which book value per share (BPS) estimation for the calendarized 3 fiscal years has been raised from last month within GICS industry grouping.,"{'id': 'analyst15', 'name': 'Earnings forecasts'}","{'id': 'analyst', 'name': 'Analyst'}","{'id': 'analyst-analyst-estimates', 'name': 'Analyst Estimates'}",USA,1,TOP3000,MATRIX,0.9528,40,78,1.2,[]
anl15_bps_ind_fy3_ests_dn,"Count of unique IDs of industry participants. Industry stands for an aggregate view of all  equity clearance activity for the date, symbol, and transaction type in question.","{'id': 'analyst15', 'name': 'Earnings forecasts'}","{'id': 'analyst', 'name': 'Analyst'}","{'id': 'analyst-analyst-estimates', 'name': 'Analyst Estimates'}",USA,1,TOP3000,MATRIX,0.947,38,346,1.2,[]
anl15_bps_ind_fy3_ests_up,"Count of unique IDs of industry participants. Industry stands for an aggregate view of all  equity clearance activity for the date, symbol, and transaction type in question.","{'id': 'analyst15', 'name': 'Earnings forecasts'}","{'id': 'analyst', 'name': 'Analyst'}","{'id': 'analyst-analyst-estimates', 'name': 'Analyst Estimates'}",USA,1,TOP3000,MATRIX,0.9427,35,78,1.2,[]
anl15_bps_s_12_m_1m_chg,The weighted 1-month percent change of 12-month forward book value per share (BPS) estimation aggregated within GICS sector grouping.,"{'id': 'analyst15', 'name': 'Earnings forecasts'}","{'id': 'analyst', 'name': 'Analyst'}","{'id': 'analyst-analyst-estimates', 'name': 'Analyst Estimates'}",USA,1,TOP3000,MATRIX,1.0,67,245,1.2,[]
anl15_bps_s_12_m_3m_chg,The weighted 3-month percent change of 12-month forward book value per share (BPS) estimation aggregated within GICS sector grouping.,"{'id': 'analyst15', 'name': 'Earnings forecasts'}","{'id': 'analyst', 'name': 'Analyst'}","{'id': 'analyst-analyst-estimates', 'name': 'Analyst Estimates'}",USA,1,TOP3000,MATRIX,1.0,38,375,1.2,[]
anl15_bps_s_12_m_6m_chg,The weighted 6-month percent change of 12-month forward book value per share (BPS) estimation aggregated within GICS sector grouping.,"{'id': 'analyst15', 'name': 'Earnings forecasts'}","{'id': 'analyst', 'name': 'Analyst'}","{'id': 'analyst-analyst-estimates', 'name': 'Analyst Estimates'}",USA,1,TOP3000,MATRIX,1.0,64,219,1.2,[]
anl15_bps_s_12_m_cos,The number of companies with a 12-month forward mean book value per share (BPS) estimation within GICS sector grouping.,"{'id': 'analyst15', 'name': 'Earnings forecasts'}","{'id': 'analyst', 'name': 'Analyst'}","{'id': 'analyst-analyst-estimates', 'name': 'Analyst Estimates'}",USA,1,TOP3000,MATRIX,1.0,50,92,1.2,[]
anl15_bps_s_12_m_cos_dn,The number of companies for which 12-month forward mean book value per share (BPS) estimation has been lowered from last month within GICS sector grouping.,"{'id': 'analyst15', 'name': 'Earnings forecasts'}","{'id': 'analyst', 'name': 'Analyst'}","{'id': 'analyst-analyst-estimates', 'name': 'Analyst Estimates'}",USA,1,TOP3000,MATRIX,1.0,82,178,1.2,[]
anl15_bps_s_12_m_cos_up,The number of companies for which 12-month forward mean book value per share (BPS) estimation has been raised from last month within GICS sector grouping.,"{'id': 'analyst15', 'name': 'Earnings forecasts'}","{'id': 'analyst', 'name': 'Analyst'}","{'id': 'analyst-analyst-estimates', 'name': 'Analyst Estimates'}",USA,1,TOP3000,MATRIX,1.0,40,65,1.2,[]
anl15_bps_s_12_m_ests,The 12-month forward pro-rated total number of estimates within GICS sector grouping.,"{'id': 'analyst15', 'name': 'Earnings forecasts'}","{'id': 'analyst', 'name': 'Analyst'}","{'id': 'analyst-analyst-estimates', 'name': 'Analyst Estimates'}",USA,1,TOP3000,MATRIX,1.0,79,933,1.2,[]
anl15_bps_s_12_m_ests_dn,"Count of unique IDs of industry participants. Industry stands for an aggregate view of all  equity clearance activity for the date, symbol, and transaction type in question.","{'id': 'analyst15', 'name': 'Earnings forecasts'}","{'id': 'analyst', 'name': 'Analyst'}","{'id': 'analyst-analyst-estimates', 'name': 'Analyst Estimates'}",USA,1,TOP3000,MATRIX,1.0,70,575,1.2,[]
anl15_bps_s_12_m_ests_up,The 12 month forward pro-rated total number of estimates which have been raised since last month within GICS sector grouping.,"{'id': 'analyst15', 'name': 'Earnings forecasts'}","{'id': 'analyst', 'name': 'Analyst'}","{'id': 'analyst-analyst-estimates', 'name': 'Analyst Estimates'}",USA,1,TOP3000,MATRIX,1.0,29,40,1.2,[]
anl15_bps_s_12_m_gro,The weighted 12-month forward year-over-year growth of book value per share (BPS) estimation aggregated within GICS sector grouping.,"{'id': 'analyst15', 'name': 'Earnings forecasts'}","{'id': 'analyst', 'name': 'Analyst'}","{'id': 'analyst-analyst-estimates', 'name': 'Analyst Estimates'}",USA,1,TOP3000,MATRIX,1.0,50,115,1.2,[]
anl15_bps_s_12_m_mean,The weighted average of 12 month forward book value per share (BPS) estimation aggregated within GICS sector grouping.,"{'id': 'analyst15', 'name': 'Earnings forecasts'}","{'id': 'analyst', 'name': 'Analyst'}","{'id': 'analyst-analyst-estimates', 'name': 'Analyst Estimates'}",USA,1,TOP3000,MATRIX,1.0,72,160,1.2,[]
anl15_bps_s_12_m_pe,The weighted average price/earnings ratio based on 12-month forward EPS estimation aggregated within GICS sector grouping.,"{'id': 'analyst15', 'name': 'Earnings forecasts'}","{'id': 'analyst', 'name': 'Analyst'}","{'id': 'analyst-analyst-estimates', 'name': 'Analyst Estimates'}",USA,1,TOP3000,MATRIX,1.0,81,424,1.2,[]
anl15_bps_s_12_m_st_dev,The weighted average standard deviation of 12-month forward book value per share (BPS) estimation aggregated within GICS sector grouping.,"{'id': 'analyst15', 'name': 'Earnings forecasts'}","{'id': 'analyst', 'name': 'Analyst'}","{'id': 'analyst-analyst-estimates', 'name': 'Analyst Estimates'}",USA,1,TOP3000,MATRIX,1.0,74,154,1.2,[]
anl15_bps_s_12_m_total,The total of 12-month forward book value per share (BPS) estimation aggregated within GICS sector grouping.,"{'id': 'analyst15', 'name': 'Earnings forecasts'}","{'id': 'analyst', 'name': 'Analyst'}","{'id': 'analyst-analyst-estimates', 'name': 'Analyst Estimates'}",USA,1,TOP3000,MATRIX,1.0,35,64,1.2,[]
anl15_bps_s_12_m_tr_mean,The weighted average of 12-month trailing book value per share (BPS) aggregated within GICS sector grouping.,"{'id': 'analyst15', 'name': 'Earnings forecasts'}","{'id': 'analyst', 'name': 'Analyst'}","{'id': 'analyst-analyst-estimates', 'name': 'Analyst Estimates'}",USA,1,TOP3000,MATRIX,1.0,46,65,1.2,[]
anl15_bps_s_18_m_1m_chg,The weighted 1-month percent change of 18-month forward book value per share (BPS) estimation aggregated within GICS sector grouping.,"{'id': 'analyst15', 'name': 'Earnings forecasts'}","{'id': 'analyst', 'name': 'Analyst'}","{'id': 'analyst-analyst-estimates', 'name': 'Analyst Estimates'}",USA,1,TOP3000,MATRIX,1.0,58,236,1.2,[]
anl15_bps_s_18_m_3m_chg,The weighted 3-month percent change of 18-month forward book value per share (BPS) estimation aggregated within GICS sector grouping.,"{'id': 'analyst15', 'name': 'Earnings forecasts'}","{'id': 'analyst', 'name': 'Analyst'}","{'id': 'analyst-analyst-estimates', 'name': 'Analyst Estimates'}",USA,1,TOP3000,MATRIX,1.0,55,227,1.2,[]
anl15_bps_s_18_m_6m_chg,The weighted 6-month percent change of 18-month forward book value per share (BPS) estimation aggregated within GICS sector grouping.,"{'id': 'analyst15', 'name': 'Earnings forecasts'}","{'id': 'analyst', 'name': 'Analyst'}","{'id': 'analyst-analyst-estimates', 'name': 'Analyst Estimates'}",USA,1,TOP3000,MATRIX,1.0,29,67,1.2,[]
anl15_bps_s_18_m_cos,The number of companies with an 18-month forward mean book value per share (BPS) estimation within GICS sector grouping.,"{'id': 'analyst15', 'name': 'Earnings forecasts'}","{'id': 'analyst', 'name': 'Analyst'}","{'id': 'analyst-analyst-estimates', 'name': 'Analyst Estimates'}",USA,1,TOP3000,MATRIX,1.0,83,142,1.2,[]
anl15_bps_s_18_m_cos_dn,The number of companies for which 18-month forward mean book value per share (BPS) estimation has been lowered from last month within GICS sector grouping.,"{'id': 'analyst15', 'name': 'Earnings forecasts'}","{'id': 'analyst', 'name': 'Analyst'}","{'id': 'analyst-analyst-estimates', 'name': 'Analyst Estimates'}",USA,1,TOP3000,MATRIX,1.0,79,269,1.2,[]
anl15_bps_s_18_m_cos_up,The number of companies for which 18-month forward mean book value per share (BPS) estimation has been raised from last month within GICS sector grouping.,"{'id': 'analyst15', 'name': 'Earnings forecasts'}","{'id': 'analyst', 'name': 'Analyst'}","{'id': 'analyst-analyst-estimates', 'name': 'Analyst Estimates'}",USA,1,TOP3000,MATRIX,1.0,44,276,1.2,[]
anl15_bps_s_18_m_ests,The 18-month forward pro-rated total number of estimates within GICS sector grouping.,"{'id': 'analyst15', 'name': 'Earnings forecasts'}","{'id': 'analyst', 'name': 'Analyst'}","{'id': 'analyst-analyst-estimates', 'name': 'Analyst Estimates'}",USA,1,TOP3000,MATRIX,1.0,43,421,1.2,[]
anl15_bps_s_18_m_ests_dn,"Count of unique IDs of industry participants. Industry stands for an aggregate view of all  equity clearance activity for the date, symbol, and transaction type in question.","{'id': 'analyst15', 'name': 'Earnings forecasts'}","{'id': 'analyst', 'name': 'Analyst'}","{'id': 'analyst-analyst-estimates', 'name': 'Analyst Estimates'}",USA,1,TOP3000,MATRIX,1.0,88,335,1.2,[]
anl15_bps_s_18_m_ests_up,"Count of unique IDs of industry participants. Industry stands for an aggregate view of all  equity clearance activity for the date, symbol, and transaction type in question.","{'id': 'analyst15', 'name': 'Earnings forecasts'}","{'id': 'analyst', 'name': 'Analyst'}","{'id': 'analyst-analyst-estimates', 'name': 'Analyst Estimates'}",USA,1,TOP3000,MATRIX,1.0,52,99,1.2,[]
anl15_bps_s_18_m_gro,The weighted 18-month forward year-over-year growth of book value per share (BPS) estimation aggregated within GICS sector grouping.,"{'id': 'analyst15', 'name': 'Earnings forecasts'}","{'id': 'analyst', 'name': 'Analyst'}","{'id': 'analyst-analyst-estimates', 'name': 'Analyst Estimates'}",USA,1,TOP3000,MATRIX,1.0,58,199,1.2,[]
anl15_bps_s_18_m_mean,The weighted average of 18-month forward book value per share (BPS) estimation aggregated within GICS sector grouping.,"{'id': 'analyst15', 'name': 'Earnings forecasts'}","{'id': 'analyst', 'name': 'Analyst'}","{'id': 'analyst-analyst-estimates', 'name': 'Analyst Estimates'}",USA,1,TOP3000,MATRIX,1.0,55,140,1.2,[]
anl15_bps_s_18_m_pe,The weighted average price/earnings ratio based on 18-month forward EPS estimation aggregated within GICS sector grouping.,"{'id': 'analyst15', 'name': 'Earnings forecasts'}","{'id': 'analyst', 'name': 'Analyst'}","{'id': 'analyst-analyst-estimates', 'name': 'Analyst Estimates'}",USA,1,TOP3000,MATRIX,1.0,63,173,1.2,[]
anl15_bps_s_18_m_st_dev,The weighted average standard deviation of 18-month forward book value per share (BPS) estimation aggregated within GICS sector grouping.,"{'id': 'analyst15', 'name': 'Earnings forecasts'}","{'id': 'analyst', 'name': 'Analyst'}","{'id': 'analyst-analyst-estimates', 'name': 'Analyst Estimates'}",USA,1,TOP3000,MATRIX,1.0,47,621,1.2,[]
anl15_bps_s_18_m_total,The total of 18-month forward book value per share (BPS) estimation aggregated within GICS sector grouping.,"{'id': 'analyst15', 'name': 'Earnings forecasts'}","{'id': 'analyst', 'name': 'Analyst'}","{'id': 'analyst-analyst-estimates', 'name': 'Analyst Estimates'}",USA,1,TOP3000,MATRIX,1.0,38,84,1.2,[]
anl15_bps_s_cal_fy0_gro,The weighted year-over-year growth of book value per share (BPS) estimation for the current calendarized fiscal year aggregated within GICS sector grouping.,"{'id': 'analyst15', 'name': 'Earnings forecasts'}","{'id': 'analyst', 'name': 'Analyst'}","{'id': 'analyst-analyst-estimates', 'name': 'Analyst Estimates'}",USA,1,TOP3000,MATRIX,1.0,82,235,1.2,[]
anl15_bps_s_cal_fy0_pe,The weighted average price/earnings ratio based on EPS estimation for the current calendarized fiscal year aggregated within GICS sector grouping.,"{'id': 'analyst15', 'name': 'Earnings forecasts'}","{'id': 'analyst', 'name': 'Analyst'}","{'id': 'analyst-analyst-estimates', 'name': 'Analyst Estimates'}",USA,1,TOP3000,MATRIX,1.0,51,78,1.2,[]
anl15_bps_s_cal_fy0_total,The total of book value per share (BPS) estimation for the current calendarized fiscal year aggregated within GICS sector grouping.,"{'id': 'analyst15', 'name': 'Earnings forecasts'}","{'id': 'analyst', 'name': 'Analyst'}","{'id': 'analyst-analyst-estimates', 'name': 'Analyst Estimates'}",USA,1,TOP3000,MATRIX,1.0,40,97,1.2,[]
anl15_bps_s_cal_fy0_val,The weighted average of book value per share (BPS) estimation for the current calendarized fiscal year aggregated within GICS sector grouping.,"{'id': 'analyst15', 'name': 'Earnings forecasts'}","{'id': 'analyst', 'name': 'Analyst'}","{'id': 'analyst-analyst-estimates', 'name': 'Analyst Estimates'}",USA,1,TOP3000,MATRIX,1.0,51,249,1.2,[]
anl15_bps_s_cal_fy1_1m_chg,The weighted 1-month percent change of book value per share (BPS) estimation for the calendarized 1 fiscal year aggregated within GICS sector grouping.,"{'id': 'analyst15', 'name': 'Earnings forecasts'}","{'id': 'analyst', 'name': 'Analyst'}","{'id': 'analyst-analyst-estimates', 'name': 'Analyst Estimates'}",USA,1,TOP3000,MATRIX,1.0,53,522,1.2,[]
anl15_bps_s_cal_fy1_3m_chg,The weighted 3-month percent change of book value per share (BPS) estimation for the calendarized 1 fiscal year aggregated within GICS sector grouping.,"{'id': 'analyst15', 'name': 'Earnings forecasts'}","{'id': 'analyst', 'name': 'Analyst'}","{'id': 'analyst-analyst-estimates', 'name': 'Analyst Estimates'}",USA,1,TOP3000,MATRIX,1.0,42,331,1.2,[]
anl15_bps_s_cal_fy1_6m_chg,The weighted 6-month percent change of book value per share (BPS) estimation for the calendarized 1 fiscal year aggregated within GICS sector grouping.,"{'id': 'analyst15', 'name': 'Earnings forecasts'}","{'id': 'analyst', 'name': 'Analyst'}","{'id': 'analyst-analyst-estimates', 'name': 'Analyst Estimates'}",USA,1,TOP3000,MATRIX,1.0,44,329,1.2,[]
anl15_bps_s_cal_fy1_cos,The number of companies with a calendarized 1 fiscal year book value per share (BPS) estimation within GICS sector grouping.,"{'id': 'analyst15', 'name': 'Earnings forecasts'}","{'id': 'analyst', 'name': 'Analyst'}","{'id': 'analyst-analyst-estimates', 'name': 'Analyst Estimates'}",USA,1,TOP3000,MATRIX,1.0,61,122,1.2,[]
anl15_bps_s_cal_fy1_ests,The total number of calendarized 1 fiscal year book value per share (BPS) estimation within GICS sector grouping.,"{'id': 'analyst15', 'name': 'Earnings forecasts'}","{'id': 'analyst', 'name': 'Analyst'}","{'id': 'analyst-analyst-estimates', 'name': 'Analyst Estimates'}",USA,1,TOP3000,MATRIX,1.0,23,51,1.2,[]
anl15_bps_s_cal_fy1_gro,The weighted year-over-year growth of book value per share (BPS) estimation for the calendarized 1 fiscal year aggregated within GICS sector grouping.,"{'id': 'analyst15', 'name': 'Earnings forecasts'}","{'id': 'analyst', 'name': 'Analyst'}","{'id': 'analyst-analyst-estimates', 'name': 'Analyst Estimates'}",USA,1,TOP3000,MATRIX,1.0,41,94,1.2,[]
anl15_bps_s_cal_fy1_mean,The weighted average of book value per share (BPS) estimation for the calendarized 1 fiscal year aggregated within GICS sector grouping.,"{'id': 'analyst15', 'name': 'Earnings forecasts'}","{'id': 'analyst', 'name': 'Analyst'}","{'id': 'analyst-analyst-estimates', 'name': 'Analyst Estimates'}",USA,1,TOP3000,MATRIX,1.0,38,61,1.2,[]
anl15_bps_s_cal_fy1_pe,The weighted average price/earnings ratio based on EPS estimation for the calendarized 1 fiscal year aggregated within GICS sector grouping.,"{'id': 'analyst15', 'name': 'Earnings forecasts'}","{'id': 'analyst', 'name': 'Analyst'}","{'id': 'analyst-analyst-estimates', 'name': 'Analyst Estimates'}",USA,1,TOP3000,MATRIX,1.0,73,193,1.2,[]
anl15_bps_s_cal_fy1_st_dev,The weighted average standard deviation of book value per share (BPS) estimation for the calendarized 1 fiscal year aggregated within GICS sector grouping.,"{'id': 'analyst15', 'name': 'Earnings forecasts'}","{'id': 'analyst', 'name': 'Analyst'}","{'id': 'analyst-analyst-estimates', 'name': 'Analyst Estimates'}",USA,1,TOP3000,MATRIX,1.0,77,202,1.2,[]
anl15_bps_s_cal_fy1_total,The total of book value per share (BPS) estimation for the calendarized 1 fiscal year aggregated within GICS sector grouping.,"{'id': 'analyst15', 'name': 'Earnings forecasts'}","{'id': 'analyst', 'name': 'Analyst'}","{'id': 'analyst-analyst-estimates', 'name': 'Analyst Estimates'}",USA,1,TOP3000,MATRIX,1.0,51,454,1.2,[]
anl15_bps_s_cal_fy2_1m_chg,The weighted 1-month percent change of book value per share (BPS) estimation for the calendarized 2 fiscal year aggregated within GICS sector grouping.,"{'id': 'analyst15', 'name': 'Earnings forecasts'}","{'id': 'analyst', 'name': 'Analyst'}","{'id': 'analyst-analyst-estimates', 'name': 'Analyst Estimates'}",USA,1,TOP3000,MATRIX,1.0,42,431,1.2,[]
anl15_bps_s_cal_fy2_3m_chg,The weighted 3-month percent change of book value per share (BPS) estimation for the calendarized 2 fiscal years aggregated within GICS sector grouping.,"{'id': 'analyst15', 'name': 'Earnings forecasts'}","{'id': 'analyst', 'name': 'Analyst'}","{'id': 'analyst-analyst-estimates', 'name': 'Analyst Estimates'}",USA,1,TOP3000,MATRIX,1.0,35,165,1.2,[]
anl15_bps_s_cal_fy2_6m_chg,The weighted 6-month percent change of book value per share (BPS) estimation for the calendarized 2 fiscal years aggregated within GICS sector grouping.,"{'id': 'analyst15', 'name': 'Earnings forecasts'}","{'id': 'analyst', 'name': 'Analyst'}","{'id': 'analyst-analyst-estimates', 'name': 'Analyst Estimates'}",USA,1,TOP3000,MATRIX,1.0,46,404,1.2,[]
anl15_bps_s_cal_fy2_cos,The number of companies with a calendarized 2 fiscal year book value per share (BPS) estimation within GICS sector grouping.,"{'id': 'analyst15', 'name': 'Earnings forecasts'}","{'id': 'analyst', 'name': 'Analyst'}","{'id': 'analyst-analyst-estimates', 'name': 'Analyst Estimates'}",USA,1,TOP3000,MATRIX,1.0,76,351,1.2,[]
anl15_bps_s_cal_fy2_ests,The total number of calendarized 2 fiscal year book value per share (BPS) estimation within GICS sector grouping.,"{'id': 'analyst15', 'name': 'Earnings forecasts'}","{'id': 'analyst', 'name': 'Analyst'}","{'id': 'analyst-analyst-estimates', 'name': 'Analyst Estimates'}",USA,1,TOP3000,MATRIX,1.0,21,65,1.2,[]
anl15_bps_s_cal_fy2_gro,The weighted year-over-year growth of book value per share (BPS) estimation for the calendarized 2 fiscal years aggregated within GICS sector grouping.,"{'id': 'analyst15', 'name': 'Earnings forecasts'}","{'id': 'analyst', 'name': 'Analyst'}","{'id': 'analyst-analyst-estimates', 'name': 'Analyst Estimates'}",USA,1,TOP3000,MATRIX,1.0,42,63,1.2,[]
anl15_bps_s_cal_fy2_mean,The weighted average of book value per share (BPS) estimation for the calendarized 2 fiscal years aggregated within GICS sector grouping.,"{'id': 'analyst15', 'name': 'Earnings forecasts'}","{'id': 'analyst', 'name': 'Analyst'}","{'id': 'analyst-analyst-estimates', 'name': 'Analyst Estimates'}",USA,1,TOP3000,MATRIX,1.0,45,247,1.2,[]
anl15_bps_s_cal_fy2_pe,The weighted average price/earnings ratio based on EPS estimation for the calendarized 2 fiscal year aggregated within GICS sector grouping.,"{'id': 'analyst15', 'name': 'Earnings forecasts'}","{'id': 'analyst', 'name': 'Analyst'}","{'id': 'analyst-analyst-estimates', 'name': 'Analyst Estimates'}",USA,1,TOP3000,MATRIX,1.0,74,191,1.2,[]
anl15_bps_s_cal_fy2_st_dev,The weighted average standard deviation of book value per share (BPS) estimation for the calendarized two fiscal years aggregated within GICS sector grouping.,"{'id': 'analyst15', 'name': 'Earnings forecasts'}","{'id': 'analyst', 'name': 'Analyst'}","{'id': 'analyst-analyst-estimates', 'name': 'Analyst Estimates'}",USA,1,TOP3000,MATRIX,1.0,46,100,1.2,[]
anl15_bps_s_cal_fy2_total,The total of book value per share (BPS) estimation for the calendarized 2 fiscal years aggregated within GICS sector grouping.,"{'id': 'analyst15', 'name': 'Earnings forecasts'}","{'id': 'analyst', 'name': 'Analyst'}","{'id': 'analyst-analyst-estimates', 'name': 'Analyst Estimates'}",USA,1,TOP3000,MATRIX,1.0,28,51,1.2,[]
anl15_bps_s_cal_fy3_1m_chg,The weighted 1-month percent change of book value per share (BPS) estimation for the calendarized 3 fiscal years aggregated within GICS sector grouping.,"{'id': 'analyst15', 'name': 'Earnings forecasts'}","{'id': 'analyst', 'name': 'Analyst'}","{'id': 'analyst-analyst-estimates', 'name': 'Analyst Estimates'}",USA,1,TOP3000,MATRIX,1.0,32,132,1.2,[]
anl15_bps_s_cal_fy3_3m_chg,The weighted 3-month percent change of book value per share (BPS) estimation for the calendarized 3 fiscal years aggregated within GICS sector grouping.,"{'id': 'analyst15', 'name': 'Earnings forecasts'}","{'id': 'analyst', 'name': 'Analyst'}","{'id': 'analyst-analyst-estimates', 'name': 'Analyst Estimates'}",USA,1,TOP3000,MATRIX,1.0,43,139,1.2,[]
anl15_bps_s_cal_fy3_6m_chg,The weighted 6 month percent change of book value per share (BPS) estimation for the calendarized 3 fiscal year aggregated within GICS sector grouping.,"{'id': 'analyst15', 'name': 'Earnings forecasts'}","{'id': 'analyst', 'name': 'Analyst'}","{'id': 'analyst-analyst-estimates', 'name': 'Analyst Estimates'}",USA,1,TOP3000,MATRIX,1.0,57,184,1.2,[]
anl15_bps_s_cal_fy3_cos,The number of companies with a calendarized 3 fiscal year book value per share (BPS) estimation within GICS sector grouping.,"{'id': 'analyst15', 'name': 'Earnings forecasts'}","{'id': 'analyst', 'name': 'Analyst'}","{'id': 'analyst-analyst-estimates', 'name': 'Analyst Estimates'}",USA,1,TOP3000,MATRIX,1.0,76,151,1.2,[]
anl15_bps_s_cal_fy3_ests,The total number of calendarized 3 fiscal year book value per share (BPS) estimation within GICS sector grouping.,"{'id': 'analyst15', 'name': 'Earnings forecasts'}","{'id': 'analyst', 'name': 'Analyst'}","{'id': 'analyst-analyst-estimates', 'name': 'Analyst Estimates'}",USA,1,TOP3000,MATRIX,1.0,53,150,1.2,[]
anl15_bps_s_cal_fy3_gro,The weighted year-over-year growth of book value per share (BPS) estimation for the calendarized 3 fiscal years aggregated within GICS sector grouping.,"{'id': 'analyst15', 'name': 'Earnings forecasts'}","{'id': 'analyst', 'name': 'Analyst'}","{'id': 'analyst-analyst-estimates', 'name': 'Analyst Estimates'}",USA,1,TOP3000,MATRIX,1.0,69,233,1.2,[]
anl15_bps_s_cal_fy3_mean,The weighted average of book value per share (BPS) estimation for the calendarized 3 fiscal years aggregated within GICS sector grouping.,"{'id': 'analyst15', 'name': 'Earnings forecasts'}","{'id': 'analyst', 'name': 'Analyst'}","{'id': 'analyst-analyst-estimates', 'name': 'Analyst Estimates'}",USA,1,TOP3000,MATRIX,1.0,41,202,1.2,[]
anl15_bps_s_cal_fy3_pe,The weighted average price/earnings ratio based on EPS estimation for the calendarized 3 fiscal year aggregated within GICS sector grouping.,"{'id': 'analyst15', 'name': 'Earnings forecasts'}","{'id': 'analyst', 'name': 'Analyst'}","{'id': 'analyst-analyst-estimates', 'name': 'Analyst Estimates'}",USA,1,TOP3000,MATRIX,1.0,96,586,1.2,[]
anl15_bps_s_cal_fy3_st_dev,The weighted average standard deviation of book value per share (BPS) estimation for the calendarized 3 fiscal years aggregated within GICS sector grouping.,"{'id': 'analyst15', 'name': 'Earnings forecasts'}","{'id': 'analyst', 'name': 'Analyst'}","{'id': 'analyst-analyst-estimates', 'name': 'Analyst Estimates'}",USA,1,TOP3000,MATRIX,1.0,37,79,1.2,[]
anl15_bps_s_cal_fy3_total,The total of book value per share (BPS) estimation for the calendarized 3 fiscal years aggregated within GICS sector grouping.,"{'id': 'analyst15', 'name': 'Earnings forecasts'}","{'id': 'analyst', 'name': 'Analyst'}","{'id': 'analyst-analyst-estimates', 'name': 'Analyst Estimates'}",USA,1,TOP3000,MATRIX,1.0,39,80,1.2,[]
anl15_bps_s_fy1_cos_dn,The number of companies for which book value per share (BPS) estimation for the calendarized 1 fiscal year has been lowered from last month within GICS sector grouping.,"{'id': 'analyst15', 'name': 'Earnings forecasts'}","{'id': 'analyst', 'name': 'Analyst'}","{'id': 'analyst-analyst-estimates', 'name': 'Analyst Estimates'}",USA,1,TOP3000,MATRIX,1.0,71,153,1.2,[]
anl15_bps_s_fy1_cos_up,The number of companies for which book value per share (BPS) estimation for the calendarized 1 fiscal year has been raised from last month within GICS sector grouping.,"{'id': 'analyst15', 'name': 'Earnings forecasts'}","{'id': 'analyst', 'name': 'Analyst'}","{'id': 'analyst-analyst-estimates', 'name': 'Analyst Estimates'}",USA,1,TOP3000,MATRIX,1.0,59,361,1.2,[]
anl15_bps_s_fy1_ests_dn,"Count of unique IDs of industry participants. Industry stands for an aggregate view of all  equity clearance activity for the date, symbol, and transaction type in question.","{'id': 'analyst15', 'name': 'Earnings forecasts'}","{'id': 'analyst', 'name': 'Analyst'}","{'id': 'analyst-analyst-estimates', 'name': 'Analyst Estimates'}",USA,1,TOP3000,MATRIX,1.0,66,202,1.2,[]
anl15_bps_s_fy1_ests_up,"Count of unique IDs of industry participants. Industry stands for an aggregate view of all  equity clearance activity for the date, symbol, and transaction type in question.","{'id': 'analyst15', 'name': 'Earnings forecasts'}","{'id': 'analyst', 'name': 'Analyst'}","{'id': 'analyst-analyst-estimates', 'name': 'Analyst Estimates'}",USA,1,TOP3000,MATRIX,1.0,34,182,1.2,[]
anl15_bps_s_fy2_cos_dn,The number of companies for which book value per share (BPS) estimation for the calendarized 2 fiscal years has been lowered from last month within GICS sector grouping.,"{'id': 'analyst15', 'name': 'Earnings forecasts'}","{'id': 'analyst', 'name': 'Analyst'}","{'id': 'analyst-analyst-estimates', 'name': 'Analyst Estimates'}",USA,1,TOP3000,MATRIX,1.0,93,708,1.2,[]
anl15_bps_s_fy2_cos_up,The number of companies for which book value per share (BPS) estimation for the calendarized 2 fiscal years has been raised from last month within GICS sector grouping.,"{'id': 'analyst15', 'name': 'Earnings forecasts'}","{'id': 'analyst', 'name': 'Analyst'}","{'id': 'analyst-analyst-estimates', 'name': 'Analyst Estimates'}",USA,1,TOP3000,MATRIX,1.0,33,42,1.2,[]
anl15_bps_s_fy2_ests_dn,"Count of unique IDs of industry participants. Industry stands for an aggregate view of all  equity clearance activity for the date, symbol, and transaction type in question.","{'id': 'analyst15', 'name': 'Earnings forecasts'}","{'id': 'analyst', 'name': 'Analyst'}","{'id': 'analyst-analyst-estimates', 'name': 'Analyst Estimates'}",USA,1,TOP3000,MATRIX,1.0,68,193,1.2,[]
anl15_bps_s_fy2_ests_up,"Count of unique IDs of industry participants. Industry stands for an aggregate view of all  equity clearance activity for the date, symbol, and transaction type in question.","{'id': 'analyst15', 'name': 'Earnings forecasts'}","{'id': 'analyst', 'name': 'Analyst'}","{'id': 'analyst-analyst-estimates', 'name': 'Analyst Estimates'}",USA,1,TOP3000,MATRIX,1.0,31,76,1.2,[]
anl15_bps_s_fy3_cos_dn,The number of companies for which book value per share (BPS) estimation for the calendarized 3 fiscal year has been lowered from last month within GICS sector grouping.,"{'id': 'analyst15', 'name': 'Earnings forecasts'}","{'id': 'analyst', 'name': 'Analyst'}","{'id': 'analyst-analyst-estimates', 'name': 'Analyst Estimates'}",USA,1,TOP3000,MATRIX,1.0,64,155,1.2,[]
anl15_bps_s_fy3_cos_up,The number of companies for which book value per share (BPS) estimation for the calendarized 3 fiscal year has been raised from last month within GICS sector grouping.,"{'id': 'analyst15', 'name': 'Earnings forecasts'}","{'id': 'analyst', 'name': 'Analyst'}","{'id': 'analyst-analyst-estimates', 'name': 'Analyst Estimates'}",USA,1,TOP3000,MATRIX,1.0,52,91,1.2,[]
anl15_bps_s_fy3_ests_dn,"Count of unique IDs of industry participants. Industry stands for an aggregate view of all  equity clearance activity for the date, symbol, and transaction type in question.","{'id': 'analyst15', 'name': 'Earnings forecasts'}","{'id': 'analyst', 'name': 'Analyst'}","{'id': 'analyst-analyst-estimates', 'name': 'Analyst Estimates'}",USA,1,TOP3000,MATRIX,1.0,64,330,1.2,[]
anl15_bps_s_fy3_ests_up,"Count of unique IDs of industry participants. Industry stands for an aggregate view of all  equity clearance activity for the date, symbol, and transaction type in question.","{'id': 'analyst15', 'name': 'Earnings forecasts'}","{'id': 'analyst', 'name': 'Analyst'}","{'id': 'analyst-analyst-estimates', 'name': 'Analyst Estimates'}",USA,1,TOP3000,MATRIX,1.0,61,328,1.2,[]
anl15_bpsgics_gr_12_m_1m_chg,The weighted 1 month percent change of 12 month forward book value per share (BPS) estimation aggregated within GICS group grouping.,"{'id': 'analyst15', 'name': 'Earnings forecasts'}","{'id': 'analyst', 'name': 'Analyst'}","{'id': 'analyst-analyst-estimates', 'name': 'Analyst Estimates'}",USA,1,TOP3000,MATRIX,1.0,63,166,1.2,[]
anl15_bpsgics_gr_12_m_3m_chg,The weighted 3-month percent change of 12-month forward book value per share (BPS) estimation aggregated within GICS group grouping.,"{'id': 'analyst15', 'name': 'Earnings forecasts'}","{'id': 'analyst', 'name': 'Analyst'}","{'id': 'analyst-analyst-estimates', 'name': 'Analyst Estimates'}",USA,1,TOP3000,MATRIX,1.0,33,131,1.2,[]
anl15_bpsgics_gr_12_m_6m_chg,The weighted 6-month percent change of 12-month forward book value per share (BPS) estimation aggregated within GICS group grouping.,"{'id': 'analyst15', 'name': 'Earnings forecasts'}","{'id': 'analyst', 'name': 'Analyst'}","{'id': 'analyst-analyst-estimates', 'name': 'Analyst Estimates'}",USA,1,TOP3000,MATRIX,1.0,31,41,1.2,[]
anl15_bpsgics_gr_12_m_cos,The number of companies with a 12-month forward mean book value per share (BPS) estimation within GICS group grouping.,"{'id': 'analyst15', 'name': 'Earnings forecasts'}","{'id': 'analyst', 'name': 'Analyst'}","{'id': 'analyst-analyst-estimates', 'name': 'Analyst Estimates'}",USA,1,TOP3000,MATRIX,1.0,45,86,1.2,[]
anl15_bpsgics_gr_12_m_cos_dn,The number of companies for which 12-month forward mean book value per share (BPS) estimation has been lowered from last month within GICS group grouping.,"{'id': 'analyst15', 'name': 'Earnings forecasts'}","{'id': 'analyst', 'name': 'Analyst'}","{'id': 'analyst-analyst-estimates', 'name': 'Analyst Estimates'}",USA,1,TOP3000,MATRIX,1.0,34,54,1.2,[]
anl15_bpsgics_gr_12_m_cos_up,The number of companies for which 12-month forward mean book value per share (BPS) estimation has been raised from last month within GICS group grouping.,"{'id': 'analyst15', 'name': 'Earnings forecasts'}","{'id': 'analyst', 'name': 'Analyst'}","{'id': 'analyst-analyst-estimates', 'name': 'Analyst Estimates'}",USA,1,TOP3000,MATRIX,1.0,38,323,1.2,[]
anl15_bpsgics_gr_12_m_ests,The 12-month forward pro-rated total number of estimates within GICS group grouping.,"{'id': 'analyst15', 'name': 'Earnings forecasts'}","{'id': 'analyst', 'name': 'Analyst'}","{'id': 'analyst-analyst-estimates', 'name': 'Analyst Estimates'}",USA,1,TOP3000,MATRIX,1.0,55,405,1.2,[]
anl15_bpsgics_gr_12_m_ests_dn,"Count of unique IDs of industry participants. Industry stands for an aggregate view of all  equity clearance activity for the date, symbol, and transaction type in question.","{'id': 'analyst15', 'name': 'Earnings forecasts'}","{'id': 'analyst', 'name': 'Analyst'}","{'id': 'analyst-analyst-estimates', 'name': 'Analyst Estimates'}",USA,1,TOP3000,MATRIX,1.0,66,164,1.2,[]
anl15_bpsgics_gr_12_m_ests_up,The 12 month forward pro-rated total number of estimates which have been raised since last month within GICS group grouping.,"{'id': 'analyst15', 'name': 'Earnings forecasts'}","{'id': 'analyst', 'name': 'Analyst'}","{'id': 'analyst-analyst-estimates', 'name': 'Analyst Estimates'}",USA,1,TOP3000,MATRIX,1.0,50,121,1.2,[]
anl15_bpsgics_gr_12_m_gro,The weighted 12-month forward year-over-year growth of book value per share (BPS) estimation aggregated within GICS group grouping.,"{'id': 'analyst15', 'name': 'Earnings forecasts'}","{'id': 'analyst', 'name': 'Analyst'}","{'id': 'analyst-analyst-estimates', 'name': 'Analyst Estimates'}",USA,1,TOP3000,MATRIX,1.0,34,424,1.2,[]
anl15_bpsgics_gr_12_m_mean,The weighted average of 12-month forward book value per share (BPS) estimation aggregated within GICS group grouping.,"{'id': 'analyst15', 'name': 'Earnings forecasts'}","{'id': 'analyst', 'name': 'Analyst'}","{'id': 'analyst-analyst-estimates', 'name': 'Analyst Estimates'}",USA,1,TOP3000,MATRIX,1.0,75,1554,1.2,[]
anl15_bpsgics_gr_12_m_pe,The weighted average price/earnings ratio based on 12-month forward EPS estimation aggregated within GICS group grouping.,"{'id': 'analyst15', 'name': 'Earnings forecasts'}","{'id': 'analyst', 'name': 'Analyst'}","{'id': 'analyst-analyst-estimates', 'name': 'Analyst Estimates'}",USA,1,TOP3000,MATRIX,1.0,91,271,1.2,[]
anl15_bpsgics_gr_12_m_st_dev,The weighted average standard deviation of 12-month forward book value per share (BPS) estimation aggregated within GICS group grouping.,"{'id': 'analyst15', 'name': 'Earnings forecasts'}","{'id': 'analyst', 'name': 'Analyst'}","{'id': 'analyst-analyst-estimates', 'name': 'Analyst Estimates'}",USA,1,TOP3000,MATRIX,1.0,39,162,1.2,[]
anl15_bpsgics_gr_12_m_total,The total of 12-month forward book value per share (BPS) estimation aggregated within GICS group grouping.,"{'id': 'analyst15', 'name': 'Earnings forecasts'}","{'id': 'analyst', 'name': 'Analyst'}","{'id': 'analyst-analyst-estimates', 'name': 'Analyst Estimates'}",USA,1,TOP3000,MATRIX,1.0,39,309,1.2,[]
anl15_bpsgics_gr_12_m_tr_mean,The weighted average of 12-month trailing book value per share (BPS) aggregated within GICS group grouping.,"{'id': 'analyst15', 'name': 'Earnings forecasts'}","{'id': 'analyst', 'name': 'Analyst'}","{'id': 'analyst-analyst-estimates', 'name': 'Analyst Estimates'}",USA,1,TOP3000,MATRIX,1.0,51,89,1.2,[]
anl15_bpsgics_gr_18_m_1m_chg,The weighted 1-month percent change of 18-month forward book value per share (BPS) estimation aggregated within GICS group grouping.,"{'id': 'analyst15', 'name': 'Earnings forecasts'}","{'id': 'analyst', 'name': 'Analyst'}","{'id': 'analyst-analyst-estimates', 'name': 'Analyst Estimates'}",USA,1,TOP3000,MATRIX,1.0,39,329,1.2,[]
anl15_bpsgics_gr_18_m_3m_chg,The weighted 3-month percent change of 18-month forward book value per share (BPS) estimation aggregated within GICS group grouping.,"{'id': 'analyst15', 'name': 'Earnings forecasts'}","{'id': 'analyst', 'name': 'Analyst'}","{'id': 'analyst-analyst-estimates', 'name': 'Analyst Estimates'}",USA,1,TOP3000,MATRIX,1.0,27,45,1.2,[]
anl15_bpsgics_gr_18_m_6m_chg,The weighted 6-month percent change of 18-month forward book value per share (BPS) estimation aggregated within GICS group grouping.,"{'id': 'analyst15', 'name': 'Earnings forecasts'}","{'id': 'analyst', 'name': 'Analyst'}","{'id': 'analyst-analyst-estimates', 'name': 'Analyst Estimates'}",USA,1,TOP3000,MATRIX,1.0,35,720,1.2,[]
anl15_bpsgics_gr_18_m_cos,The number of companies with an 18 month forward mean book value per share (BPS) estimation within GICS group grouping.,"{'id': 'analyst15', 'name': 'Earnings forecasts'}","{'id': 'analyst', 'name': 'Analyst'}","{'id': 'analyst-analyst-estimates', 'name': 'Analyst Estimates'}",USA,1,TOP3000,MATRIX,1.0,33,147,1.2,[]
anl15_bpsgics_gr_18_m_cos_dn,The number of companies for which 18-month forward mean book value per share (BPS) estimation has been lowered from last month within GICS group grouping.,"{'id': 'analyst15', 'name': 'Earnings forecasts'}","{'id': 'analyst', 'name': 'Analyst'}","{'id': 'analyst-analyst-estimates', 'name': 'Analyst Estimates'}",USA,1,TOP3000,MATRIX,1.0,37,66,1.2,[]
anl15_bpsgics_gr_18_m_cos_up,The number of companies for which 18-month forward mean book value per share (BPS) estimation has been raised from last month within GICS group grouping.,"{'id': 'analyst15', 'name': 'Earnings forecasts'}","{'id': 'analyst', 'name': 'Analyst'}","{'id': 'analyst-analyst-estimates', 'name': 'Analyst Estimates'}",USA,1,TOP3000,MATRIX,1.0,33,67,1.2,[]
anl15_bpsgics_gr_18_m_ests,The 18-month forward pro-rated total number of estimates within GICS group grouping.,"{'id': 'analyst15', 'name': 'Earnings forecasts'}","{'id': 'analyst', 'name': 'Analyst'}","{'id': 'analyst-analyst-estimates', 'name': 'Analyst Estimates'}",USA,1,TOP3000,MATRIX,1.0,26,140,1.2,[]
anl15_bpsgics_gr_18_m_ests_dn,"Count of unique IDs of industry participants. Industry stands for an aggregate view of all  equity clearance activity for the date, symbol, and transaction type in question.","{'id': 'analyst15', 'name': 'Earnings forecasts'}","{'id': 'analyst', 'name': 'Analyst'}","{'id': 'analyst-analyst-estimates', 'name': 'Analyst Estimates'}",USA,1,TOP3000,MATRIX,1.0,65,150,1.2,[]
anl15_bpsgics_gr_18_m_ests_up,"Count of unique IDs of industry participants. Industry stands for an aggregate view of all  equity clearance activity for the date, symbol, and transaction type in question.","{'id': 'analyst15', 'name': 'Earnings forecasts'}","{'id': 'analyst', 'name': 'Analyst'}","{'id': 'analyst-analyst-estimates', 'name': 'Analyst Estimates'}",USA,1,TOP3000,MATRIX,1.0,29,52,1.2,[]
anl15_bpsgics_gr_18_m_gro,The weighted 18-month forward year-over-year growth of book value per share (BPS) estimation aggregated within GICS group grouping.,"{'id': 'analyst15', 'name': 'Earnings forecasts'}","{'id': 'analyst', 'name': 'Analyst'}","{'id': 'analyst-analyst-estimates', 'name': 'Analyst Estimates'}",USA,1,TOP3000,MATRIX,1.0,36,146,1.2,[]
anl15_bpsgics_gr_18_m_mean,The weighted average of 18-month forward book value per share (BPS) estimation aggregated within GICS group grouping.,"{'id': 'analyst15', 'name': 'Earnings forecasts'}","{'id': 'analyst', 'name': 'Analyst'}","{'id': 'analyst-analyst-estimates', 'name': 'Analyst Estimates'}",USA,1,TOP3000,MATRIX,1.0,27,53,1.2,[]
anl15_bpsgics_gr_18_m_pe,The weighted average price/earnings ratio based on 18-month forward EPS estimation aggregated within GICS group grouping.,"{'id': 'analyst15', 'name': 'Earnings forecasts'}","{'id': 'analyst', 'name': 'Analyst'}","{'id': 'analyst-analyst-estimates', 'name': 'Analyst Estimates'}",USA,1,TOP3000,MATRIX,1.0,62,128,1.2,[]
anl15_bpsgics_gr_18_m_st_dev,The weighted average standard deviation of 18 month forward book value per share (BPS) estimation aggregated within GICS group grouping.,"{'id': 'analyst15', 'name': 'Earnings forecasts'}","{'id': 'analyst', 'name': 'Analyst'}","{'id': 'analyst-analyst-estimates', 'name': 'Analyst Estimates'}",USA,1,TOP3000,MATRIX,1.0,30,48,1.2,[]
anl15_bpsgics_gr_18_m_total,The total of 18-month forward book value per share (BPS) estimation aggregated within GICS group grouping.,"{'id': 'analyst15', 'name': 'Earnings forecasts'}","{'id': 'analyst', 'name': 'Analyst'}","{'id': 'analyst-analyst-estimates', 'name': 'Analyst Estimates'}",USA,1,TOP3000,MATRIX,1.0,22,45,1.2,[]
anl15_bpsgics_gr_cal_fy0_gro,The weighted year-over-year growth of book value per share (BPS) estimation for the current calendarized fiscal year aggregated within GICS group grouping.,"{'id': 'analyst15', 'name': 'Earnings forecasts'}","{'id': 'analyst', 'name': 'Analyst'}","{'id': 'analyst-analyst-estimates', 'name': 'Analyst Estimates'}",USA,1,TOP3000,MATRIX,1.0,51,133,1.2,[]
anl15_bpsgics_gr_cal_fy0_pe,The weighted average price/earnings ratio based on EPS estimation for the current calendarized fiscal year aggregated within GICS group grouping.,"{'id': 'analyst15', 'name': 'Earnings forecasts'}","{'id': 'analyst', 'name': 'Analyst'}","{'id': 'analyst-analyst-estimates', 'name': 'Analyst Estimates'}",USA,1,TOP3000,MATRIX,1.0,74,251,1.2,[]
anl15_bpsgics_gr_cal_fy0_total,The total of book value per share (BPS) estimation for the current calendarized fiscal year aggregated within GICS group grouping.,"{'id': 'analyst15', 'name': 'Earnings forecasts'}","{'id': 'analyst', 'name': 'Analyst'}","{'id': 'analyst-analyst-estimates', 'name': 'Analyst Estimates'}",USA,1,TOP3000,MATRIX,1.0,39,79,1.2,[]
anl15_bpsgics_gr_cal_fy0_val,The weighted average of book value per share (BPS) estimation for the current calendarized fiscal year aggregated within GICS group grouping.,"{'id': 'analyst15', 'name': 'Earnings forecasts'}","{'id': 'analyst', 'name': 'Analyst'}","{'id': 'analyst-analyst-estimates', 'name': 'Analyst Estimates'}",USA,1,TOP3000,MATRIX,1.0,38,67,1.2,[]
anl15_bpsgics_gr_cal_fy1_1m_chg,The weighted 1-month percent change of book value per share (BPS) estimation for the calendarized one fiscal year aggregated within GICS group grouping.,"{'id': 'analyst15', 'name': 'Earnings forecasts'}","{'id': 'analyst', 'name': 'Analyst'}","{'id': 'analyst-analyst-estimates', 'name': 'Analyst Estimates'}",USA,1,TOP3000,MATRIX,1.0,38,72,1.2,[]
anl15_bpsgics_gr_cal_fy1_3m_chg,The weighted 3-month percent change of book value per share (BPS) estimation for the calendarized 1 fiscal year aggregated within GICS group grouping.,"{'id': 'analyst15', 'name': 'Earnings forecasts'}","{'id': 'analyst', 'name': 'Analyst'}","{'id': 'analyst-analyst-estimates', 'name': 'Analyst Estimates'}",USA,1,TOP3000,MATRIX,1.0,27,42,1.2,[]
anl15_bpsgics_gr_cal_fy1_6m_chg,The weighted 6-month percent change of book value per share (BPS) estimation for the calendarized 1 fiscal year aggregated within GICS group grouping.,"{'id': 'analyst15', 'name': 'Earnings forecasts'}","{'id': 'analyst', 'name': 'Analyst'}","{'id': 'analyst-analyst-estimates', 'name': 'Analyst Estimates'}",USA,1,TOP3000,MATRIX,1.0,28,91,1.2,[]
anl15_bpsgics_gr_cal_fy1_cos,The number of companies with a calendarized 1 fiscal year book value per share (BPS) estimation within GICS group grouping.,"{'id': 'analyst15', 'name': 'Earnings forecasts'}","{'id': 'analyst', 'name': 'Analyst'}","{'id': 'analyst-analyst-estimates', 'name': 'Analyst Estimates'}",USA,1,TOP3000,MATRIX,1.0,38,110,1.2,[]
anl15_bpsgics_gr_cal_fy1_ests,The total number of calendarized 1 fiscal year book value per share (BPS) estimation within GICS group grouping.,"{'id': 'analyst15', 'name': 'Earnings forecasts'}","{'id': 'analyst', 'name': 'Analyst'}","{'id': 'analyst-analyst-estimates', 'name': 'Analyst Estimates'}",USA,1,TOP3000,MATRIX,1.0,24,184,1.2,[]
anl15_bpsgics_gr_cal_fy1_gro,The weighted year-over-year growth of book value per share (BPS) estimation for the calendarized 1 fiscal year aggregated within GICS group grouping.,"{'id': 'analyst15', 'name': 'Earnings forecasts'}","{'id': 'analyst', 'name': 'Analyst'}","{'id': 'analyst-analyst-estimates', 'name': 'Analyst Estimates'}",USA,1,TOP3000,MATRIX,1.0,32,75,1.2,[]
anl15_bpsgics_gr_cal_fy1_mean,The weighted average of book value per share (BPS) estimation for the calendarized 1 fiscal year aggregated within GICS group grouping.,"{'id': 'analyst15', 'name': 'Earnings forecasts'}","{'id': 'analyst', 'name': 'Analyst'}","{'id': 'analyst-analyst-estimates', 'name': 'Analyst Estimates'}",USA,1,TOP3000,MATRIX,1.0,40,58,1.2,[]
anl15_bpsgics_gr_cal_fy1_pe,The weighted average price/earnings ratio based on EPS estimation for the calendarized 1 fiscal year aggregated within GICS group grouping.,"{'id': 'analyst15', 'name': 'Earnings forecasts'}","{'id': 'analyst', 'name': 'Analyst'}","{'id': 'analyst-analyst-estimates', 'name': 'Analyst Estimates'}",USA,1,TOP3000,MATRIX,1.0,64,479,1.2,[]
anl15_bpsgics_gr_cal_fy1_st_dev,The weighted average standard deviation of book value per share (BPS) estimation for the calendarized 1 fiscal year aggregated within GICS group grouping.,"{'id': 'analyst15', 'name': 'Earnings forecasts'}","{'id': 'analyst', 'name': 'Analyst'}","{'id': 'analyst-analyst-estimates', 'name': 'Analyst Estimates'}",USA,1,TOP3000,MATRIX,1.0,66,188,1.2,[]
anl15_bpsgics_gr_cal_fy1_total,The total of book value per share (BPS) estimation for the calendarized 1 fiscal year aggregated within GICS group grouping.,"{'id': 'analyst15', 'name': 'Earnings forecasts'}","{'id': 'analyst', 'name': 'Analyst'}","{'id': 'analyst-analyst-estimates', 'name': 'Analyst Estimates'}",USA,1,TOP3000,MATRIX,1.0,31,78,1.2,[]
anl15_bpsgics_gr_cal_fy2_1m_chg,The weighted 1-month percent change of book value per share (BPS) estimation for the calendarized 2 fiscal years aggregated within GICS group grouping.,"{'id': 'analyst15', 'name': 'Earnings forecasts'}","{'id': 'analyst', 'name': 'Analyst'}","{'id': 'analyst-analyst-estimates', 'name': 'Analyst Estimates'}",USA,1,TOP3000,MATRIX,1.0,23,400,1.2,[]
anl15_bpsgics_gr_cal_fy2_3m_chg,The weighted 3-month percent change of book value per share (BPS) estimation for the calendarized 2 fiscal years aggregated within GICS group grouping.,"{'id': 'analyst15', 'name': 'Earnings forecasts'}","{'id': 'analyst', 'name': 'Analyst'}","{'id': 'analyst-analyst-estimates', 'name': 'Analyst Estimates'}",USA,1,TOP3000,MATRIX,1.0,18,28,1.2,[]
anl15_bpsgics_gr_cal_fy2_6m_chg,The weighted 6-month percent change of book value per share (BPS) estimation for the calendarized 2 fiscal years aggregated within GICS group grouping.,"{'id': 'analyst15', 'name': 'Earnings forecasts'}","{'id': 'analyst', 'name': 'Analyst'}","{'id': 'analyst-analyst-estimates', 'name': 'Analyst Estimates'}",USA,1,TOP3000,MATRIX,1.0,42,99,1.2,[]
anl15_bpsgics_gr_cal_fy2_cos,The number of companies with a calendarized 2 fiscal year book value per share (BPS) estimation within GICS group grouping.,"{'id': 'analyst15', 'name': 'Earnings forecasts'}","{'id': 'analyst', 'name': 'Analyst'}","{'id': 'analyst-analyst-estimates', 'name': 'Analyst Estimates'}",USA,1,TOP3000,MATRIX,1.0,62,323,1.2,[]
anl15_bpsgics_gr_cal_fy2_ests,The total number of calendarized 2 fiscal year book value per share (BPS) estimation within GICS group grouping.,"{'id': 'analyst15', 'name': 'Earnings forecasts'}","{'id': 'analyst', 'name': 'Analyst'}","{'id': 'analyst-analyst-estimates', 'name': 'Analyst Estimates'}",USA,1,TOP3000,MATRIX,1.0,26,36,1.2,[]
anl15_bpsgics_gr_cal_fy2_gro,The weighted year-over-year growth of book value per share (BPS) estimation for the calendarized 2 fiscal year aggregated within GICS group grouping.,"{'id': 'analyst15', 'name': 'Earnings forecasts'}","{'id': 'analyst', 'name': 'Analyst'}","{'id': 'analyst-analyst-estimates', 'name': 'Analyst Estimates'}",USA,1,TOP3000,MATRIX,1.0,49,87,1.2,[]
anl15_bpsgics_gr_cal_fy2_mean,The weighted average of book value per share (BPS) estimation for the calendarized 2 fiscal years aggregated within GICS group grouping.,"{'id': 'analyst15', 'name': 'Earnings forecasts'}","{'id': 'analyst', 'name': 'Analyst'}","{'id': 'analyst-analyst-estimates', 'name': 'Analyst Estimates'}",USA,1,TOP3000,MATRIX,1.0,70,276,1.2,[]
anl15_bpsgics_gr_cal_fy2_pe,The weighted average price/earnings ratio based on EPS estimation for the calendarized 2 fiscal year aggregated within GICS group grouping.,"{'id': 'analyst15', 'name': 'Earnings forecasts'}","{'id': 'analyst', 'name': 'Analyst'}","{'id': 'analyst-analyst-estimates', 'name': 'Analyst Estimates'}",USA,1,TOP3000,MATRIX,1.0,67,414,1.2,[]
anl15_bpsgics_gr_cal_fy2_st_dev,The weighted average standard deviation of book value per share (BPS) estimation for the calendarized 2 fiscal year aggregated within GICS group grouping.,"{'id': 'analyst15', 'name': 'Earnings forecasts'}","{'id': 'analyst', 'name': 'Analyst'}","{'id': 'analyst-analyst-estimates', 'name': 'Analyst Estimates'}",USA,1,TOP3000,MATRIX,1.0,45,382,1.2,[]
anl15_bpsgics_gr_cal_fy2_total,The total of book value per share (BPS) estimation for the calendarized 2 fiscal years aggregated within GICS group grouping.,"{'id': 'analyst15', 'name': 'Earnings forecasts'}","{'id': 'analyst', 'name': 'Analyst'}","{'id': 'analyst-analyst-estimates', 'name': 'Analyst Estimates'}",USA,1,TOP3000,MATRIX,1.0,24,116,1.2,[]
anl15_bpsgics_gr_cal_fy3_1m_chg,The weighted 1-month percent change of book value per share (BPS) estimation for the calendarized three fiscal years aggregated within GICS group grouping.,"{'id': 'analyst15', 'name': 'Earnings forecasts'}","{'id': 'analyst', 'name': 'Analyst'}","{'id': 'analyst-analyst-estimates', 'name': 'Analyst Estimates'}",USA,1,TOP3000,MATRIX,1.0,26,410,1.2,[]
anl15_bpsgics_gr_cal_fy3_3m_chg,The weighted 3-month percent change of book value per share (BPS) estimation for the calendarized 3 fiscal years aggregated within GICS group grouping.,"{'id': 'analyst15', 'name': 'Earnings forecasts'}","{'id': 'analyst', 'name': 'Analyst'}","{'id': 'analyst-analyst-estimates', 'name': 'Analyst Estimates'}",USA,1,TOP3000,MATRIX,1.0,21,43,1.2,[]
anl15_bpsgics_gr_cal_fy3_6m_chg,The weighted 6-month percent change of book value per share (BPS) estimation for the calendarized 3 fiscal year aggregated within GICS group grouping.,"{'id': 'analyst15', 'name': 'Earnings forecasts'}","{'id': 'analyst', 'name': 'Analyst'}","{'id': 'analyst-analyst-estimates', 'name': 'Analyst Estimates'}",USA,1,TOP3000,MATRIX,0.9979,47,297,1.2,[]
anl15_bpsgics_gr_cal_fy3_cos,The number of companies with a calendarized 3 fiscal year book value per share (BPS) estimation within GICS group grouping.,"{'id': 'analyst15', 'name': 'Earnings forecasts'}","{'id': 'analyst', 'name': 'Analyst'}","{'id': 'analyst-analyst-estimates', 'name': 'Analyst Estimates'}",USA,1,TOP3000,MATRIX,1.0,38,276,1.2,[]
anl15_bpsgics_gr_cal_fy3_ests,The total number of calendarized 3 fiscal year book value per share (BPS) estimation within GICS group grouping.,"{'id': 'analyst15', 'name': 'Earnings forecasts'}","{'id': 'analyst', 'name': 'Analyst'}","{'id': 'analyst-analyst-estimates', 'name': 'Analyst Estimates'}",USA,1,TOP3000,MATRIX,1.0,33,645,1.2,[]
anl15_bpsgics_gr_cal_fy3_gro,The weighted year-over-year growth of book value per share (BPS) estimation for the calendarized 3 fiscal years aggregated within GICS group grouping.,"{'id': 'analyst15', 'name': 'Earnings forecasts'}","{'id': 'analyst', 'name': 'Analyst'}","{'id': 'analyst-analyst-estimates', 'name': 'Analyst Estimates'}",USA,1,TOP3000,MATRIX,1.0,35,561,1.2,[]
anl15_bpsgics_gr_cal_fy3_mean,The weighted average of book value per share (BPS) estimation for the calendarized 3 fiscal years aggregated within GICS group grouping.,"{'id': 'analyst15', 'name': 'Earnings forecasts'}","{'id': 'analyst', 'name': 'Analyst'}","{'id': 'analyst-analyst-estimates', 'name': 'Analyst Estimates'}",USA,1,TOP3000,MATRIX,1.0,49,98,1.2,[]
anl15_bpsgics_gr_cal_fy3_pe,The weighted average price/earnings ratio based on EPS estimation for the calendarized 3 fiscal years aggregated within GICS group grouping.,"{'id': 'analyst15', 'name': 'Earnings forecasts'}","{'id': 'analyst', 'name': 'Analyst'}","{'id': 'analyst-analyst-estimates', 'name': 'Analyst Estimates'}",USA,1,TOP3000,MATRIX,1.0,35,72,1.2,[]
anl15_bpsgics_gr_cal_fy3_st_dev,The weighted average standard deviation of book value per share (BPS) estimation for the calendarized 3 fiscal year aggregated within GICS group grouping.,"{'id': 'analyst15', 'name': 'Earnings forecasts'}","{'id': 'analyst', 'name': 'Analyst'}","{'id': 'analyst-analyst-estimates', 'name': 'Analyst Estimates'}",USA,1,TOP3000,MATRIX,1.0,31,48,1.2,[]
anl15_bpsgics_gr_cal_fy3_total,The total of book value per share (BPS) estimation for the calendarized 3 fiscal years aggregated within GICS group grouping.,"{'id': 'analyst15', 'name': 'Earnings forecasts'}","{'id': 'analyst', 'name': 'Analyst'}","{'id': 'analyst-analyst-estimates', 'name': 'Analyst Estimates'}",USA,1,TOP3000,MATRIX,1.0,34,50,1.2,[]
anl15_bpsgics_gr_fy1_cos_dn,The number of companies for which book value per share (BPS) estimation for the calendarized 1 fiscal year has been lowered from last month within GICS group grouping.,"{'id': 'analyst15', 'name': 'Earnings forecasts'}","{'id': 'analyst', 'name': 'Analyst'}","{'id': 'analyst-analyst-estimates', 'name': 'Analyst Estimates'}",USA,1,TOP3000,MATRIX,1.0,39,361,1.2,[]
anl15_bpsgics_gr_fy1_cos_up,The number of companies for which book value per share (BPS) estimation for the calendarized 1 fiscal year has been raised from last month within GICS group grouping.,"{'id': 'analyst15', 'name': 'Earnings forecasts'}","{'id': 'analyst', 'name': 'Analyst'}","{'id': 'analyst-analyst-estimates', 'name': 'Analyst Estimates'}",USA,1,TOP3000,MATRIX,1.0,44,362,1.2,[]
anl15_bpsgics_gr_fy1_ests_dn,"Count of unique IDs of industry participants. Industry stands for an aggregate view of all  equity clearance activity for the date, symbol, and transaction type in question.","{'id': 'analyst15', 'name': 'Earnings forecasts'}","{'id': 'analyst', 'name': 'Analyst'}","{'id': 'analyst-analyst-estimates', 'name': 'Analyst Estimates'}",USA,1,TOP3000,MATRIX,1.0,24,42,1.2,[]
anl15_bpsgics_gr_fy1_ests_up,"Count of unique IDs of industry participants. Industry stands for an aggregate view of all  equity clearance activity for the date, symbol, and transaction type in question.","{'id': 'analyst15', 'name': 'Earnings forecasts'}","{'id': 'analyst', 'name': 'Analyst'}","{'id': 'analyst-analyst-estimates', 'name': 'Analyst Estimates'}",USA,1,TOP3000,MATRIX,1.0,22,37,1.2,[]
anl15_bpsgics_gr_fy2_cos_dn,The number of companies for which book value per share (BPS) estimation for the calendarized 2 fiscal year has been lowered from last month within GICS group grouping.,"{'id': 'analyst15', 'name': 'Earnings forecasts'}","{'id': 'analyst', 'name': 'Analyst'}","{'id': 'analyst-analyst-estimates', 'name': 'Analyst Estimates'}",USA,1,TOP3000,MATRIX,1.0,57,403,1.2,[]
anl15_bpsgics_gr_fy2_cos_up,The number of companies for which book value per share (BPS) estimation for the calendarized 2 fiscal year has been raised from last month within GICS group grouping.,"{'id': 'analyst15', 'name': 'Earnings forecasts'}","{'id': 'analyst', 'name': 'Analyst'}","{'id': 'analyst-analyst-estimates', 'name': 'Analyst Estimates'}",USA,1,TOP3000,MATRIX,1.0,37,80,1.2,[]
anl15_bpsgics_gr_fy2_ests_dn,"Count of unique IDs of industry participants. Industry stands for an aggregate view of all  equity clearance activity for the date, symbol, and transaction type in question.","{'id': 'analyst15', 'name': 'Earnings forecasts'}","{'id': 'analyst', 'name': 'Analyst'}","{'id': 'analyst-analyst-estimates', 'name': 'Analyst Estimates'}",USA,1,TOP3000,MATRIX,1.0,42,259,1.2,[]
anl15_bpsgics_gr_fy2_ests_up,"Count of unique IDs of industry participants. Industry stands for an aggregate view of all  equity clearance activity for the date, symbol, and transaction type in question.","{'id': 'analyst15', 'name': 'Earnings forecasts'}","{'id': 'analyst', 'name': 'Analyst'}","{'id': 'analyst-analyst-estimates', 'name': 'Analyst Estimates'}",USA,1,TOP3000,MATRIX,1.0,30,84,1.2,[]
anl15_bpsgics_gr_fy3_cos_dn,The number of companies for which book value per share (BPS) estimation for the calendarized 3 fiscal years has been lowered from last month within GICS group grouping.,"{'id': 'analyst15', 'name': 'Earnings forecasts'}","{'id': 'analyst', 'name': 'Analyst'}","{'id': 'analyst-analyst-estimates', 'name': 'Analyst Estimates'}",USA,1,TOP3000,MATRIX,1.0,34,512,1.2,[]
anl15_bpsgics_gr_fy3_cos_up,The number of companies for which book value per share (BPS) estimation for the calendarized 3 fiscal year has been raised from last month within GICS group grouping.,"{'id': 'analyst15', 'name': 'Earnings forecasts'}","{'id': 'analyst', 'name': 'Analyst'}","{'id': 'analyst-analyst-estimates', 'name': 'Analyst Estimates'}",USA,1,TOP3000,MATRIX,1.0,38,60,1.2,[]
anl15_bpsgics_gr_fy3_ests_dn,"Count of unique IDs of industry participants. Industry stands for an aggregate view of all  equity clearance activity for the date, symbol, and transaction type in question.","{'id': 'analyst15', 'name': 'Earnings forecasts'}","{'id': 'analyst', 'name': 'Analyst'}","{'id': 'analyst-analyst-estimates', 'name': 'Analyst Estimates'}",USA,1,TOP3000,MATRIX,1.0,26,307,1.2,[]
anl15_bpsgics_gr_fy3_ests_up,"Count of unique IDs of industry participants. Industry stands for an aggregate view of all  equity clearance activity for the date, symbol, and transaction type in question.","{'id': 'analyst15', 'name': 'Earnings forecasts'}","{'id': 'analyst', 'name': 'Analyst'}","{'id': 'analyst-analyst-estimates', 'name': 'Analyst Estimates'}",USA,1,TOP3000,MATRIX,1.0,28,43,1.2,[]
anl15_bpsgics_ind_12_m_1m_chg,The weighted 1-month percent change of 12-month forward book value per share (BPS) estimation aggregated within GICS industry grouping.,"{'id': 'analyst15', 'name': 'Earnings forecasts'}","{'id': 'analyst', 'name': 'Analyst'}","{'id': 'analyst-analyst-estimates', 'name': 'Analyst Estimates'}",USA,1,TOP3000,MATRIX,0.9951,29,300,1.2,[]
anl15_bpsgics_ind_12_m_3m_chg,The weighted 3-month percent change of 12-month forward book value per share (BPS) estimation aggregated within GICS industry grouping.,"{'id': 'analyst15', 'name': 'Earnings forecasts'}","{'id': 'analyst', 'name': 'Analyst'}","{'id': 'analyst-analyst-estimates', 'name': 'Analyst Estimates'}",USA,1,TOP3000,MATRIX,0.9957,37,91,1.2,[]
anl15_bpsgics_ind_12_m_6m_chg,The weighted 6-month percent change of 12-month forward book value per share (BPS) estimation aggregated within GICS industry grouping.,"{'id': 'analyst15', 'name': 'Earnings forecasts'}","{'id': 'analyst', 'name': 'Analyst'}","{'id': 'analyst-analyst-estimates', 'name': 'Analyst Estimates'}",USA,1,TOP3000,MATRIX,0.9958,23,48,1.2,[]
anl15_bpsgics_ind_12_m_cos,The number of companies with a 12-month forward mean book value per share (BPS) estimation within GICS industry grouping.,"{'id': 'analyst15', 'name': 'Earnings forecasts'}","{'id': 'analyst', 'name': 'Analyst'}","{'id': 'analyst-analyst-estimates', 'name': 'Analyst Estimates'}",USA,1,TOP3000,MATRIX,0.9979,75,184,1.2,[]
anl15_bpsgics_ind_12_m_cos_dn,The number of companies for which 12-month forward mean book value per share (BPS) estimation has been lowered from last month within GICS industry grouping.,"{'id': 'analyst15', 'name': 'Earnings forecasts'}","{'id': 'analyst', 'name': 'Analyst'}","{'id': 'analyst-analyst-estimates', 'name': 'Analyst Estimates'}",USA,1,TOP3000,MATRIX,0.9905,27,52,1.2,[]
anl15_bpsgics_ind_12_m_cos_up,The number of companies for which 12-month forward mean book value per share (BPS) estimation has been raised from last month within GICS industry grouping.,"{'id': 'analyst15', 'name': 'Earnings forecasts'}","{'id': 'analyst', 'name': 'Analyst'}","{'id': 'analyst-analyst-estimates', 'name': 'Analyst Estimates'}",USA,1,TOP3000,MATRIX,0.9854,29,185,1.2,[]
anl15_bpsgics_ind_12_m_ests,The 12-month forward pro-rated total number of estimates within GICS industry grouping.,"{'id': 'analyst15', 'name': 'Earnings forecasts'}","{'id': 'analyst', 'name': 'Analyst'}","{'id': 'analyst-analyst-estimates', 'name': 'Analyst Estimates'}",USA,1,TOP3000,MATRIX,0.9975,74,390,1.2,[]
anl15_bpsgics_ind_12_m_ests_dn,"Count of unique IDs of industry participants. Industry stands for an aggregate view of all  equity clearance activity for the date, symbol, and transaction type in question.","{'id': 'analyst15', 'name': 'Earnings forecasts'}","{'id': 'analyst', 'name': 'Analyst'}","{'id': 'analyst-analyst-estimates', 'name': 'Analyst Estimates'}",USA,1,TOP3000,MATRIX,0.9651,38,440,1.2,[]
anl15_bpsgics_ind_12_m_ests_up,"Count of unique IDs of industry participants. Industry stands for an aggregate view of all  equity clearance activity for the date, symbol, and transaction type in question.","{'id': 'analyst15', 'name': 'Earnings forecasts'}","{'id': 'analyst', 'name': 'Analyst'}","{'id': 'analyst-analyst-estimates', 'name': 'Analyst Estimates'}",USA,1,TOP3000,MATRIX,0.9577,32,38,1.2,[]
anl15_bpsgics_ind_12_m_gro,The weighted 12-month forward year-over-year growth of book value per share (BPS) estimation aggregated within GICS industry grouping.,"{'id': 'analyst15', 'name': 'Earnings forecasts'}","{'id': 'analyst', 'name': 'Analyst'}","{'id': 'analyst-analyst-estimates', 'name': 'Analyst Estimates'}",USA,1,TOP3000,MATRIX,0.9963,49,363,1.2,[]
anl15_bpsgics_ind_12_m_mean,The weighted average of 12-month forward book value per share (BPS) estimation aggregated within GICS industry grouping.,"{'id': 'analyst15', 'name': 'Earnings forecasts'}","{'id': 'analyst', 'name': 'Analyst'}","{'id': 'analyst-analyst-estimates', 'name': 'Analyst Estimates'}",USA,1,TOP3000,MATRIX,0.9979,19,73,1.2,[]
anl15_bpsgics_ind_12_m_pe,The weighted average price/earnings ratio based on 12-month forward EPS estimation aggregated within GICS industry grouping.,"{'id': 'analyst15', 'name': 'Earnings forecasts'}","{'id': 'analyst', 'name': 'Analyst'}","{'id': 'analyst-analyst-estimates', 'name': 'Analyst Estimates'}",USA,1,TOP3000,MATRIX,0.9968,42,96,1.2,[]
anl15_bpsgics_ind_12_m_st_dev,The weighted average standard deviation of 12-month forward book value per share (BPS) estimation aggregated within GICS industry grouping.,"{'id': 'analyst15', 'name': 'Earnings forecasts'}","{'id': 'analyst', 'name': 'Analyst'}","{'id': 'analyst-analyst-estimates', 'name': 'Analyst Estimates'}",USA,1,TOP3000,MATRIX,0.9941,39,74,1.2,[]
anl15_bpsgics_ind_12_m_total,The total of 12-month forward book value per share (BPS) estimation aggregated within GICS industry grouping.,"{'id': 'analyst15', 'name': 'Earnings forecasts'}","{'id': 'analyst', 'name': 'Analyst'}","{'id': 'analyst-analyst-estimates', 'name': 'Analyst Estimates'}",USA,1,TOP3000,MATRIX,0.9979,43,77,1.2,[]
anl15_bpsgics_ind_12_m_tr_mean,The weighted average of 12-month trailing book value per share (BPS) aggregated within GICS industry grouping.,"{'id': 'analyst15', 'name': 'Earnings forecasts'}","{'id': 'analyst', 'name': 'Analyst'}","{'id': 'analyst-analyst-estimates', 'name': 'Analyst Estimates'}",USA,1,TOP3000,MATRIX,0.9987,30,41,1.2,[]
anl15_bpsgics_ind_18_m_1m_chg,The weighted 1-month percent change of 18-month forward book value per share (BPS) estimation aggregated within GICS industry grouping.,"{'id': 'analyst15', 'name': 'Earnings forecasts'}","{'id': 'analyst', 'name': 'Analyst'}","{'id': 'analyst-analyst-estimates', 'name': 'Analyst Estimates'}",USA,1,TOP3000,MATRIX,0.993,28,415,1.2,[]
anl15_bpsgics_ind_18_m_3m_chg,The weighted 3-month percent change of 18-month forward book value per share (BPS) estimation aggregated within GICS industry grouping.,"{'id': 'analyst15', 'name': 'Earnings forecasts'}","{'id': 'analyst', 'name': 'Analyst'}","{'id': 'analyst-analyst-estimates', 'name': 'Analyst Estimates'}",USA,1,TOP3000,MATRIX,0.994,30,68,1.2,[]
anl15_bpsgics_ind_18_m_6m_chg,The weighted 6 month percent change of 18 month forward book value per share (BPS) estimation aggregated within GICS industry grouping.,"{'id': 'analyst15', 'name': 'Earnings forecasts'}","{'id': 'analyst', 'name': 'Analyst'}","{'id': 'analyst-analyst-estimates', 'name': 'Analyst Estimates'}",USA,1,TOP3000,MATRIX,0.9955,43,105,1.2,[]
anl15_bpsgics_ind_18_m_cos,The number of companies with an 18-month forward mean book value per share (BPS) estimation within GICS industry grouping.,"{'id': 'analyst15', 'name': 'Earnings forecasts'}","{'id': 'analyst', 'name': 'Analyst'}","{'id': 'analyst-analyst-estimates', 'name': 'Analyst Estimates'}",USA,1,TOP3000,MATRIX,0.9966,28,48,1.2,[]
anl15_bpsgics_ind_18_m_cos_dn,The number of companies for which 18-month forward mean book value per share (BPS) estimation has been lowered from last month within GICS industry grouping.,"{'id': 'analyst15', 'name': 'Earnings forecasts'}","{'id': 'analyst', 'name': 'Analyst'}","{'id': 'analyst-analyst-estimates', 'name': 'Analyst Estimates'}",USA,1,TOP3000,MATRIX,0.9857,17,30,1.2,[]
anl15_bpsgics_ind_18_m_cos_up,The number of companies for which 18-month forward mean book value per share (BPS) estimation has been raised from last month within GICS industry grouping.,"{'id': 'analyst15', 'name': 'Earnings forecasts'}","{'id': 'analyst', 'name': 'Analyst'}","{'id': 'analyst-analyst-estimates', 'name': 'Analyst Estimates'}",USA,1,TOP3000,MATRIX,0.9828,29,117,1.2,[]
anl15_bpsgics_ind_18_m_ests,The 18-month forward pro-rated total number of estimates within GICS industry grouping.,"{'id': 'analyst15', 'name': 'Earnings forecasts'}","{'id': 'analyst', 'name': 'Analyst'}","{'id': 'analyst-analyst-estimates', 'name': 'Analyst Estimates'}",USA,1,TOP3000,MATRIX,0.996,60,681,1.2,[]
anl15_bpsgics_ind_18_m_ests_dn,"Count of unique IDs of industry participants. Industry stands for an aggregate view of all  equity clearance activity for the date, symbol, and transaction type in question.","{'id': 'analyst15', 'name': 'Earnings forecasts'}","{'id': 'analyst', 'name': 'Analyst'}","{'id': 'analyst-analyst-estimates', 'name': 'Analyst Estimates'}",USA,1,TOP3000,MATRIX,0.9545,26,33,1.2,[]
anl15_bpsgics_ind_18_m_ests_up,"Count of unique IDs of industry participants. Industry stands for an aggregate view of all  equity clearance activity for the date, symbol, and transaction type in question.","{'id': 'analyst15', 'name': 'Earnings forecasts'}","{'id': 'analyst', 'name': 'Analyst'}","{'id': 'analyst-analyst-estimates', 'name': 'Analyst Estimates'}",USA,1,TOP3000,MATRIX,0.9474,22,47,1.2,[]
anl15_bpsgics_ind_18_m_gro,The weighted 18-month forward year-over-year growth of book value per share (BPS) estimation aggregated within GICS industry grouping.,"{'id': 'analyst15', 'name': 'Earnings forecasts'}","{'id': 'analyst', 'name': 'Analyst'}","{'id': 'analyst-analyst-estimates', 'name': 'Analyst Estimates'}",USA,1,TOP3000,MATRIX,0.9952,64,137,1.2,[]
anl15_bpsgics_ind_18_m_mean,The weighted average of 18-month forward book value per share (BPS) estimation aggregated within GICS industry grouping.,"{'id': 'analyst15', 'name': 'Earnings forecasts'}","{'id': 'analyst', 'name': 'Analyst'}","{'id': 'analyst-analyst-estimates', 'name': 'Analyst Estimates'}",USA,1,TOP3000,MATRIX,0.9966,46,399,1.2,[]
anl15_bpsgics_ind_18_m_pe,The weighted average price/earnings ratio based on 18-month forward EPS estimation aggregated within GICS industry grouping.,"{'id': 'analyst15', 'name': 'Earnings forecasts'}","{'id': 'analyst', 'name': 'Analyst'}","{'id': 'analyst-analyst-estimates', 'name': 'Analyst Estimates'}",USA,1,TOP3000,MATRIX,0.9956,39,57,1.2,[]
anl15_bpsgics_ind_18_m_st_dev,The weighted average standard deviation of 18-month forward book value per share (BPS) estimation aggregated within GICS industry grouping.,"{'id': 'analyst15', 'name': 'Earnings forecasts'}","{'id': 'analyst', 'name': 'Analyst'}","{'id': 'analyst-analyst-estimates', 'name': 'Analyst Estimates'}",USA,1,TOP3000,MATRIX,0.9917,21,36,1.2,[]
anl15_bpsgics_ind_18_m_total,The total of 18-month forward book value per share (BPS) estimation aggregated within GICS industry grouping.,"{'id': 'analyst15', 'name': 'Earnings forecasts'}","{'id': 'analyst', 'name': 'Analyst'}","{'id': 'analyst-analyst-estimates', 'name': 'Analyst Estimates'}",USA,1,TOP3000,MATRIX,0.9966,58,321,1.2,[]
anl15_bpsgics_ind_cal_fy0_gro,The weighted year-over-year growth of book value per share (BPS) estimation for the current calendarized fiscal year aggregated within GICS industry grouping.,"{'id': 'analyst15', 'name': 'Earnings forecasts'}","{'id': 'analyst', 'name': 'Analyst'}","{'id': 'analyst-analyst-estimates', 'name': 'Analyst Estimates'}",USA,1,TOP3000,MATRIX,0.9803,47,108,1.2,[]
anl15_bpsgics_ind_cal_fy0_pe,The weighted average price/earnings ratio based on EPS estimation for the current calendarized fiscal year aggregated within GICS industry grouping.,"{'id': 'analyst15', 'name': 'Earnings forecasts'}","{'id': 'analyst', 'name': 'Analyst'}","{'id': 'analyst-analyst-estimates', 'name': 'Analyst Estimates'}",USA,1,TOP3000,MATRIX,0.9971,50,111,1.2,[]
anl15_bpsgics_ind_cal_fy0_total,The total of book value per share (BPS) estimation for the current calendarized fiscal year aggregated within GICS industry grouping.,"{'id': 'analyst15', 'name': 'Earnings forecasts'}","{'id': 'analyst', 'name': 'Analyst'}","{'id': 'analyst-analyst-estimates', 'name': 'Analyst Estimates'}",USA,1,TOP3000,MATRIX,0.9984,44,125,1.2,[]
anl15_bpsgics_ind_cal_fy0_val,The weighted average of book value per share (BPS) estimation for the current calendarized fiscal year aggregated within GICS industry grouping.,"{'id': 'analyst15', 'name': 'Earnings forecasts'}","{'id': 'analyst', 'name': 'Analyst'}","{'id': 'analyst-analyst-estimates', 'name': 'Analyst Estimates'}",USA,1,TOP3000,MATRIX,0.9984,28,54,1.2,[]
anl15_bpsgics_ind_cal_fy1_1m_chg,The weighted 1-month percent change of book value per share (BPS) estimation for the calendarized 1 fiscal year aggregated within GICS industry grouping.,"{'id': 'analyst15', 'name': 'Earnings forecasts'}","{'id': 'analyst', 'name': 'Analyst'}","{'id': 'analyst-analyst-estimates', 'name': 'Analyst Estimates'}",USA,1,TOP3000,MATRIX,0.9945,45,134,1.2,[]
anl15_bpsgics_ind_cal_fy1_3m_chg,The weighted 3-month percent change of book value per share (BPS) estimation for the calendarized 1 fiscal year aggregated within GICS industry grouping.,"{'id': 'analyst15', 'name': 'Earnings forecasts'}","{'id': 'analyst', 'name': 'Analyst'}","{'id': 'analyst-analyst-estimates', 'name': 'Analyst Estimates'}",USA,1,TOP3000,MATRIX,0.9959,23,52,1.2,[]
anl15_bpsgics_ind_cal_fy1_6m_chg,The weighted 6-month percent change of book value per share (BPS) estimation for the calendarized 1 fiscal year aggregated within GICS industry grouping.,"{'id': 'analyst15', 'name': 'Earnings forecasts'}","{'id': 'analyst', 'name': 'Analyst'}","{'id': 'analyst-analyst-estimates', 'name': 'Analyst Estimates'}",USA,1,TOP3000,MATRIX,0.996,31,75,1.2,[]
anl15_bpsgics_ind_cal_fy1_cos,The number of companies with a calendarized 1 fiscal year book value per share (BPS) estimation within GICS industry grouping.,"{'id': 'analyst15', 'name': 'Earnings forecasts'}","{'id': 'analyst', 'name': 'Analyst'}","{'id': 'analyst-analyst-estimates', 'name': 'Analyst Estimates'}",USA,1,TOP3000,MATRIX,0.9988,61,133,1.2,[]
anl15_bpsgics_ind_cal_fy1_ests,The total number of calendarized 1 fiscal year book value per share (BPS) estimation within GICS industry grouping.,"{'id': 'analyst15', 'name': 'Earnings forecasts'}","{'id': 'analyst', 'name': 'Analyst'}","{'id': 'analyst-analyst-estimates', 'name': 'Analyst Estimates'}",USA,1,TOP3000,MATRIX,0.9986,32,100,1.2,[]
anl15_bpsgics_ind_cal_fy1_gro,The weighted year-over-year growth of book value per share (BPS) estimation for the calendarized 1 fiscal year aggregated within GICS industry grouping.,"{'id': 'analyst15', 'name': 'Earnings forecasts'}","{'id': 'analyst', 'name': 'Analyst'}","{'id': 'analyst-analyst-estimates', 'name': 'Analyst Estimates'}",USA,1,TOP3000,MATRIX,0.995,40,80,1.2,[]
anl15_bpsgics_ind_cal_fy1_mean,The weighted average of book value per share (BPS) estimation for the calendarized 1 fiscal year aggregated within GICS industry grouping.,"{'id': 'analyst15', 'name': 'Earnings forecasts'}","{'id': 'analyst', 'name': 'Analyst'}","{'id': 'analyst-analyst-estimates', 'name': 'Analyst Estimates'}",USA,1,TOP3000,MATRIX,0.9988,53,99,1.2,[]
anl15_bpsgics_ind_cal_fy1_pe,The weighted average price/earnings ratio based on EPS estimation for the calendarized 1 fiscal year aggregated within GICS industry grouping.,"{'id': 'analyst15', 'name': 'Earnings forecasts'}","{'id': 'analyst', 'name': 'Analyst'}","{'id': 'analyst-analyst-estimates', 'name': 'Analyst Estimates'}",USA,1,TOP3000,MATRIX,0.9973,52,117,1.2,[]
anl15_bpsgics_ind_cal_fy1_st_dev,The weighted average standard deviation of book value per share (BPS) estimation for the calendarized 1 fiscal year aggregated within GICS industry grouping.,"{'id': 'analyst15', 'name': 'Earnings forecasts'}","{'id': 'analyst', 'name': 'Analyst'}","{'id': 'analyst-analyst-estimates', 'name': 'Analyst Estimates'}",USA,1,TOP3000,MATRIX,0.994,26,464,1.2,[]
anl15_bpsgics_ind_cal_fy1_total,The total of book value per share (BPS) estimation for the calendarized 1 fiscal year aggregated within GICS industry grouping.,"{'id': 'analyst15', 'name': 'Earnings forecasts'}","{'id': 'analyst', 'name': 'Analyst'}","{'id': 'analyst-analyst-estimates', 'name': 'Analyst Estimates'}",USA,1,TOP3000,MATRIX,0.9988,29,59,1.2,[]
anl15_bpsgics_ind_cal_fy2_1m_chg,The weighted 1-month percent change of book value per share (BPS) estimation for the calendarized 2 fiscal year aggregated within GICS industry grouping.,"{'id': 'analyst15', 'name': 'Earnings forecasts'}","{'id': 'analyst', 'name': 'Analyst'}","{'id': 'analyst-analyst-estimates', 'name': 'Analyst Estimates'}",USA,1,TOP3000,MATRIX,0.9945,18,334,1.2,[]
anl15_bpsgics_ind_cal_fy2_3m_chg,The weighted 3-month percent change of book value per share (BPS) estimation for the calendarized 2 fiscal year aggregated within GICS industry grouping.,"{'id': 'analyst15', 'name': 'Earnings forecasts'}","{'id': 'analyst', 'name': 'Analyst'}","{'id': 'analyst-analyst-estimates', 'name': 'Analyst Estimates'}",USA,1,TOP3000,MATRIX,0.9949,30,64,1.2,[]
anl15_bpsgics_ind_cal_fy2_6m_chg,The weighted 6-month percent change of book value per share (BPS) estimation for the calendarized 2 fiscal years aggregated within GICS industry grouping.,"{'id': 'analyst15', 'name': 'Earnings forecasts'}","{'id': 'analyst', 'name': 'Analyst'}","{'id': 'analyst-analyst-estimates', 'name': 'Analyst Estimates'}",USA,1,TOP3000,MATRIX,0.9938,24,353,1.2,[]
anl15_bpsgics_ind_cal_fy2_cos,The number of companies with a calendarized 2 fiscal year book value per share (BPS) estimation within GICS industry grouping.,"{'id': 'analyst15', 'name': 'Earnings forecasts'}","{'id': 'analyst', 'name': 'Analyst'}","{'id': 'analyst-analyst-estimates', 'name': 'Analyst Estimates'}",USA,1,TOP3000,MATRIX,0.9981,53,371,1.2,[]
anl15_bpsgics_ind_cal_fy2_ests,The total number of calendarized 2 fiscal year book value per share (BPS) estimation within GICS industry grouping.,"{'id': 'analyst15', 'name': 'Earnings forecasts'}","{'id': 'analyst', 'name': 'Analyst'}","{'id': 'analyst-analyst-estimates', 'name': 'Analyst Estimates'}",USA,1,TOP3000,MATRIX,0.9981,44,116,1.2,[]
anl15_bpsgics_ind_cal_fy2_gro,The weighted year over year growth of book value per share (BPS) estimation for the calendarized 2 fiscal year aggregated within GICS industry grouping.,"{'id': 'analyst15', 'name': 'Earnings forecasts'}","{'id': 'analyst', 'name': 'Analyst'}","{'id': 'analyst-analyst-estimates', 'name': 'Analyst Estimates'}",USA,1,TOP3000,MATRIX,0.9966,40,67,1.2,[]
anl15_bpsgics_ind_cal_fy2_mean,The weighted average of book value per share (BPS) estimation for the calendarized 2 fiscal years aggregated within GICS industry grouping.,"{'id': 'analyst15', 'name': 'Earnings forecasts'}","{'id': 'analyst', 'name': 'Analyst'}","{'id': 'analyst-analyst-estimates', 'name': 'Analyst Estimates'}",USA,1,TOP3000,MATRIX,0.9981,30,236,1.2,[]
anl15_bpsgics_ind_cal_fy2_pe,The weighted average price/earnings ratio based on EPS estimation for the calendarized 2 fiscal year aggregated within GICS industry grouping.,"{'id': 'analyst15', 'name': 'Earnings forecasts'}","{'id': 'analyst', 'name': 'Analyst'}","{'id': 'analyst-analyst-estimates', 'name': 'Analyst Estimates'}",USA,1,TOP3000,MATRIX,0.9972,52,123,1.2,[]
anl15_bpsgics_ind_cal_fy2_st_dev,The weighted average standard deviation of book value per share (BPS) estimation for the calendarized 2 fiscal years aggregated within GICS industry grouping.,"{'id': 'analyst15', 'name': 'Earnings forecasts'}","{'id': 'analyst', 'name': 'Analyst'}","{'id': 'analyst-analyst-estimates', 'name': 'Analyst Estimates'}",USA,1,TOP3000,MATRIX,0.9915,37,168,1.2,[]
anl15_bpsgics_ind_cal_fy2_total,The total of book value per share (BPS) estimation for the calendarized 2 fiscal years aggregated within GICS industry grouping.,"{'id': 'analyst15', 'name': 'Earnings forecasts'}","{'id': 'analyst', 'name': 'Analyst'}","{'id': 'analyst-analyst-estimates', 'name': 'Analyst Estimates'}",USA,1,TOP3000,MATRIX,0.9981,28,59,1.2,[]
anl15_bpsgics_ind_cal_fy3_1m_chg,The weighted 1-month percent change of book value per share (BPS) estimation for the calendarized 3 fiscal years aggregated within GICS industry grouping.,"{'id': 'analyst15', 'name': 'Earnings forecasts'}","{'id': 'analyst', 'name': 'Analyst'}","{'id': 'analyst-analyst-estimates', 'name': 'Analyst Estimates'}",USA,1,TOP3000,MATRIX,0.9781,30,385,1.2,[]
anl15_bpsgics_ind_cal_fy3_3m_chg,The weighted 3-month percent change of book value per share (BPS) estimation for the calendarized three fiscal years aggregated within GICS industry grouping.,"{'id': 'analyst15', 'name': 'Earnings forecasts'}","{'id': 'analyst', 'name': 'Analyst'}","{'id': 'analyst-analyst-estimates', 'name': 'Analyst Estimates'}",USA,1,TOP3000,MATRIX,0.9724,36,67,1.2,[]
anl15_bpsgics_ind_cal_fy3_6m_chg,The weighted 6-month percent change of book value per share (BPS) estimation for the calendarized 3 fiscal year aggregated within GICS industry grouping.,"{'id': 'analyst15', 'name': 'Earnings forecasts'}","{'id': 'analyst', 'name': 'Analyst'}","{'id': 'analyst-analyst-estimates', 'name': 'Analyst Estimates'}",USA,1,TOP3000,MATRIX,0.9377,29,54,1.2,[]
anl15_bpsgics_ind_cal_fy3_cos,The number of companies with a calendarized 3 fiscal year book value per share (BPS) estimation within GICS industry grouping.,"{'id': 'analyst15', 'name': 'Earnings forecasts'}","{'id': 'analyst', 'name': 'Analyst'}","{'id': 'analyst-analyst-estimates', 'name': 'Analyst Estimates'}",USA,1,TOP3000,MATRIX,0.9917,33,165,1.2,[]
anl15_bpsgics_ind_cal_fy3_ests,The total number of calendarized 3 fiscal year book value per share (BPS) estimation within GICS industry grouping.,"{'id': 'analyst15', 'name': 'Earnings forecasts'}","{'id': 'analyst', 'name': 'Analyst'}","{'id': 'analyst-analyst-estimates', 'name': 'Analyst Estimates'}",USA,1,TOP3000,MATRIX,0.9917,43,117,1.2,[]
anl15_bpsgics_ind_cal_fy3_gro,The weighted year-over-year growth of book value per share (BPS) estimation for the calendarized 3 fiscal year aggregated within GICS industry grouping.,"{'id': 'analyst15', 'name': 'Earnings forecasts'}","{'id': 'analyst', 'name': 'Analyst'}","{'id': 'analyst-analyst-estimates', 'name': 'Analyst Estimates'}",USA,1,TOP3000,MATRIX,0.9907,20,56,1.2,[]
anl15_bpsgics_ind_cal_fy3_mean,The weighted average of book value per share (BPS) estimation for the calendarized 3 fiscal years aggregated within GICS industry grouping.,"{'id': 'analyst15', 'name': 'Earnings forecasts'}","{'id': 'analyst', 'name': 'Analyst'}","{'id': 'analyst-analyst-estimates', 'name': 'Analyst Estimates'}",USA,1,TOP3000,MATRIX,0.9917,25,449,1.2,[]
anl15_bpsgics_ind_cal_fy3_pe,The weighted average price/earnings ratio based on EPS estimation for the calendarized 3 fiscal years aggregated within GICS industry grouping.,"{'id': 'analyst15', 'name': 'Earnings forecasts'}","{'id': 'analyst', 'name': 'Analyst'}","{'id': 'analyst-analyst-estimates', 'name': 'Analyst Estimates'}",USA,1,TOP3000,MATRIX,0.9898,44,92,1.2,[]
anl15_bpsgics_ind_cal_fy3_st_dev,The weighted average standard deviation of book value per share (BPS) estimation for the calendarized 3 fiscal years aggregated within GICS industry grouping.,"{'id': 'analyst15', 'name': 'Earnings forecasts'}","{'id': 'analyst', 'name': 'Analyst'}","{'id': 'analyst-analyst-estimates', 'name': 'Analyst Estimates'}",USA,1,TOP3000,MATRIX,0.9501,17,108,1.2,[]
anl15_bpsgics_ind_cal_fy3_total,The total of book value per share (BPS) estimation for the calendarized 3 fiscal years aggregated within GICS industry grouping.,"{'id': 'analyst15', 'name': 'Earnings forecasts'}","{'id': 'analyst', 'name': 'Analyst'}","{'id': 'analyst-analyst-estimates', 'name': 'Analyst Estimates'}",USA,1,TOP3000,MATRIX,0.9917,81,1767,1.2,[]
anl15_bpsgics_ind_fy1_cos_dn,The number of companies for which book value per share (BPS) estimation for the calendarized 1 fiscal year has been lowered from last month within GICS industry grouping.,"{'id': 'analyst15', 'name': 'Earnings forecasts'}","{'id': 'analyst', 'name': 'Analyst'}","{'id': 'analyst-analyst-estimates', 'name': 'Analyst Estimates'}",USA,1,TOP3000,MATRIX,0.9887,26,231,1.2,[]
anl15_bpsgics_ind_fy1_cos_up,The number of companies for which book value per share (BPS) estimation for the calendarized 1 fiscal year has been raised from last month within GICS industry grouping.,"{'id': 'analyst15', 'name': 'Earnings forecasts'}","{'id': 'analyst', 'name': 'Analyst'}","{'id': 'analyst-analyst-estimates', 'name': 'Analyst Estimates'}",USA,1,TOP3000,MATRIX,0.9833,27,40,1.2,[]
anl15_bpsgics_ind_fy1_ests_dn,"Count of unique IDs of industry participants. Industry stands for an aggregate view of all  equity clearance activity for the date, symbol, and transaction type in question.","{'id': 'analyst15', 'name': 'Earnings forecasts'}","{'id': 'analyst', 'name': 'Analyst'}","{'id': 'analyst-analyst-estimates', 'name': 'Analyst Estimates'}",USA,1,TOP3000,MATRIX,0.986,38,58,1.2,[]
anl15_bpsgics_ind_fy1_ests_up,"Count of unique IDs of industry participants. Industry stands for an aggregate view of all  equity clearance activity for the date, symbol, and transaction type in question.","{'id': 'analyst15', 'name': 'Earnings forecasts'}","{'id': 'analyst', 'name': 'Analyst'}","{'id': 'analyst-analyst-estimates', 'name': 'Analyst Estimates'}",USA,1,TOP3000,MATRIX,0.9815,20,36,1.2,[]
anl15_bpsgics_ind_fy2_cos_dn,The number of companies for which book value per share (BPS) estimation for the calendarized 2 fiscal years has been lowered from last month within GICS industry grouping.,"{'id': 'analyst15', 'name': 'Earnings forecasts'}","{'id': 'analyst', 'name': 'Analyst'}","{'id': 'analyst-analyst-estimates', 'name': 'Analyst Estimates'}",USA,1,TOP3000,MATRIX,0.9897,24,35,1.2,[]
anl15_bpsgics_ind_fy2_cos_up,The number of companies for which book value per share (BPS) estimation for the calendarized 2 fiscal years has been raised from last month within GICS industry grouping.,"{'id': 'analyst15', 'name': 'Earnings forecasts'}","{'id': 'analyst', 'name': 'Analyst'}","{'id': 'analyst-analyst-estimates', 'name': 'Analyst Estimates'}",USA,1,TOP3000,MATRIX,0.9833,26,829,1.2,[]
anl15_bpsgics_ind_fy2_ests_dn,"Count of unique IDs of industry participants. Industry stands for an aggregate view of all  equity clearance activity for the date, symbol, and transaction type in question.","{'id': 'analyst15', 'name': 'Earnings forecasts'}","{'id': 'analyst', 'name': 'Analyst'}","{'id': 'analyst-analyst-estimates', 'name': 'Analyst Estimates'}",USA,1,TOP3000,MATRIX,0.9864,21,32,1.2,[]
anl15_bpsgics_ind_fy2_ests_up,"Count of unique IDs of industry participants. Industry stands for an aggregate view of all  equity clearance activity for the date, symbol, and transaction type in question.","{'id': 'analyst15', 'name': 'Earnings forecasts'}","{'id': 'analyst', 'name': 'Analyst'}","{'id': 'analyst-analyst-estimates', 'name': 'Analyst Estimates'}",USA,1,TOP3000,MATRIX,0.9834,58,291,1.2,[]
anl15_bpsgics_ind_fy3_cos_dn,The number of companies for which book value per share (BPS) estimation for the calendarized 3 fiscal year has been lowered from last month within GICS industry grouping.,"{'id': 'analyst15', 'name': 'Earnings forecasts'}","{'id': 'analyst', 'name': 'Analyst'}","{'id': 'analyst-analyst-estimates', 'name': 'Analyst Estimates'}",USA,1,TOP3000,MATRIX,0.9623,44,215,1.2,[]
anl15_bpsgics_ind_fy3_cos_up,The number of companies for which book value per share (BPS) estimation for the calendarized three fiscal years has been raised from last month within GICS industry grouping.,"{'id': 'analyst15', 'name': 'Earnings forecasts'}","{'id': 'analyst', 'name': 'Analyst'}","{'id': 'analyst-analyst-estimates', 'name': 'Analyst Estimates'}",USA,1,TOP3000,MATRIX,0.9575,29,195,1.2,[]
anl15_bpsgics_ind_fy3_ests_dn,"Count of unique IDs of industry participants. Industry stands for an aggregate view of all  equity clearance activity for the date, symbol, and transaction type in question.","{'id': 'analyst15', 'name': 'Earnings forecasts'}","{'id': 'analyst', 'name': 'Analyst'}","{'id': 'analyst-analyst-estimates', 'name': 'Analyst Estimates'}",USA,1,TOP3000,MATRIX,0.9506,46,278,1.2,[]
anl15_bpsgics_ind_fy3_ests_up,"Count of unique IDs of industry participants. Industry stands for an aggregate view of all  equity clearance activity for the date, symbol, and transaction type in question.","{'id': 'analyst15', 'name': 'Earnings forecasts'}","{'id': 'analyst', 'name': 'Analyst'}","{'id': 'analyst-analyst-estimates', 'name': 'Analyst Estimates'}",USA,1,TOP3000,MATRIX,0.9465,19,90,1.2,[]
anl15_bpsgics_s_12_m_1m_chg,The weighted 1-month percent change of 12-month forward book value per share (BPS) estimation aggregated within GICS sector grouping.,"{'id': 'analyst15', 'name': 'Earnings forecasts'}","{'id': 'analyst', 'name': 'Analyst'}","{'id': 'analyst-analyst-estimates', 'name': 'Analyst Estimates'}",USA,1,TOP3000,MATRIX,1.0,35,141,1.2,[]
anl15_bpsgics_s_12_m_3m_chg,The weighted 3-month percent change of 12-month forward book value per share (BPS) estimation aggregated within GICS sector grouping.,"{'id': 'analyst15', 'name': 'Earnings forecasts'}","{'id': 'analyst', 'name': 'Analyst'}","{'id': 'analyst-analyst-estimates', 'name': 'Analyst Estimates'}",USA,1,TOP3000,MATRIX,1.0,35,214,1.2,[]
anl15_bpsgics_s_12_m_6m_chg,The weighted 6-month percent change of 12-month forward book value per share (BPS) estimation aggregated within GICS sector grouping.,"{'id': 'analyst15', 'name': 'Earnings forecasts'}","{'id': 'analyst', 'name': 'Analyst'}","{'id': 'analyst-analyst-estimates', 'name': 'Analyst Estimates'}",USA,1,TOP3000,MATRIX,1.0,42,373,1.2,[]
anl15_bpsgics_s_12_m_cos,The number of companies with a 12-month forward mean book value per share (BPS) estimation within GICS sector grouping.,"{'id': 'analyst15', 'name': 'Earnings forecasts'}","{'id': 'analyst', 'name': 'Analyst'}","{'id': 'analyst-analyst-estimates', 'name': 'Analyst Estimates'}",USA,1,TOP3000,MATRIX,1.0,42,88,1.2,[]
anl15_bpsgics_s_12_m_cos_dn,The number of companies for which 12-month forward mean book value per share (BPS) estimation has been lowered from last month within GICS sector grouping.,"{'id': 'analyst15', 'name': 'Earnings forecasts'}","{'id': 'analyst', 'name': 'Analyst'}","{'id': 'analyst-analyst-estimates', 'name': 'Analyst Estimates'}",USA,1,TOP3000,MATRIX,1.0,71,824,1.2,[]
anl15_bpsgics_s_12_m_cos_up,The number of companies for which 12-month forward mean book value per share (BPS) estimation has been raised from last month within GICS sector grouping.,"{'id': 'analyst15', 'name': 'Earnings forecasts'}","{'id': 'analyst', 'name': 'Analyst'}","{'id': 'analyst-analyst-estimates', 'name': 'Analyst Estimates'}",USA,1,TOP3000,MATRIX,1.0,19,237,1.2,[]
anl15_bpsgics_s_12_m_ests,The 12-month forward pro-rated total number of estimates within GICS sector grouping.,"{'id': 'analyst15', 'name': 'Earnings forecasts'}","{'id': 'analyst', 'name': 'Analyst'}","{'id': 'analyst-analyst-estimates', 'name': 'Analyst Estimates'}",USA,1,TOP3000,MATRIX,1.0,31,93,1.2,[]
anl15_bpsgics_s_12_m_ests_dn,"Count of unique IDs of industry participants. Industry stands for an aggregate view of all  equity clearance activity for the date, symbol, and transaction type in question.","{'id': 'analyst15', 'name': 'Earnings forecasts'}","{'id': 'analyst', 'name': 'Analyst'}","{'id': 'analyst-analyst-estimates', 'name': 'Analyst Estimates'}",USA,1,TOP3000,MATRIX,1.0,78,294,1.2,[]
anl15_bpsgics_s_12_m_ests_up,"Count of unique IDs of industry participants. Industry stands for an aggregate view of all  equity clearance activity for the date, symbol, and transaction type in question.","{'id': 'analyst15', 'name': 'Earnings forecasts'}","{'id': 'analyst', 'name': 'Analyst'}","{'id': 'analyst-analyst-estimates', 'name': 'Analyst Estimates'}",USA,1,TOP3000,MATRIX,1.0,44,94,1.2,[]
anl15_bpsgics_s_12_m_gro,The weighted 12-month forward year-over-year growth of book value per share (BPS) estimation aggregated within GICS sector grouping.,"{'id': 'analyst15', 'name': 'Earnings forecasts'}","{'id': 'analyst', 'name': 'Analyst'}","{'id': 'analyst-analyst-estimates', 'name': 'Analyst Estimates'}",USA,1,TOP3000,MATRIX,1.0,30,62,1.2,[]
anl15_bpsgics_s_12_m_mean,The weighted average of 12-month forward book value per share (BPS) estimation aggregated within GICS sector grouping.,"{'id': 'analyst15', 'name': 'Earnings forecasts'}","{'id': 'analyst', 'name': 'Analyst'}","{'id': 'analyst-analyst-estimates', 'name': 'Analyst Estimates'}",USA,1,TOP3000,MATRIX,1.0,26,56,1.2,[]
anl15_bpsgics_s_12_m_pe,The weighted average price/earnings ratio based on 12-month forward EPS estimation aggregated within GICS sector grouping.,"{'id': 'analyst15', 'name': 'Earnings forecasts'}","{'id': 'analyst', 'name': 'Analyst'}","{'id': 'analyst-analyst-estimates', 'name': 'Analyst Estimates'}",USA,1,TOP3000,MATRIX,1.0,62,159,1.2,[]
anl15_bpsgics_s_12_m_st_dev,The weighted average standard deviation of 12-month forward book value per share (BPS) estimation aggregated within GICS sector grouping.,"{'id': 'analyst15', 'name': 'Earnings forecasts'}","{'id': 'analyst', 'name': 'Analyst'}","{'id': 'analyst-analyst-estimates', 'name': 'Analyst Estimates'}",USA,1,TOP3000,MATRIX,1.0,31,65,1.2,[]
anl15_bpsgics_s_12_m_total,The total of 12-month forward book value per share (BPS) estimation aggregated within GICS sector grouping.,"{'id': 'analyst15', 'name': 'Earnings forecasts'}","{'id': 'analyst', 'name': 'Analyst'}","{'id': 'analyst-analyst-estimates', 'name': 'Analyst Estimates'}",USA,1,TOP3000,MATRIX,1.0,28,47,1.2,[]
anl15_bpsgics_s_12_m_tr_mean,The weighted average of 12-month trailing book value per share (BPS) aggregated within GICS sector grouping.,"{'id': 'analyst15', 'name': 'Earnings forecasts'}","{'id': 'analyst', 'name': 'Analyst'}","{'id': 'analyst-analyst-estimates', 'name': 'Analyst Estimates'}",USA,1,TOP3000,MATRIX,1.0,28,288,1.2,[]
anl15_bpsgics_s_18_m_1m_chg,The weighted 1-month percent change of 18-month forward book value per share (BPS) estimation aggregated within GICS sector grouping.,"{'id': 'analyst15', 'name': 'Earnings forecasts'}","{'id': 'analyst', 'name': 'Analyst'}","{'id': 'analyst-analyst-estimates', 'name': 'Analyst Estimates'}",USA,1,TOP3000,MATRIX,1.0,49,99,1.2,[]
anl15_bpsgics_s_18_m_3m_chg,The weighted 3-month percent change of 18-month forward book value per share (BPS) estimation aggregated within GICS sector grouping.,"{'id': 'analyst15', 'name': 'Earnings forecasts'}","{'id': 'analyst', 'name': 'Analyst'}","{'id': 'analyst-analyst-estimates', 'name': 'Analyst Estimates'}",USA,1,TOP3000,MATRIX,1.0,51,84,1.2,[]
anl15_bpsgics_s_18_m_6m_chg,The weighted 6-month percent change of 18-month forward book value per share (BPS) estimation aggregated within GICS sector grouping.,"{'id': 'analyst15', 'name': 'Earnings forecasts'}","{'id': 'analyst', 'name': 'Analyst'}","{'id': 'analyst-analyst-estimates', 'name': 'Analyst Estimates'}",USA,1,TOP3000,MATRIX,1.0,28,50,1.2,[]
anl15_bpsgics_s_18_m_cos,The number of companies with an 18-month forward mean book value per share (BPS) estimation within GICS sector grouping.,"{'id': 'analyst15', 'name': 'Earnings forecasts'}","{'id': 'analyst', 'name': 'Analyst'}","{'id': 'analyst-analyst-estimates', 'name': 'Analyst Estimates'}",USA,1,TOP3000,MATRIX,1.0,43,78,1.2,[]
anl15_bpsgics_s_18_m_cos_dn,The number of companies for which 18-month forward mean book value per share (BPS) estimation has been lowered from last month within GICS sector grouping.,"{'id': 'analyst15', 'name': 'Earnings forecasts'}","{'id': 'analyst', 'name': 'Analyst'}","{'id': 'analyst-analyst-estimates', 'name': 'Analyst Estimates'}",USA,1,TOP3000,MATRIX,1.0,72,289,1.2,[]
anl15_bpsgics_s_18_m_cos_up,The number of companies for which 18-month forward mean book value per share (BPS) estimation has been raised from last month within GICS sector grouping.,"{'id': 'analyst15', 'name': 'Earnings forecasts'}","{'id': 'analyst', 'name': 'Analyst'}","{'id': 'analyst-analyst-estimates', 'name': 'Analyst Estimates'}",USA,1,TOP3000,MATRIX,1.0,42,184,1.2,[]
anl15_bpsgics_s_18_m_ests,The 18-month forward pro-rated total number of estimates within GICS sector grouping.,"{'id': 'analyst15', 'name': 'Earnings forecasts'}","{'id': 'analyst', 'name': 'Analyst'}","{'id': 'analyst-analyst-estimates', 'name': 'Analyst Estimates'}",USA,1,TOP3000,MATRIX,1.0,46,195,1.2,[]
anl15_bpsgics_s_18_m_ests_dn,The 18 month forward pro-rated total number of estimates which have been lowered since last month within GICS sector grouping.,"{'id': 'analyst15', 'name': 'Earnings forecasts'}","{'id': 'analyst', 'name': 'Analyst'}","{'id': 'analyst-analyst-estimates', 'name': 'Analyst Estimates'}",USA,1,TOP3000,MATRIX,1.0,60,145,1.2,[]
anl15_bpsgics_s_18_m_ests_up,"Count of unique IDs of industry participants. Industry stands for an aggregate view of all  equity clearance activity for the date, symbol, and transaction type in question.","{'id': 'analyst15', 'name': 'Earnings forecasts'}","{'id': 'analyst', 'name': 'Analyst'}","{'id': 'analyst-analyst-estimates', 'name': 'Analyst Estimates'}",USA,1,TOP3000,MATRIX,1.0,40,82,1.2,[]
anl15_bpsgics_s_18_m_gro,The weighted 18-month forward year-over-year growth of book value per share (BPS) estimation aggregated within GICS sector grouping.,"{'id': 'analyst15', 'name': 'Earnings forecasts'}","{'id': 'analyst', 'name': 'Analyst'}","{'id': 'analyst-analyst-estimates', 'name': 'Analyst Estimates'}",USA,1,TOP3000,MATRIX,1.0,30,66,1.2,[]
anl15_bpsgics_s_18_m_mean,The weighted average of 18-month forward book value per share (BPS) estimation aggregated within GICS sector grouping.,"{'id': 'analyst15', 'name': 'Earnings forecasts'}","{'id': 'analyst', 'name': 'Analyst'}","{'id': 'analyst-analyst-estimates', 'name': 'Analyst Estimates'}",USA,1,TOP3000,MATRIX,1.0,37,99,1.2,[]
anl15_bpsgics_s_18_m_pe,The weighted average price/earnings ratio based on 18-month forward EPS estimation aggregated within GICS sector grouping.,"{'id': 'analyst15', 'name': 'Earnings forecasts'}","{'id': 'analyst', 'name': 'Analyst'}","{'id': 'analyst-analyst-estimates', 'name': 'Analyst Estimates'}",USA,1,TOP3000,MATRIX,1.0,45,107,1.2,[]
anl15_bpsgics_s_18_m_st_dev,The weighted average standard deviation of 18-month forward book value per share (BPS) estimation aggregated within GICS sector grouping.,"{'id': 'analyst15', 'name': 'Earnings forecasts'}","{'id': 'analyst', 'name': 'Analyst'}","{'id': 'analyst-analyst-estimates', 'name': 'Analyst Estimates'}",USA,1,TOP3000,MATRIX,1.0,46,453,1.2,[]
anl15_bpsgics_s_18_m_total,The total of 18-month forward book value per share (BPS) estimation aggregated within GICS sector grouping.,"{'id': 'analyst15', 'name': 'Earnings forecasts'}","{'id': 'analyst', 'name': 'Analyst'}","{'id': 'analyst-analyst-estimates', 'name': 'Analyst Estimates'}",USA,1,TOP3000,MATRIX,1.0,35,72,1.2,[]
anl15_bpsgics_s_cal_fy0_gro,The weighted year-over-year growth of book value per share (BPS) estimation for the current calendarized fiscal year aggregated within GICS sector grouping.,"{'id': 'analyst15', 'name': 'Earnings forecasts'}","{'id': 'analyst', 'name': 'Analyst'}","{'id': 'analyst-analyst-estimates', 'name': 'Analyst Estimates'}",USA,1,TOP3000,MATRIX,1.0,33,113,1.2,[]
anl15_bpsgics_s_cal_fy0_pe,The weighted average price/earnings ratio based on EPS estimation for the current calendarized fiscal year aggregated within GICS sector grouping.,"{'id': 'analyst15', 'name': 'Earnings forecasts'}","{'id': 'analyst', 'name': 'Analyst'}","{'id': 'analyst-analyst-estimates', 'name': 'Analyst Estimates'}",USA,1,TOP3000,MATRIX,1.0,42,79,1.2,[]
anl15_bpsgics_s_cal_fy0_total,The total of book value per share (BPS) estimation for the current calendarized fiscal year aggregated within GICS sector grouping.,"{'id': 'analyst15', 'name': 'Earnings forecasts'}","{'id': 'analyst', 'name': 'Analyst'}","{'id': 'analyst-analyst-estimates', 'name': 'Analyst Estimates'}",USA,1,TOP3000,MATRIX,1.0,34,54,1.2,[]
anl15_bpsgics_s_cal_fy0_val,The weighted average of book value per share (BPS) estimation for the current calendarized fiscal year aggregated within GICS sector grouping.,"{'id': 'analyst15', 'name': 'Earnings forecasts'}","{'id': 'analyst', 'name': 'Analyst'}","{'id': 'analyst-analyst-estimates', 'name': 'Analyst Estimates'}",USA,1,TOP3000,MATRIX,1.0,49,396,1.2,[]
anl15_bpsgics_s_cal_fy1_1m_chg,The weighted one-month percent change of book value per share (BPS) estimation for the calendarized one fiscal year aggregated within GICS sector grouping.,"{'id': 'analyst15', 'name': 'Earnings forecasts'}","{'id': 'analyst', 'name': 'Analyst'}","{'id': 'analyst-analyst-estimates', 'name': 'Analyst Estimates'}",USA,1,TOP3000,MATRIX,1.0,44,93,1.2,[]
anl15_bpsgics_s_cal_fy1_3m_chg,The weighted 3-month percent change of book value per share (BPS) estimation for the calendarized 1 fiscal year aggregated within GICS sector grouping.,"{'id': 'analyst15', 'name': 'Earnings forecasts'}","{'id': 'analyst', 'name': 'Analyst'}","{'id': 'analyst-analyst-estimates', 'name': 'Analyst Estimates'}",USA,1,TOP3000,MATRIX,1.0,42,69,1.2,[]
anl15_bpsgics_s_cal_fy1_6m_chg,The weighted 6-month percent change of book value per share (BPS) estimation for the calendarized one fiscal year aggregated within GICS sector grouping.,"{'id': 'analyst15', 'name': 'Earnings forecasts'}","{'id': 'analyst', 'name': 'Analyst'}","{'id': 'analyst-analyst-estimates', 'name': 'Analyst Estimates'}",USA,1,TOP3000,MATRIX,1.0,25,47,1.2,[]
anl15_bpsgics_s_cal_fy1_cos,The number of companies with a calendarized 1 fiscal year book value per share (BPS) estimation within GICS sector grouping.,"{'id': 'analyst15', 'name': 'Earnings forecasts'}","{'id': 'analyst', 'name': 'Analyst'}","{'id': 'analyst-analyst-estimates', 'name': 'Analyst Estimates'}",USA,1,TOP3000,MATRIX,1.0,46,126,1.2,[]
anl15_bpsgics_s_cal_fy1_ests,The total number of calendarized 1 fiscal year book value per share (BPS) estimation within GICS sector grouping.,"{'id': 'analyst15', 'name': 'Earnings forecasts'}","{'id': 'analyst', 'name': 'Analyst'}","{'id': 'analyst-analyst-estimates', 'name': 'Analyst Estimates'}",USA,1,TOP3000,MATRIX,1.0,30,265,1.2,[]
anl15_bpsgics_s_cal_fy1_gro,The weighted year-over-year growth of book value per share (BPS) estimation for the calendarized 1 fiscal year aggregated within GICS sector grouping.,"{'id': 'analyst15', 'name': 'Earnings forecasts'}","{'id': 'analyst', 'name': 'Analyst'}","{'id': 'analyst-analyst-estimates', 'name': 'Analyst Estimates'}",USA,1,TOP3000,MATRIX,1.0,27,39,1.2,[]
anl15_bpsgics_s_cal_fy1_mean,The weighted average of book value per share (BPS) estimation for the calendarized 1 fiscal year aggregated within GICS sector grouping.,"{'id': 'analyst15', 'name': 'Earnings forecasts'}","{'id': 'analyst', 'name': 'Analyst'}","{'id': 'analyst-analyst-estimates', 'name': 'Analyst Estimates'}",USA,1,TOP3000,MATRIX,1.0,64,280,1.2,[]
anl15_bpsgics_s_cal_fy1_pe,The weighted average price/earnings ratio based on EPS estimation for the calendarized 1 fiscal year aggregated within GICS sector grouping.,"{'id': 'analyst15', 'name': 'Earnings forecasts'}","{'id': 'analyst', 'name': 'Analyst'}","{'id': 'analyst-analyst-estimates', 'name': 'Analyst Estimates'}",USA,1,TOP3000,MATRIX,1.0,71,610,1.2,[]
anl15_bpsgics_s_cal_fy1_st_dev,The weighted average standard deviation of book value per share (BPS) estimation for the calendarized 1 fiscal year aggregated within GICS sector grouping.,"{'id': 'analyst15', 'name': 'Earnings forecasts'}","{'id': 'analyst', 'name': 'Analyst'}","{'id': 'analyst-analyst-estimates', 'name': 'Analyst Estimates'}",USA,1,TOP3000,MATRIX,1.0,71,276,1.2,[]
anl15_bpsgics_s_cal_fy1_total,The total of book value per share (BPS) estimation for the calendarized 1 fiscal year aggregated within GICS sector grouping.,"{'id': 'analyst15', 'name': 'Earnings forecasts'}","{'id': 'analyst', 'name': 'Analyst'}","{'id': 'analyst-analyst-estimates', 'name': 'Analyst Estimates'}",USA,1,TOP3000,MATRIX,1.0,18,35,1.2,[]
anl15_bpsgics_s_cal_fy2_1m_chg,The weighted 1-month percent change of book value per share (BPS) estimation for the calendarized 2 fiscal years aggregated within GICS sector grouping.,"{'id': 'analyst15', 'name': 'Earnings forecasts'}","{'id': 'analyst', 'name': 'Analyst'}","{'id': 'analyst-analyst-estimates', 'name': 'Analyst Estimates'}",USA,1,TOP3000,MATRIX,1.0,28,253,1.2,[]
anl15_bpsgics_s_cal_fy2_3m_chg,The weighted 3-month percent change of book value per share (BPS) estimation for the calendarized 2 fiscal years aggregated within GICS sector grouping.,"{'id': 'analyst15', 'name': 'Earnings forecasts'}","{'id': 'analyst', 'name': 'Analyst'}","{'id': 'analyst-analyst-estimates', 'name': 'Analyst Estimates'}",USA,1,TOP3000,MATRIX,1.0,26,49,1.2,[]
anl15_bpsgics_s_cal_fy2_6m_chg,The weighted 6-month percent change of book value per share (BPS) estimation for the calendarized 2 fiscal years aggregated within GICS sector grouping.,"{'id': 'analyst15', 'name': 'Earnings forecasts'}","{'id': 'analyst', 'name': 'Analyst'}","{'id': 'analyst-analyst-estimates', 'name': 'Analyst Estimates'}",USA,1,TOP3000,MATRIX,1.0,51,82,1.2,[]
anl15_bpsgics_s_cal_fy2_cos,The number of companies with a calendarized 2 fiscal year book value per share (BPS) estimation within GICS sector grouping.,"{'id': 'analyst15', 'name': 'Earnings forecasts'}","{'id': 'analyst', 'name': 'Analyst'}","{'id': 'analyst-analyst-estimates', 'name': 'Analyst Estimates'}",USA,1,TOP3000,MATRIX,1.0,51,135,1.2,[]
anl15_bpsgics_s_cal_fy2_ests,The total number of calendarized 2-fiscal-year book value per share (BPS) estimation within GICS sector grouping.,"{'id': 'analyst15', 'name': 'Earnings forecasts'}","{'id': 'analyst', 'name': 'Analyst'}","{'id': 'analyst-analyst-estimates', 'name': 'Analyst Estimates'}",USA,1,TOP3000,MATRIX,1.0,41,70,1.2,[]
anl15_bpsgics_s_cal_fy2_gro,The weighted year-over-year growth of book value per share (BPS) estimation for the calendarized two fiscal years aggregated within GICS sector grouping.,"{'id': 'analyst15', 'name': 'Earnings forecasts'}","{'id': 'analyst', 'name': 'Analyst'}","{'id': 'analyst-analyst-estimates', 'name': 'Analyst Estimates'}",USA,1,TOP3000,MATRIX,1.0,25,616,1.2,[]
anl15_bpsgics_s_cal_fy2_mean,The weighted average of book value per share (BPS) estimation for the calendarized 2 fiscal years aggregated within GICS sector grouping.,"{'id': 'analyst15', 'name': 'Earnings forecasts'}","{'id': 'analyst', 'name': 'Analyst'}","{'id': 'analyst-analyst-estimates', 'name': 'Analyst Estimates'}",USA,1,TOP3000,MATRIX,1.0,34,61,1.2,[]
anl15_bpsgics_s_cal_fy2_pe,The weighted average price/earnings ratio based on EPS estimation for the calendarized 2 fiscal years aggregated within GICS sector grouping.,"{'id': 'analyst15', 'name': 'Earnings forecasts'}","{'id': 'analyst', 'name': 'Analyst'}","{'id': 'analyst-analyst-estimates', 'name': 'Analyst Estimates'}",USA,1,TOP3000,MATRIX,1.0,38,111,1.2,[]
anl15_bpsgics_s_cal_fy2_st_dev,The weighted average standard deviation of book value per share (BPS) estimation for the calendarized 2 fiscal year aggregated within GICS sector grouping.,"{'id': 'analyst15', 'name': 'Earnings forecasts'}","{'id': 'analyst', 'name': 'Analyst'}","{'id': 'analyst-analyst-estimates', 'name': 'Analyst Estimates'}",USA,1,TOP3000,MATRIX,1.0,55,199,1.2,[]
anl15_bpsgics_s_cal_fy2_total,The total of book value per share (BPS) estimation for the calendarized 2 fiscal year aggregated within GICS sector grouping.,"{'id': 'analyst15', 'name': 'Earnings forecasts'}","{'id': 'analyst', 'name': 'Analyst'}","{'id': 'analyst-analyst-estimates', 'name': 'Analyst Estimates'}",USA,1,TOP3000,MATRIX,1.0,26,56,1.2,[]
anl15_bpsgics_s_cal_fy3_1m_chg,The weighted 1-month percent change of book value per share (BPS) estimation for the calendarized 3 fiscal years aggregated within GICS sector grouping.,"{'id': 'analyst15', 'name': 'Earnings forecasts'}","{'id': 'analyst', 'name': 'Analyst'}","{'id': 'analyst-analyst-estimates', 'name': 'Analyst Estimates'}",USA,1,TOP3000,MATRIX,1.0,33,85,1.2,[]
anl15_bpsgics_s_cal_fy3_3m_chg,The weighted 3-month percent change of book value per share (BPS) estimation for the calendarized 3 fiscal years aggregated within GICS sector grouping.,"{'id': 'analyst15', 'name': 'Earnings forecasts'}","{'id': 'analyst', 'name': 'Analyst'}","{'id': 'analyst-analyst-estimates', 'name': 'Analyst Estimates'}",USA,1,TOP3000,MATRIX,1.0,56,119,1.2,[]
anl15_bpsgics_s_cal_fy3_6m_chg,The weighted 6-month percent change of book value per share (BPS) estimation for the calendarized 3 fiscal years aggregated within GICS sector grouping.,"{'id': 'analyst15', 'name': 'Earnings forecasts'}","{'id': 'analyst', 'name': 'Analyst'}","{'id': 'analyst-analyst-estimates', 'name': 'Analyst Estimates'}",USA,1,TOP3000,MATRIX,1.0,29,198,1.2,[]
anl15_bpsgics_s_cal_fy3_cos,The number of companies with a calendarized 3 fiscal years book value per share (BPS) estimation within GICS sector grouping.,"{'id': 'analyst15', 'name': 'Earnings forecasts'}","{'id': 'analyst', 'name': 'Analyst'}","{'id': 'analyst-analyst-estimates', 'name': 'Analyst Estimates'}",USA,1,TOP3000,MATRIX,1.0,52,109,1.2,[]
anl15_bpsgics_s_cal_fy3_ests,The total number of calendarized 3 fiscal year book value per share (BPS) estimation within GICS sector grouping.,"{'id': 'analyst15', 'name': 'Earnings forecasts'}","{'id': 'analyst', 'name': 'Analyst'}","{'id': 'analyst-analyst-estimates', 'name': 'Analyst Estimates'}",USA,1,TOP3000,MATRIX,1.0,24,43,1.2,[]
anl15_bpsgics_s_cal_fy3_gro,The weighted year-over-year growth of book value per share (BPS) estimation for the calendarized 3 fiscal years aggregated within GICS sector grouping.,"{'id': 'analyst15', 'name': 'Earnings forecasts'}","{'id': 'analyst', 'name': 'Analyst'}","{'id': 'analyst-analyst-estimates', 'name': 'Analyst Estimates'}",USA,1,TOP3000,MATRIX,1.0,48,88,1.2,[]
anl15_bpsgics_s_cal_fy3_mean,The weighted average of book value per share (BPS) estimation for the calendarized 3 fiscal years aggregated within GICS sector grouping.,"{'id': 'analyst15', 'name': 'Earnings forecasts'}","{'id': 'analyst', 'name': 'Analyst'}","{'id': 'analyst-analyst-estimates', 'name': 'Analyst Estimates'}",USA,1,TOP3000,MATRIX,1.0,57,130,1.2,[]
anl15_bpsgics_s_cal_fy3_pe,The weighted average price/earnings ratio based on EPS estimation for the calendarized 3 fiscal years aggregated within GICS sector grouping.,"{'id': 'analyst15', 'name': 'Earnings forecasts'}","{'id': 'analyst', 'name': 'Analyst'}","{'id': 'analyst-analyst-estimates', 'name': 'Analyst Estimates'}",USA,1,TOP3000,MATRIX,1.0,51,117,1.2,[]
anl15_bpsgics_s_cal_fy3_st_dev,The weighted average standard deviation of book value per share (BPS) estimation for the calendarized 3 fiscal years aggregated within GICS sector grouping.,"{'id': 'analyst15', 'name': 'Earnings forecasts'}","{'id': 'analyst', 'name': 'Analyst'}","{'id': 'analyst-analyst-estimates', 'name': 'Analyst Estimates'}",USA,1,TOP3000,MATRIX,1.0,46,71,1.2,[]
anl15_bpsgics_s_cal_fy3_total,The total of book value per share (BPS) estimation for the calendarized 3 fiscal years aggregated within GICS sector grouping.,"{'id': 'analyst15', 'name': 'Earnings forecasts'}","{'id': 'analyst', 'name': 'Analyst'}","{'id': 'analyst-analyst-estimates', 'name': 'Analyst Estimates'}",USA,1,TOP3000,MATRIX,1.0,50,101,1.2,[]
anl15_bpsgics_s_fy1_cos_dn,The number of companies for which book value per share (BPS) estimation for the calendarized 1 fiscal year has been lowered from last month within GICS sector grouping.,"{'id': 'analyst15', 'name': 'Earnings forecasts'}","{'id': 'analyst', 'name': 'Analyst'}","{'id': 'analyst-analyst-estimates', 'name': 'Analyst Estimates'}",USA,1,TOP3000,MATRIX,1.0,71,130,1.2,[]
anl15_bpsgics_s_fy1_cos_up,The number of companies for which book value per share (BPS) estimation for the calendarized one fiscal year has been raised from last month within GICS sector grouping.,"{'id': 'analyst15', 'name': 'Earnings forecasts'}","{'id': 'analyst', 'name': 'Analyst'}","{'id': 'analyst-analyst-estimates', 'name': 'Analyst Estimates'}",USA,1,TOP3000,MATRIX,1.0,20,33,1.2,[]
anl15_bpsgics_s_fy1_ests_dn,"Count of unique IDs of industry participants. Industry stands for an aggregate view of all  equity clearance activity for the date, symbol, and transaction type in question.","{'id': 'analyst15', 'name': 'Earnings forecasts'}","{'id': 'analyst', 'name': 'Analyst'}","{'id': 'analyst-analyst-estimates', 'name': 'Analyst Estimates'}",USA,1,TOP3000,MATRIX,1.0,54,773,1.2,[]
anl15_bpsgics_s_fy1_ests_up,"Count of unique IDs of industry participants. Industry stands for an aggregate view of all  equity clearance activity for the date, symbol, and transaction type in question.","{'id': 'analyst15', 'name': 'Earnings forecasts'}","{'id': 'analyst', 'name': 'Analyst'}","{'id': 'analyst-analyst-estimates', 'name': 'Analyst Estimates'}",USA,1,TOP3000,MATRIX,1.0,26,293,1.2,[]
anl15_bpsgics_s_fy2_cos_dn,The number of companies for which book value per share (BPS) estimation for the calendarized 2 fiscal years has been lowered from last month within GICS sector grouping.,"{'id': 'analyst15', 'name': 'Earnings forecasts'}","{'id': 'analyst', 'name': 'Analyst'}","{'id': 'analyst-analyst-estimates', 'name': 'Analyst Estimates'}",USA,1,TOP3000,MATRIX,1.0,79,197,1.2,[]
anl15_bpsgics_s_fy2_cos_up,The number of companies for which book value per share (BPS) estimation for the calendarized 2 fiscal years has been raised from last month within GICS sector grouping.,"{'id': 'analyst15', 'name': 'Earnings forecasts'}","{'id': 'analyst', 'name': 'Analyst'}","{'id': 'analyst-analyst-estimates', 'name': 'Analyst Estimates'}",USA,1,TOP3000,MATRIX,1.0,89,1601,1.2,[]
anl15_bpsgics_s_fy2_ests_dn,"Count of unique IDs of industry participants. Industry stands for an aggregate view of all  equity clearance activity for the date, symbol, and transaction type in question.","{'id': 'analyst15', 'name': 'Earnings forecasts'}","{'id': 'analyst', 'name': 'Analyst'}","{'id': 'analyst-analyst-estimates', 'name': 'Analyst Estimates'}",USA,1,TOP3000,MATRIX,1.0,66,165,1.2,[]
anl15_bpsgics_s_fy2_ests_up,"Count of unique IDs of industry participants. Industry stands for an aggregate view of all  equity clearance activity for the date, symbol, and transaction type in question.","{'id': 'analyst15', 'name': 'Earnings forecasts'}","{'id': 'analyst', 'name': 'Analyst'}","{'id': 'analyst-analyst-estimates', 'name': 'Analyst Estimates'}",USA,1,TOP3000,MATRIX,1.0,20,116,1.2,[]
anl15_bpsgics_s_fy3_cos_dn,The number of companies for which book value per share (BPS) estimation for the calendarized 3 fiscal year has been lowered from last month within GICS sector grouping.,"{'id': 'analyst15', 'name': 'Earnings forecasts'}","{'id': 'analyst', 'name': 'Analyst'}","{'id': 'analyst-analyst-estimates', 'name': 'Analyst Estimates'}",USA,1,TOP3000,MATRIX,1.0,68,143,1.2,[]
anl15_bpsgics_s_fy3_cos_up,The number of companies for which book value per share (BPS) estimation for the calendarized 3 fiscal years has been raised from last month within GICS sector grouping.,"{'id': 'analyst15', 'name': 'Earnings forecasts'}","{'id': 'analyst', 'name': 'Analyst'}","{'id': 'analyst-analyst-estimates', 'name': 'Analyst Estimates'}",USA,1,TOP3000,MATRIX,1.0,34,316,1.2,[]
anl15_bpsgics_s_fy3_ests_dn,"Count of unique IDs of industry participants. Industry stands for an aggregate view of all  equity clearance activity for the date, symbol, and transaction type in question.","{'id': 'analyst15', 'name': 'Earnings forecasts'}","{'id': 'analyst', 'name': 'Analyst'}","{'id': 'analyst-analyst-estimates', 'name': 'Analyst Estimates'}",USA,1,TOP3000,MATRIX,1.0,65,341,1.2,[]
anl15_bpsgics_s_fy3_ests_up,"Count of unique IDs of industry participants. Industry stands for an aggregate view of all  equity clearance activity for the date, symbol, and transaction type in question.","{'id': 'analyst15', 'name': 'Earnings forecasts'}","{'id': 'analyst', 'name': 'Analyst'}","{'id': 'analyst-analyst-estimates', 'name': 'Analyst Estimates'}",USA,1,TOP3000,MATRIX,1.0,36,227,1.2,[]
anl15_cps_gr_12_m_1m_chg,The weighted 1-month percent change of 12-month forward cash flow per share (CPS) estimation aggregated within GICS group grouping.,"{'id': 'analyst15', 'name': 'Earnings forecasts'}","{'id': 'analyst', 'name': 'Analyst'}","{'id': 'analyst-analyst-estimates', 'name': 'Analyst Estimates'}",USA,1,TOP3000,MATRIX,1.0,32,497,1.2,[]
anl15_cps_gr_12_m_3m_chg,The weighted 3-month percent change of 12-month forward cash flow per share (CPS) estimation aggregated within GICS group grouping.,"{'id': 'analyst15', 'name': 'Earnings forecasts'}","{'id': 'analyst', 'name': 'Analyst'}","{'id': 'analyst-analyst-estimates', 'name': 'Analyst Estimates'}",USA,1,TOP3000,MATRIX,1.0,20,62,1.2,[]
anl15_cps_gr_12_m_6m_chg,The weighted 6-month percent change of 12-month forward cash flow per share (CPS) estimation aggregated within GICS group grouping.,"{'id': 'analyst15', 'name': 'Earnings forecasts'}","{'id': 'analyst', 'name': 'Analyst'}","{'id': 'analyst-analyst-estimates', 'name': 'Analyst Estimates'}",USA,1,TOP3000,MATRIX,1.0,27,231,1.2,[]
anl15_cps_gr_12_m_cos,The number of companies with a 12-month forward mean cash flow per share (CPS) estimation within GICS group grouping.,"{'id': 'analyst15', 'name': 'Earnings forecasts'}","{'id': 'analyst', 'name': 'Analyst'}","{'id': 'analyst-analyst-estimates', 'name': 'Analyst Estimates'}",USA,1,TOP3000,MATRIX,1.0,51,99,1.2,[]
anl15_cps_gr_12_m_cos_dn,The number of companies for which 12-month forward mean cash flow per share (CPS) estimation has been lowered from last month within GICS group grouping.,"{'id': 'analyst15', 'name': 'Earnings forecasts'}","{'id': 'analyst', 'name': 'Analyst'}","{'id': 'analyst-analyst-estimates', 'name': 'Analyst Estimates'}",USA,1,TOP3000,MATRIX,1.0,39,370,1.2,[]
anl15_cps_gr_12_m_cos_up,The number of companies for which 12-month forward mean cash flow per share (CPS) estimation has been raised from last month within GICS group grouping.,"{'id': 'analyst15', 'name': 'Earnings forecasts'}","{'id': 'analyst', 'name': 'Analyst'}","{'id': 'analyst-analyst-estimates', 'name': 'Analyst Estimates'}",USA,1,TOP3000,MATRIX,1.0,24,655,1.2,[]
anl15_cps_gr_12_m_ests,The 12-month forward pro-rated total number of estimates within GICS group grouping.,"{'id': 'analyst15', 'name': 'Earnings forecasts'}","{'id': 'analyst', 'name': 'Analyst'}","{'id': 'analyst-analyst-estimates', 'name': 'Analyst Estimates'}",USA,1,TOP3000,MATRIX,1.0,37,79,1.2,[]
anl15_cps_gr_12_m_ests_dn,"Count of unique IDs of industry participants. Industry stands for an aggregate view of all  equity clearance activity for the date, symbol, and transaction type in question.","{'id': 'analyst15', 'name': 'Earnings forecasts'}","{'id': 'analyst', 'name': 'Analyst'}","{'id': 'analyst-analyst-estimates', 'name': 'Analyst Estimates'}",USA,1,TOP3000,MATRIX,0.9822,48,468,1.2,[]
anl15_cps_gr_12_m_ests_up,"Count of unique IDs of industry participants. Industry stands for an aggregate view of all  equity clearance activity for the date, symbol, and transaction type in question.","{'id': 'analyst15', 'name': 'Earnings forecasts'}","{'id': 'analyst', 'name': 'Analyst'}","{'id': 'analyst-analyst-estimates', 'name': 'Analyst Estimates'}",USA,1,TOP3000,MATRIX,0.9736,32,380,1.2,[]
anl15_cps_gr_12_m_gro,The weighted 12-month forward year-over-year growth of cash flow per share (CPS) estimation aggregated within GICS group grouping.,"{'id': 'analyst15', 'name': 'Earnings forecasts'}","{'id': 'analyst', 'name': 'Analyst'}","{'id': 'analyst-analyst-estimates', 'name': 'Analyst Estimates'}",USA,1,TOP3000,MATRIX,1.0,41,112,1.2,[]
anl15_cps_gr_12_m_mean,The weighted average of 12-month forward cash flow per share (CPS) estimation aggregated within GICS group grouping.,"{'id': 'analyst15', 'name': 'Earnings forecasts'}","{'id': 'analyst', 'name': 'Analyst'}","{'id': 'analyst-analyst-estimates', 'name': 'Analyst Estimates'}",USA,1,TOP3000,MATRIX,1.0,24,44,1.2,[]
anl15_cps_gr_12_m_pe,The weighted average price/earnings ratio based on 12-month forward EPS estimation aggregated within GICS group grouping.,"{'id': 'analyst15', 'name': 'Earnings forecasts'}","{'id': 'analyst', 'name': 'Analyst'}","{'id': 'analyst-analyst-estimates', 'name': 'Analyst Estimates'}",USA,1,TOP3000,MATRIX,1.0,37,60,1.2,[]
anl15_cps_gr_12_m_st_dev,The weighted average standard deviation of 12-month forward cash flow per share (CPS) estimation aggregated within GICS group grouping.,"{'id': 'analyst15', 'name': 'Earnings forecasts'}","{'id': 'analyst', 'name': 'Analyst'}","{'id': 'analyst-analyst-estimates', 'name': 'Analyst Estimates'}",USA,1,TOP3000,MATRIX,0.99,28,45,1.2,[]
anl15_cps_gr_12_m_total,The total of 12-month forward cash flow per share (CPS) estimation aggregated within GICS group grouping.,"{'id': 'analyst15', 'name': 'Earnings forecasts'}","{'id': 'analyst', 'name': 'Analyst'}","{'id': 'analyst-analyst-estimates', 'name': 'Analyst Estimates'}",USA,1,TOP3000,MATRIX,1.0,36,79,1.2,[]
anl15_cps_gr_12_m_tr_mean,The weighted average of 12-month trailing cash flow per share (CPS) aggregated within GICS group grouping.,"{'id': 'analyst15', 'name': 'Earnings forecasts'}","{'id': 'analyst', 'name': 'Analyst'}","{'id': 'analyst-analyst-estimates', 'name': 'Analyst Estimates'}",USA,1,TOP3000,MATRIX,1.0,21,47,1.2,[]
anl15_cps_gr_18_m_1m_chg,The weighted 1-month percent change of 18-month forward cash flow per share (CPS) estimation aggregated within GICS group grouping.,"{'id': 'analyst15', 'name': 'Earnings forecasts'}","{'id': 'analyst', 'name': 'Analyst'}","{'id': 'analyst-analyst-estimates', 'name': 'Analyst Estimates'}",USA,1,TOP3000,MATRIX,1.0,20,206,1.2,[]
anl15_cps_gr_18_m_3m_chg,The weighted 3-month percent change of 18-month forward cash flow per share (CPS) estimation aggregated within GICS group grouping.,"{'id': 'analyst15', 'name': 'Earnings forecasts'}","{'id': 'analyst', 'name': 'Analyst'}","{'id': 'analyst-analyst-estimates', 'name': 'Analyst Estimates'}",USA,1,TOP3000,MATRIX,1.0,12,29,1.2,[]
anl15_cps_gr_18_m_6m_chg,The weighted 6-month percent change of 18-month forward cash flow per share (CPS) estimation aggregated within GICS group grouping.,"{'id': 'analyst15', 'name': 'Earnings forecasts'}","{'id': 'analyst', 'name': 'Analyst'}","{'id': 'analyst-analyst-estimates', 'name': 'Analyst Estimates'}",USA,1,TOP3000,MATRIX,1.0,15,54,1.2,[]
anl15_cps_gr_18_m_cos,The number of companies with an 18-month forward mean cash flow per share (CPS) estimation within GICS group grouping.,"{'id': 'analyst15', 'name': 'Earnings forecasts'}","{'id': 'analyst', 'name': 'Analyst'}","{'id': 'analyst-analyst-estimates', 'name': 'Analyst Estimates'}",USA,1,TOP3000,MATRIX,1.0,29,45,1.2,[]
anl15_cps_gr_18_m_cos_dn,The number of companies for which 18-month forward mean cash flow per share (CPS) estimation has been lowered from last month within GICS group grouping.,"{'id': 'analyst15', 'name': 'Earnings forecasts'}","{'id': 'analyst', 'name': 'Analyst'}","{'id': 'analyst-analyst-estimates', 'name': 'Analyst Estimates'}",USA,1,TOP3000,MATRIX,0.999,21,47,1.2,[]
anl15_cps_gr_18_m_cos_up,The number of companies for which 18-month forward mean cash flow per share (CPS) estimation has been raised from last month within GICS group grouping.,"{'id': 'analyst15', 'name': 'Earnings forecasts'}","{'id': 'analyst', 'name': 'Analyst'}","{'id': 'analyst-analyst-estimates', 'name': 'Analyst Estimates'}",USA,1,TOP3000,MATRIX,1.0,87,338,1.2,[]
anl15_cps_gr_18_m_ests,The 18-month forward pro-rated total number of estimates within GICS group grouping.,"{'id': 'analyst15', 'name': 'Earnings forecasts'}","{'id': 'analyst', 'name': 'Analyst'}","{'id': 'analyst-analyst-estimates', 'name': 'Analyst Estimates'}",USA,1,TOP3000,MATRIX,1.0,47,79,1.2,[]
anl15_cps_gr_18_m_ests_dn,"Count of unique IDs of industry participants. Industry stands for an aggregate view of all  equity clearance activity for the date, symbol, and transaction type in question.","{'id': 'analyst15', 'name': 'Earnings forecasts'}","{'id': 'analyst', 'name': 'Analyst'}","{'id': 'analyst-analyst-estimates', 'name': 'Analyst Estimates'}",USA,1,TOP3000,MATRIX,0.9728,28,50,1.2,[]
anl15_cps_gr_18_m_ests_up,"Count of unique IDs of industry participants. Industry stands for an aggregate view of all  equity clearance activity for the date, symbol, and transaction type in question.","{'id': 'analyst15', 'name': 'Earnings forecasts'}","{'id': 'analyst', 'name': 'Analyst'}","{'id': 'analyst-analyst-estimates', 'name': 'Analyst Estimates'}",USA,1,TOP3000,MATRIX,0.9654,18,321,1.2,[]
anl15_cps_gr_18_m_gro,The weighted 18-month forward year-over-year growth of cash flow per share (CPS) estimation aggregated within GICS group grouping.,"{'id': 'analyst15', 'name': 'Earnings forecasts'}","{'id': 'analyst', 'name': 'Analyst'}","{'id': 'analyst-analyst-estimates', 'name': 'Analyst Estimates'}",USA,1,TOP3000,MATRIX,1.0,28,93,1.2,[]
anl15_cps_gr_18_m_mean,The weighted average of 18-month forward cash flow per share (CPS) estimation aggregated within GICS group grouping.,"{'id': 'analyst15', 'name': 'Earnings forecasts'}","{'id': 'analyst', 'name': 'Analyst'}","{'id': 'analyst-analyst-estimates', 'name': 'Analyst Estimates'}",USA,1,TOP3000,MATRIX,1.0,41,147,1.2,[]
anl15_cps_gr_18_m_pe,The weighted average price/earnings ratio based on 18-month forward EPS estimation aggregated within GICS group grouping.,"{'id': 'analyst15', 'name': 'Earnings forecasts'}","{'id': 'analyst', 'name': 'Analyst'}","{'id': 'analyst-analyst-estimates', 'name': 'Analyst Estimates'}",USA,1,TOP3000,MATRIX,1.0,37,147,1.2,[]
anl15_cps_gr_18_m_st_dev,The weighted average standard deviation of 18-month forward cash flow per share (CPS) estimation aggregated within GICS group grouping.,"{'id': 'analyst15', 'name': 'Earnings forecasts'}","{'id': 'analyst', 'name': 'Analyst'}","{'id': 'analyst-analyst-estimates', 'name': 'Analyst Estimates'}",USA,1,TOP3000,MATRIX,0.9878,58,154,1.2,[]
anl15_cps_gr_18_m_total,The total of 18-month forward cash flow per share (CPS) estimation aggregated within GICS group grouping.,"{'id': 'analyst15', 'name': 'Earnings forecasts'}","{'id': 'analyst', 'name': 'Analyst'}","{'id': 'analyst-analyst-estimates', 'name': 'Analyst Estimates'}",USA,1,TOP3000,MATRIX,1.0,25,69,1.2,[]
anl15_cps_gr_cal_fy0_gro,The weighted year-over-year growth of cash flow per share (CPS) estimation for the current calendarized fiscal year aggregated within GICS group grouping.,"{'id': 'analyst15', 'name': 'Earnings forecasts'}","{'id': 'analyst', 'name': 'Analyst'}","{'id': 'analyst-analyst-estimates', 'name': 'Analyst Estimates'}",USA,1,TOP3000,MATRIX,0.9871,38,78,1.2,[]
anl15_cps_gr_cal_fy0_pe,The weighted average price/earnings ratio based on EPS estimation for the current calendarized fiscal year aggregated within GICS group grouping.,"{'id': 'analyst15', 'name': 'Earnings forecasts'}","{'id': 'analyst', 'name': 'Analyst'}","{'id': 'analyst-analyst-estimates', 'name': 'Analyst Estimates'}",USA,1,TOP3000,MATRIX,1.0,42,122,1.2,[]
anl15_cps_gr_cal_fy0_total,The total of cash flow per share(CPS) estimation for the current calendarized fiscal year aggregated within GICS group grouping.,"{'id': 'analyst15', 'name': 'Earnings forecasts'}","{'id': 'analyst', 'name': 'Analyst'}","{'id': 'analyst-analyst-estimates', 'name': 'Analyst Estimates'}",USA,1,TOP3000,MATRIX,1.0,32,108,1.2,[]
anl15_cps_gr_cal_fy0_val,The weighted average of cash flow per share (CPS) estimation for the current calendarized fiscal year aggregated within GICS group grouping.,"{'id': 'analyst15', 'name': 'Earnings forecasts'}","{'id': 'analyst', 'name': 'Analyst'}","{'id': 'analyst-analyst-estimates', 'name': 'Analyst Estimates'}",USA,1,TOP3000,MATRIX,1.0,32,60,1.2,[]
anl15_cps_gr_cal_fy1_1m_chg,The weighted 1-month percent change of cash flow per share (CPS) estimation for the calendarized 1 fiscal year aggregated within GICS group grouping.,"{'id': 'analyst15', 'name': 'Earnings forecasts'}","{'id': 'analyst', 'name': 'Analyst'}","{'id': 'analyst-analyst-estimates', 'name': 'Analyst Estimates'}",USA,1,TOP3000,MATRIX,1.0,42,546,1.2,[]
anl15_cps_gr_cal_fy1_3m_chg,The weighted 3-month percent change of cash flow per share (CPS) estimation for the calendarized 1 fiscal year aggregated within GICS group grouping.,"{'id': 'analyst15', 'name': 'Earnings forecasts'}","{'id': 'analyst', 'name': 'Analyst'}","{'id': 'analyst-analyst-estimates', 'name': 'Analyst Estimates'}",USA,1,TOP3000,MATRIX,1.0,22,165,1.2,[]
anl15_cps_gr_cal_fy1_6m_chg,The weighted 6-month percent change of cash flow per share (CPS) estimation for the calendarized 1 fiscal year aggregated within GICS group grouping.,"{'id': 'analyst15', 'name': 'Earnings forecasts'}","{'id': 'analyst', 'name': 'Analyst'}","{'id': 'analyst-analyst-estimates', 'name': 'Analyst Estimates'}",USA,1,TOP3000,MATRIX,1.0,59,346,1.2,[]
anl15_cps_gr_cal_fy1_cos,The number of companies with a calendarized 1 fiscal year cash flow per share (CPS) estimation within GICS group grouping.,"{'id': 'analyst15', 'name': 'Earnings forecasts'}","{'id': 'analyst', 'name': 'Analyst'}","{'id': 'analyst-analyst-estimates', 'name': 'Analyst Estimates'}",USA,1,TOP3000,MATRIX,1.0,26,79,1.2,[]
anl15_cps_gr_cal_fy1_ests,The total number of calendarized 1 fiscal year cash flow per share (CPS) estimation within GICS group grouping.,"{'id': 'analyst15', 'name': 'Earnings forecasts'}","{'id': 'analyst', 'name': 'Analyst'}","{'id': 'analyst-analyst-estimates', 'name': 'Analyst Estimates'}",USA,1,TOP3000,MATRIX,1.0,48,139,1.2,[]
anl15_cps_gr_cal_fy1_gro,The weighted year-over-year growth of cash flow per share (CPS) estimation for the calendarized 1-fiscal-year aggregated within GICS group grouping.,"{'id': 'analyst15', 'name': 'Earnings forecasts'}","{'id': 'analyst', 'name': 'Analyst'}","{'id': 'analyst-analyst-estimates', 'name': 'Analyst Estimates'}",USA,1,TOP3000,MATRIX,0.9996,44,482,1.2,[]
anl15_cps_gr_cal_fy1_mean,The weighted average of cash flow per share (CPS) estimation for the calendarized 1 fiscal year aggregated within GICS group grouping.,"{'id': 'analyst15', 'name': 'Earnings forecasts'}","{'id': 'analyst', 'name': 'Analyst'}","{'id': 'analyst-analyst-estimates', 'name': 'Analyst Estimates'}",USA,1,TOP3000,MATRIX,1.0,46,273,1.2,[]
anl15_cps_gr_cal_fy1_pe,The weighted average price/earnings ratio based on EPS estimation for the calendarized 1 fiscal year aggregated within GICS group grouping.,"{'id': 'analyst15', 'name': 'Earnings forecasts'}","{'id': 'analyst', 'name': 'Analyst'}","{'id': 'analyst-analyst-estimates', 'name': 'Analyst Estimates'}",USA,1,TOP3000,MATRIX,1.0,67,494,1.2,[]
anl15_cps_gr_cal_fy1_st_dev,The weighted average standard deviation of cash flow per share (CPS) estimation for the calendarized 1 fiscal year aggregated within GICS group grouping.,"{'id': 'analyst15', 'name': 'Earnings forecasts'}","{'id': 'analyst', 'name': 'Analyst'}","{'id': 'analyst-analyst-estimates', 'name': 'Analyst Estimates'}",USA,1,TOP3000,MATRIX,0.9883,29,62,1.2,[]
anl15_cps_gr_cal_fy1_total,The total of cash flow per share (CPS) estimation for the calendarized 1 fiscal year aggregated within GICS group grouping.,"{'id': 'analyst15', 'name': 'Earnings forecasts'}","{'id': 'analyst', 'name': 'Analyst'}","{'id': 'analyst-analyst-estimates', 'name': 'Analyst Estimates'}",USA,1,TOP3000,MATRIX,1.0,26,542,1.2,[]
anl15_cps_gr_cal_fy2_1m_chg,The weighted 1-month percent change of cash flow per share (CPS) estimation for the calendarized 2 fiscal year aggregated within GICS group grouping.,"{'id': 'analyst15', 'name': 'Earnings forecasts'}","{'id': 'analyst', 'name': 'Analyst'}","{'id': 'analyst-analyst-estimates', 'name': 'Analyst Estimates'}",USA,1,TOP3000,MATRIX,1.0,25,547,1.2,[]
anl15_cps_gr_cal_fy2_3m_chg,The weighted 3-month percent change of cash flow per share (CPS) estimation for the calendarized 2-fiscal-year aggregated within GICS group grouping.,"{'id': 'analyst15', 'name': 'Earnings forecasts'}","{'id': 'analyst', 'name': 'Analyst'}","{'id': 'analyst-analyst-estimates', 'name': 'Analyst Estimates'}",USA,1,TOP3000,MATRIX,1.0,19,457,1.2,[]
anl15_cps_gr_cal_fy2_6m_chg,The weighted 6-month percent change of cash flow per share (CPS) estimation for the calendarized 2 fiscal year aggregated within GICS group grouping.,"{'id': 'analyst15', 'name': 'Earnings forecasts'}","{'id': 'analyst', 'name': 'Analyst'}","{'id': 'analyst-analyst-estimates', 'name': 'Analyst Estimates'}",USA,1,TOP3000,MATRIX,1.0,22,58,1.2,[]
anl15_cps_gr_cal_fy2_cos,The number of companies with a calendarized 2 fiscal year cash flow per share (CPS) estimation within GICS group grouping.,"{'id': 'analyst15', 'name': 'Earnings forecasts'}","{'id': 'analyst', 'name': 'Analyst'}","{'id': 'analyst-analyst-estimates', 'name': 'Analyst Estimates'}",USA,1,TOP3000,MATRIX,1.0,27,68,1.2,[]
anl15_cps_gr_cal_fy2_ests,The total number of calendarized 2 fiscal year cash flow per share (CPS) estimations within GICS group grouping.,"{'id': 'analyst15', 'name': 'Earnings forecasts'}","{'id': 'analyst', 'name': 'Analyst'}","{'id': 'analyst-analyst-estimates', 'name': 'Analyst Estimates'}",USA,1,TOP3000,MATRIX,1.0,30,47,1.2,[]
anl15_cps_gr_cal_fy2_gro,The weighted year-over-year growth of cash flow per share (CPS) estimation for the calendarized 2 fiscal years aggregated within GICS group grouping.,"{'id': 'analyst15', 'name': 'Earnings forecasts'}","{'id': 'analyst', 'name': 'Analyst'}","{'id': 'analyst-analyst-estimates', 'name': 'Analyst Estimates'}",USA,1,TOP3000,MATRIX,1.0,49,144,1.2,[]
anl15_cps_gr_cal_fy2_mean,The weighted average of cash flow per share (CPS) estimation for the calendarized 2 fiscal years aggregated within GICS group grouping.,"{'id': 'analyst15', 'name': 'Earnings forecasts'}","{'id': 'analyst', 'name': 'Analyst'}","{'id': 'analyst-analyst-estimates', 'name': 'Analyst Estimates'}",USA,1,TOP3000,MATRIX,1.0,23,167,1.2,[]
anl15_cps_gr_cal_fy2_pe,The weighted average price/earnings ratio based on EPS estimation for the calendarized 2 fiscal years aggregated within GICS group grouping.,"{'id': 'analyst15', 'name': 'Earnings forecasts'}","{'id': 'analyst', 'name': 'Analyst'}","{'id': 'analyst-analyst-estimates', 'name': 'Analyst Estimates'}",USA,1,TOP3000,MATRIX,1.0,50,631,1.2,[]
anl15_cps_gr_cal_fy2_st_dev,The weighted average standard deviation of cash flow per share (CPS) estimation for the calendarized 2 fiscal years aggregated within GICS group grouping.,"{'id': 'analyst15', 'name': 'Earnings forecasts'}","{'id': 'analyst', 'name': 'Analyst'}","{'id': 'analyst-analyst-estimates', 'name': 'Analyst Estimates'}",USA,1,TOP3000,MATRIX,0.9889,33,150,1.2,[]
anl15_cps_gr_cal_fy2_total,The total of cash flow per share (CPS) estimation for the calendarized 2 fiscal years aggregated within GICS group grouping.,"{'id': 'analyst15', 'name': 'Earnings forecasts'}","{'id': 'analyst', 'name': 'Analyst'}","{'id': 'analyst-analyst-estimates', 'name': 'Analyst Estimates'}",USA,1,TOP3000,MATRIX,1.0,20,48,1.2,[]
anl15_cps_gr_cal_fy3_1m_chg,The weighted 1 month percent change of cash flow per share (CPS) estimation for the calendarized 3 fiscal year aggregated within GICS group grouping.,"{'id': 'analyst15', 'name': 'Earnings forecasts'}","{'id': 'analyst', 'name': 'Analyst'}","{'id': 'analyst-analyst-estimates', 'name': 'Analyst Estimates'}",USA,1,TOP3000,MATRIX,0.9865,44,171,1.2,[]
anl15_cps_gr_cal_fy3_3m_chg,The weighted 3-month percent change of cash flow per share (CPS) estimation for the calendarized 3 fiscal years aggregated within GICS group grouping.,"{'id': 'analyst15', 'name': 'Earnings forecasts'}","{'id': 'analyst', 'name': 'Analyst'}","{'id': 'analyst-analyst-estimates', 'name': 'Analyst Estimates'}",USA,1,TOP3000,MATRIX,0.9805,38,518,1.2,[]
anl15_cps_gr_cal_fy3_6m_chg,The weighted 6-month percent change of cash flow per share (CPS) estimation for the calendarized 3 fiscal year aggregated within GICS group grouping.,"{'id': 'analyst15', 'name': 'Earnings forecasts'}","{'id': 'analyst', 'name': 'Analyst'}","{'id': 'analyst-analyst-estimates', 'name': 'Analyst Estimates'}",USA,1,TOP3000,MATRIX,0.9424,43,863,1.2,[]
anl15_cps_gr_cal_fy3_cos,The number of companies with a calendarized 3 fiscal year cash flow per share (CPS) estimation within GICS group grouping.,"{'id': 'analyst15', 'name': 'Earnings forecasts'}","{'id': 'analyst', 'name': 'Analyst'}","{'id': 'analyst-analyst-estimates', 'name': 'Analyst Estimates'}",USA,1,TOP3000,MATRIX,0.9975,36,97,1.2,[]
anl15_cps_gr_cal_fy3_ests,The total number of calendarized 3 fiscal year cash flow per share (CPS) estimation within GICS group grouping.,"{'id': 'analyst15', 'name': 'Earnings forecasts'}","{'id': 'analyst', 'name': 'Analyst'}","{'id': 'analyst-analyst-estimates', 'name': 'Analyst Estimates'}",USA,1,TOP3000,MATRIX,0.9975,26,37,1.2,[]
anl15_cps_gr_cal_fy3_gro,The weighted year-over-year growth of cash flow per share (CPS) estimation for the calendarized 3 fiscal years aggregated within GICS group grouping.,"{'id': 'analyst15', 'name': 'Earnings forecasts'}","{'id': 'analyst', 'name': 'Analyst'}","{'id': 'analyst-analyst-estimates', 'name': 'Analyst Estimates'}",USA,1,TOP3000,MATRIX,0.9955,38,268,1.2,[]
anl15_cps_gr_cal_fy3_mean,The weighted average of cash flow per share (CPS) estimation for the calendarized 3 fiscal years aggregated within GICS group grouping.,"{'id': 'analyst15', 'name': 'Earnings forecasts'}","{'id': 'analyst', 'name': 'Analyst'}","{'id': 'analyst-analyst-estimates', 'name': 'Analyst Estimates'}",USA,1,TOP3000,MATRIX,0.9958,34,45,1.2,[]
anl15_cps_gr_cal_fy3_pe,The weighted average price/earnings ratio based on EPS estimation for the calendarized 3 fiscal years aggregated within GICS group grouping.,"{'id': 'analyst15', 'name': 'Earnings forecasts'}","{'id': 'analyst', 'name': 'Analyst'}","{'id': 'analyst-analyst-estimates', 'name': 'Analyst Estimates'}",USA,1,TOP3000,MATRIX,0.9958,28,52,1.2,[]
anl15_cps_gr_cal_fy3_st_dev,The weighted average standard deviation of cash flow per share (CPS) estimation for the calendarized 3 fiscal years aggregated within GICS group grouping.,"{'id': 'analyst15', 'name': 'Earnings forecasts'}","{'id': 'analyst', 'name': 'Analyst'}","{'id': 'analyst-analyst-estimates', 'name': 'Analyst Estimates'}",USA,1,TOP3000,MATRIX,0.9245,34,401,1.2,[]
anl15_cps_gr_cal_fy3_total,The total of cash flow per share (CPS) estimation for the calendarized 3 fiscal years aggregated within GICS group grouping.,"{'id': 'analyst15', 'name': 'Earnings forecasts'}","{'id': 'analyst', 'name': 'Analyst'}","{'id': 'analyst-analyst-estimates', 'name': 'Analyst Estimates'}",USA,1,TOP3000,MATRIX,0.9958,21,35,1.2,[]
anl15_cps_gr_fy1_cos_dn,The number of companies for which cash flow per share (CPS) estimation for the calendarized 1 fiscal year has been lowered from last month within GICS group grouping.,"{'id': 'analyst15', 'name': 'Earnings forecasts'}","{'id': 'analyst', 'name': 'Analyst'}","{'id': 'analyst-analyst-estimates', 'name': 'Analyst Estimates'}",USA,1,TOP3000,MATRIX,1.0,71,1317,1.2,[]
anl15_cps_gr_fy1_cos_up,The number of companies for which cash flow per share (CPS) estimation for the calendarized 1 fiscal year has been raised from last month within GICS group grouping.,"{'id': 'analyst15', 'name': 'Earnings forecasts'}","{'id': 'analyst', 'name': 'Analyst'}","{'id': 'analyst-analyst-estimates', 'name': 'Analyst Estimates'}",USA,1,TOP3000,MATRIX,0.9988,23,36,1.2,[]
anl15_cps_gr_fy1_ests_dn,"Count of unique IDs of industry participants. Industry stands for an aggregate view of all  equity clearance activity for the date, symbol, and transaction type in question.","{'id': 'analyst15', 'name': 'Earnings forecasts'}","{'id': 'analyst', 'name': 'Analyst'}","{'id': 'analyst-analyst-estimates', 'name': 'Analyst Estimates'}",USA,1,TOP3000,MATRIX,1.0,41,76,1.2,[]
anl15_cps_gr_fy1_ests_up,"Count of unique IDs of industry participants. Industry stands for an aggregate view of all  equity clearance activity for the date, symbol, and transaction type in question.","{'id': 'analyst15', 'name': 'Earnings forecasts'}","{'id': 'analyst', 'name': 'Analyst'}","{'id': 'analyst-analyst-estimates', 'name': 'Analyst Estimates'}",USA,1,TOP3000,MATRIX,0.9983,34,87,1.2,[]
anl15_cps_gr_fy2_cos_dn,The number of companies for which cash flow per share (CPS) estimation for the calendarized 2 fiscal year has been lowered from last month within GICS group grouping.,"{'id': 'analyst15', 'name': 'Earnings forecasts'}","{'id': 'analyst', 'name': 'Analyst'}","{'id': 'analyst-analyst-estimates', 'name': 'Analyst Estimates'}",USA,1,TOP3000,MATRIX,1.0,39,153,1.2,[]
anl15_cps_gr_fy2_cos_up,The number of companies for which cash flow per share (CPS) estimation for the calendarized 2 fiscal year has been raised from last month within GICS group grouping.,"{'id': 'analyst15', 'name': 'Earnings forecasts'}","{'id': 'analyst', 'name': 'Analyst'}","{'id': 'analyst-analyst-estimates', 'name': 'Analyst Estimates'}",USA,1,TOP3000,MATRIX,1.0,43,144,1.2,[]
anl15_cps_gr_fy2_ests_dn,"Count of unique IDs of industry participants. Industry stands for an aggregate view of all  equity clearance activity for the date, symbol, and transaction type in question.","{'id': 'analyst15', 'name': 'Earnings forecasts'}","{'id': 'analyst', 'name': 'Analyst'}","{'id': 'analyst-analyst-estimates', 'name': 'Analyst Estimates'}",USA,1,TOP3000,MATRIX,1.0,31,195,1.2,[]
anl15_cps_gr_fy2_ests_up,"Count of unique IDs of industry participants. Industry stands for an aggregate view of all  equity clearance activity for the date, symbol, and transaction type in question.","{'id': 'analyst15', 'name': 'Earnings forecasts'}","{'id': 'analyst', 'name': 'Analyst'}","{'id': 'analyst-analyst-estimates', 'name': 'Analyst Estimates'}",USA,1,TOP3000,MATRIX,0.999,11,76,1.2,[]
anl15_cps_gr_fy3_cos_dn,The number of companies for which cash flow per share (CPS) estimation for the calendarized 3 fiscal year has been lowered from last month within GICS group grouping.,"{'id': 'analyst15', 'name': 'Earnings forecasts'}","{'id': 'analyst', 'name': 'Analyst'}","{'id': 'analyst-analyst-estimates', 'name': 'Analyst Estimates'}",USA,1,TOP3000,MATRIX,0.9776,29,295,1.2,[]
anl15_cps_gr_fy3_cos_up,The number of companies for which cash flow per share (CPS) estimation for the calendarized 3 fiscal years has been raised from last month within GICS group grouping.,"{'id': 'analyst15', 'name': 'Earnings forecasts'}","{'id': 'analyst', 'name': 'Analyst'}","{'id': 'analyst-analyst-estimates', 'name': 'Analyst Estimates'}",USA,1,TOP3000,MATRIX,0.9743,40,437,1.2,[]
anl15_cps_gr_fy3_ests_dn,"Count of unique IDs of industry participants. Industry stands for an aggregate view of all  equity clearance activity for the date, symbol, and transaction type in question.","{'id': 'analyst15', 'name': 'Earnings forecasts'}","{'id': 'analyst', 'name': 'Analyst'}","{'id': 'analyst-analyst-estimates', 'name': 'Analyst Estimates'}",USA,1,TOP3000,MATRIX,0.9723,53,98,1.2,[]
anl15_cps_gr_fy3_ests_up,"Count of unique IDs of industry participants. Industry stands for an aggregate view of all  equity clearance activity for the date, symbol, and transaction type in question.","{'id': 'analyst15', 'name': 'Earnings forecasts'}","{'id': 'analyst', 'name': 'Analyst'}","{'id': 'analyst-analyst-estimates', 'name': 'Analyst Estimates'}",USA,1,TOP3000,MATRIX,0.9704,33,210,1.2,[]
anl15_cps_ind_12_m_1m_chg,The weighted 1-month percent change of 12-month forward cash flow per share (CPS) estimation aggregated within GICS industry grouping.,"{'id': 'analyst15', 'name': 'Earnings forecasts'}","{'id': 'analyst', 'name': 'Analyst'}","{'id': 'analyst-analyst-estimates', 'name': 'Analyst Estimates'}",USA,1,TOP3000,MATRIX,0.9764,56,774,1.2,[]
anl15_cps_ind_12_m_3m_chg,The weighted 3-month percent change of 12-month forward cash flow per share (CPS) estimation aggregated within GICS industry grouping.,"{'id': 'analyst15', 'name': 'Earnings forecasts'}","{'id': 'analyst', 'name': 'Analyst'}","{'id': 'analyst-analyst-estimates', 'name': 'Analyst Estimates'}",USA,1,TOP3000,MATRIX,0.979,49,212,1.2,[]
anl15_cps_ind_12_m_6m_chg,The weighted 6-month percent change of 12-month forward cash flow per share (CPS) estimation aggregated within GICS industry grouping.,"{'id': 'analyst15', 'name': 'Earnings forecasts'}","{'id': 'analyst', 'name': 'Analyst'}","{'id': 'analyst-analyst-estimates', 'name': 'Analyst Estimates'}",USA,1,TOP3000,MATRIX,0.9771,57,246,1.2,[]
anl15_cps_ind_12_m_cos,The number of companies with a 12-month forward mean cash flow per share (CPS) estimation within GICS industry grouping.,"{'id': 'analyst15', 'name': 'Earnings forecasts'}","{'id': 'analyst', 'name': 'Analyst'}","{'id': 'analyst-analyst-estimates', 'name': 'Analyst Estimates'}",USA,1,TOP3000,MATRIX,0.983,55,153,1.2,[]
anl15_cps_ind_12_m_cos_dn,The number of companies for which 12-month forward mean cash flow per share (CPS) estimation has been lowered from last month within GICS industry grouping.,"{'id': 'analyst15', 'name': 'Earnings forecasts'}","{'id': 'analyst', 'name': 'Analyst'}","{'id': 'analyst-analyst-estimates', 'name': 'Analyst Estimates'}",USA,1,TOP3000,MATRIX,0.969,28,113,1.2,[]
anl15_cps_ind_12_m_cos_up,The number of companies for which 12-month forward mean cash flow per share (CPS) estimation has been raised from last month within GICS industry grouping.,"{'id': 'analyst15', 'name': 'Earnings forecasts'}","{'id': 'analyst', 'name': 'Analyst'}","{'id': 'analyst-analyst-estimates', 'name': 'Analyst Estimates'}",USA,1,TOP3000,MATRIX,0.9662,26,91,1.2,[]
anl15_cps_ind_12_m_ests,The 12-month forward pro-rated total number of estimates within GICS industry grouping.,"{'id': 'analyst15', 'name': 'Earnings forecasts'}","{'id': 'analyst', 'name': 'Analyst'}","{'id': 'analyst-analyst-estimates', 'name': 'Analyst Estimates'}",USA,1,TOP3000,MATRIX,0.9812,72,696,1.2,[]
anl15_cps_ind_12_m_ests_dn,"Count of unique IDs of industry participants. Industry stands for an aggregate view of all  equity clearance activity for the date, symbol, and transaction type in question.","{'id': 'analyst15', 'name': 'Earnings forecasts'}","{'id': 'analyst', 'name': 'Analyst'}","{'id': 'analyst-analyst-estimates', 'name': 'Analyst Estimates'}",USA,1,TOP3000,MATRIX,0.9254,47,117,1.2,[]
anl15_cps_ind_12_m_ests_up,"Count of unique IDs of industry participants. Industry stands for an aggregate view of all  equity clearance activity for the date, symbol, and transaction type in question.","{'id': 'analyst15', 'name': 'Earnings forecasts'}","{'id': 'analyst', 'name': 'Analyst'}","{'id': 'analyst-analyst-estimates', 'name': 'Analyst Estimates'}",USA,1,TOP3000,MATRIX,0.9149,64,1838,1.2,[]
anl15_cps_ind_12_m_gro,The weighted 12-month forward year-over-year growth of cash flow per share (CPS) estimation aggregated within GICS industry grouping.,"{'id': 'analyst15', 'name': 'Earnings forecasts'}","{'id': 'analyst', 'name': 'Analyst'}","{'id': 'analyst-analyst-estimates', 'name': 'Analyst Estimates'}",USA,1,TOP3000,MATRIX,0.9827,25,67,1.2,[]
anl15_cps_ind_12_m_mean,The weighted average of 12-month forward cash flow per share (CPS) estimation aggregated within GICS industry grouping.,"{'id': 'analyst15', 'name': 'Earnings forecasts'}","{'id': 'analyst', 'name': 'Analyst'}","{'id': 'analyst-analyst-estimates', 'name': 'Analyst Estimates'}",USA,1,TOP3000,MATRIX,0.983,30,45,1.2,[]
anl15_cps_ind_12_m_pe,The weighted average price/earnings ratio based on 12-month forward EPS estimation aggregated within GICS industry grouping.,"{'id': 'analyst15', 'name': 'Earnings forecasts'}","{'id': 'analyst', 'name': 'Analyst'}","{'id': 'analyst-analyst-estimates', 'name': 'Analyst Estimates'}",USA,1,TOP3000,MATRIX,0.9817,61,201,1.2,[]
anl15_cps_ind_12_m_st_dev,The weighted average standard deviation of 12-month forward cash flow per share (CPS) estimation aggregated within GICS industry grouping.,"{'id': 'analyst15', 'name': 'Earnings forecasts'}","{'id': 'analyst', 'name': 'Analyst'}","{'id': 'analyst-analyst-estimates', 'name': 'Analyst Estimates'}",USA,1,TOP3000,MATRIX,0.9542,58,162,1.2,[]
anl15_cps_ind_12_m_total,The total of 12-month forward cash flow per share (CPS) estimation aggregated within GICS industry grouping.,"{'id': 'analyst15', 'name': 'Earnings forecasts'}","{'id': 'analyst', 'name': 'Analyst'}","{'id': 'analyst-analyst-estimates', 'name': 'Analyst Estimates'}",USA,1,TOP3000,MATRIX,0.983,27,42,1.2,[]
anl15_cps_ind_12_m_tr_mean,The weighted average of 12-month trailing cash flow per share (CPS) aggregated within GICS industry grouping.,"{'id': 'analyst15', 'name': 'Earnings forecasts'}","{'id': 'analyst', 'name': 'Analyst'}","{'id': 'analyst-analyst-estimates', 'name': 'Analyst Estimates'}",USA,1,TOP3000,MATRIX,0.9844,10,30,1.2,[]
anl15_cps_ind_18_m_1m_chg,The weighted 1-month percent change of 18-month forward cash flow per share (CPS) estimation aggregated within GICS industry grouping.,"{'id': 'analyst15', 'name': 'Earnings forecasts'}","{'id': 'analyst', 'name': 'Analyst'}","{'id': 'analyst-analyst-estimates', 'name': 'Analyst Estimates'}",USA,1,TOP3000,MATRIX,0.9692,41,176,1.2,[]
anl15_cps_ind_18_m_3m_chg,The weighted 3-month percent change of 18-month forward cash flow per share (CPS) estimation aggregated within GICS industry grouping.,"{'id': 'analyst15', 'name': 'Earnings forecasts'}","{'id': 'analyst', 'name': 'Analyst'}","{'id': 'analyst-analyst-estimates', 'name': 'Analyst Estimates'}",USA,1,TOP3000,MATRIX,0.9718,56,130,1.2,[]
anl15_cps_ind_18_m_6m_chg,The weighted 6-month percent change of 18-month forward cash flow per share (CPS) estimation aggregated within GICS industry grouping.,"{'id': 'analyst15', 'name': 'Earnings forecasts'}","{'id': 'analyst', 'name': 'Analyst'}","{'id': 'analyst-analyst-estimates', 'name': 'Analyst Estimates'}",USA,1,TOP3000,MATRIX,0.9743,17,28,1.2,[]
anl15_cps_ind_18_m_cos,The number of companies with an 18-month forward mean cash flow per share (CPS) estimation within GICS industry grouping.,"{'id': 'analyst15', 'name': 'Earnings forecasts'}","{'id': 'analyst', 'name': 'Analyst'}","{'id': 'analyst-analyst-estimates', 'name': 'Analyst Estimates'}",USA,1,TOP3000,MATRIX,0.9771,46,423,1.2,[]
anl15_cps_ind_18_m_cos_dn,The number of companies for which 18-month forward mean cash flow per share (CPS) estimation has been lowered from last month within GICS industry grouping.,"{'id': 'analyst15', 'name': 'Earnings forecasts'}","{'id': 'analyst', 'name': 'Analyst'}","{'id': 'analyst-analyst-estimates', 'name': 'Analyst Estimates'}",USA,1,TOP3000,MATRIX,0.9529,26,40,1.2,[]
anl15_cps_ind_18_m_cos_up,The number of companies for which 18-month forward mean cash flow per share (CPS) estimation has been raised from last month within GICS industry grouping.,"{'id': 'analyst15', 'name': 'Earnings forecasts'}","{'id': 'analyst', 'name': 'Analyst'}","{'id': 'analyst-analyst-estimates', 'name': 'Analyst Estimates'}",USA,1,TOP3000,MATRIX,0.9609,28,328,1.2,[]
anl15_cps_ind_18_m_ests,The 18-month forward pro-rated total number of estimates within GICS industry grouping.,"{'id': 'analyst15', 'name': 'Earnings forecasts'}","{'id': 'analyst', 'name': 'Analyst'}","{'id': 'analyst-analyst-estimates', 'name': 'Analyst Estimates'}",USA,1,TOP3000,MATRIX,0.9746,51,158,1.2,[]
anl15_cps_ind_18_m_ests_dn,"Count of unique IDs of industry participants. Industry stands for an aggregate view of all  equity clearance activity for the date, symbol, and transaction type in question.","{'id': 'analyst15', 'name': 'Earnings forecasts'}","{'id': 'analyst', 'name': 'Analyst'}","{'id': 'analyst-analyst-estimates', 'name': 'Analyst Estimates'}",USA,1,TOP3000,MATRIX,0.8972,27,283,1.2,[]
anl15_cps_ind_18_m_ests_up,"Count of unique IDs of industry participants. Industry stands for an aggregate view of all  equity clearance activity for the date, symbol, and transaction type in question.","{'id': 'analyst15', 'name': 'Earnings forecasts'}","{'id': 'analyst', 'name': 'Analyst'}","{'id': 'analyst-analyst-estimates', 'name': 'Analyst Estimates'}",USA,1,TOP3000,MATRIX,0.8924,16,26,1.2,[]
anl15_cps_ind_18_m_gro,The weighted 18-month forward year-over-year growth of cash flow per share (CPS) estimation aggregated within GICS industry grouping.,"{'id': 'analyst15', 'name': 'Earnings forecasts'}","{'id': 'analyst', 'name': 'Analyst'}","{'id': 'analyst-analyst-estimates', 'name': 'Analyst Estimates'}",USA,1,TOP3000,MATRIX,0.975,36,141,1.2,[]
anl15_cps_ind_18_m_mean,The weighted average of 18-month forward cash flow per share (CPS) estimation aggregated within GICS industry grouping.,"{'id': 'analyst15', 'name': 'Earnings forecasts'}","{'id': 'analyst', 'name': 'Analyst'}","{'id': 'analyst-analyst-estimates', 'name': 'Analyst Estimates'}",USA,1,TOP3000,MATRIX,0.9767,42,105,1.2,[]
anl15_cps_ind_18_m_pe,The weighted average price/earnings ratio based on 18-month forward EPS estimation aggregated within GICS industry grouping.,"{'id': 'analyst15', 'name': 'Earnings forecasts'}","{'id': 'analyst', 'name': 'Analyst'}","{'id': 'analyst-analyst-estimates', 'name': 'Analyst Estimates'}",USA,1,TOP3000,MATRIX,0.9753,38,103,1.2,[]
anl15_cps_ind_18_m_st_dev,The weighted average standard deviation of 18-month forward cash flow per share (CPS) estimation aggregated within GICS industry grouping.,"{'id': 'analyst15', 'name': 'Earnings forecasts'}","{'id': 'analyst', 'name': 'Analyst'}","{'id': 'analyst-analyst-estimates', 'name': 'Analyst Estimates'}",USA,1,TOP3000,MATRIX,0.9484,49,103,1.2,[]
anl15_cps_ind_18_m_total,The total of 18-month forward cash flow per share (CPS) estimation aggregated within GICS industry grouping.,"{'id': 'analyst15', 'name': 'Earnings forecasts'}","{'id': 'analyst', 'name': 'Analyst'}","{'id': 'analyst-analyst-estimates', 'name': 'Analyst Estimates'}",USA,1,TOP3000,MATRIX,0.9767,27,53,1.2,[]
anl15_cps_ind_cal_fy0_gro,The weighted year-over-year growth of cash flow per share (CPS) estimation for the current calendarized fiscal year aggregated within GICS industry grouping.,"{'id': 'analyst15', 'name': 'Earnings forecasts'}","{'id': 'analyst', 'name': 'Analyst'}","{'id': 'analyst-analyst-estimates', 'name': 'Analyst Estimates'}",USA,1,TOP3000,MATRIX,0.9766,41,147,1.2,[]
anl15_cps_ind_cal_fy0_pe,The weighted average price/earnings ratio based on EPS estimation for the current calendarized fiscal year aggregated within GICS industry grouping.,"{'id': 'analyst15', 'name': 'Earnings forecasts'}","{'id': 'analyst', 'name': 'Analyst'}","{'id': 'analyst-analyst-estimates', 'name': 'Analyst Estimates'}",USA,1,TOP3000,MATRIX,0.9849,32,61,1.2,[]
anl15_cps_ind_cal_fy0_total,The total of cash flow per share(CPS) estimation for the current calendarized fiscal year aggregated within GICS industry grouping.,"{'id': 'analyst15', 'name': 'Earnings forecasts'}","{'id': 'analyst', 'name': 'Analyst'}","{'id': 'analyst-analyst-estimates', 'name': 'Analyst Estimates'}",USA,1,TOP3000,MATRIX,0.9871,25,130,1.2,[]
anl15_cps_ind_cal_fy0_val,The weighted average of cash flow per share (CPS) estimation for the current calendarized fiscal year aggregated within GICS industry grouping.,"{'id': 'analyst15', 'name': 'Earnings forecasts'}","{'id': 'analyst', 'name': 'Analyst'}","{'id': 'analyst-analyst-estimates', 'name': 'Analyst Estimates'}",USA,1,TOP3000,MATRIX,0.9871,18,31,1.2,[]
anl15_cps_ind_cal_fy1_1m_chg,The weighted 1-month percent change of cash flow per share (CPS) estimation for the calendarized 1 fiscal year aggregated within GICS industry grouping.,"{'id': 'analyst15', 'name': 'Earnings forecasts'}","{'id': 'analyst', 'name': 'Analyst'}","{'id': 'analyst-analyst-estimates', 'name': 'Analyst Estimates'}",USA,1,TOP3000,MATRIX,0.9745,20,82,1.2,[]
anl15_cps_ind_cal_fy1_3m_chg,The weighted 3-month percent change of cash flow per share (CPS) estimation for the calendarized 1 fiscal year aggregated within GICS industry grouping.,"{'id': 'analyst15', 'name': 'Earnings forecasts'}","{'id': 'analyst', 'name': 'Analyst'}","{'id': 'analyst-analyst-estimates', 'name': 'Analyst Estimates'}",USA,1,TOP3000,MATRIX,0.9782,26,80,1.2,[]
anl15_cps_ind_cal_fy1_6m_chg,The weighted 6-month percent change of cash flow per share (CPS) estimation for the calendarized 1 fiscal year aggregated within GICS industry grouping.,"{'id': 'analyst15', 'name': 'Earnings forecasts'}","{'id': 'analyst', 'name': 'Analyst'}","{'id': 'analyst-analyst-estimates', 'name': 'Analyst Estimates'}",USA,1,TOP3000,MATRIX,0.9767,17,44,1.2,[]
anl15_cps_ind_cal_fy1_cos,The number of companies with a calendarized 1 fiscal year cash flow per share (CPS) estimation within GICS industry grouping.,"{'id': 'analyst15', 'name': 'Earnings forecasts'}","{'id': 'analyst', 'name': 'Analyst'}","{'id': 'analyst-analyst-estimates', 'name': 'Analyst Estimates'}",USA,1,TOP3000,MATRIX,0.9851,64,149,1.2,[]
anl15_cps_ind_cal_fy1_ests,The total number of calendarized one fiscal year cash flow per share (CPS) estimation within GICS industry grouping.,"{'id': 'analyst15', 'name': 'Earnings forecasts'}","{'id': 'analyst', 'name': 'Analyst'}","{'id': 'analyst-analyst-estimates', 'name': 'Analyst Estimates'}",USA,1,TOP3000,MATRIX,0.9844,55,187,1.2,[]
anl15_cps_ind_cal_fy1_gro,The weighted year-over-year growth of cash flow per share (CPS) estimation for the calendarized 1 fiscal year aggregated within GICS industry grouping.,"{'id': 'analyst15', 'name': 'Earnings forecasts'}","{'id': 'analyst', 'name': 'Analyst'}","{'id': 'analyst-analyst-estimates', 'name': 'Analyst Estimates'}",USA,1,TOP3000,MATRIX,0.9785,36,64,1.2,[]
anl15_cps_ind_cal_fy1_mean,The weighted average of cash flow per share (CPS) estimation for the calendarized 1 fiscal year aggregated within GICS industry grouping.,"{'id': 'analyst15', 'name': 'Earnings forecasts'}","{'id': 'analyst', 'name': 'Analyst'}","{'id': 'analyst-analyst-estimates', 'name': 'Analyst Estimates'}",USA,1,TOP3000,MATRIX,0.9851,25,55,1.2,[]
anl15_cps_ind_cal_fy1_pe,The weighted average price/earnings ratio based on EPS estimation for the calendarized 1 fiscal year aggregated within GICS industry grouping.,"{'id': 'analyst15', 'name': 'Earnings forecasts'}","{'id': 'analyst', 'name': 'Analyst'}","{'id': 'analyst-analyst-estimates', 'name': 'Analyst Estimates'}",USA,1,TOP3000,MATRIX,0.9831,37,252,1.2,[]
anl15_cps_ind_cal_fy1_st_dev,The weighted average standard deviation of cash flow per share (CPS) estimation for the calendarized 1 fiscal year aggregated within GICS industry grouping.,"{'id': 'analyst15', 'name': 'Earnings forecasts'}","{'id': 'analyst', 'name': 'Analyst'}","{'id': 'analyst-analyst-estimates', 'name': 'Analyst Estimates'}",USA,1,TOP3000,MATRIX,0.9517,19,52,1.2,[]
anl15_cps_ind_cal_fy1_total,The total of cash flow per share (CPS) estimation for the calendarized 1 fiscal year aggregated within GICS industry grouping.,"{'id': 'analyst15', 'name': 'Earnings forecasts'}","{'id': 'analyst', 'name': 'Analyst'}","{'id': 'analyst-analyst-estimates', 'name': 'Analyst Estimates'}",USA,1,TOP3000,MATRIX,0.9851,14,42,1.2,[]
anl15_cps_ind_cal_fy2_1m_chg,The weighted 1-month percent change of cash flow per share (CPS) estimation for the calendarized 2 fiscal years aggregated within GICS industry grouping.,"{'id': 'analyst15', 'name': 'Earnings forecasts'}","{'id': 'analyst', 'name': 'Analyst'}","{'id': 'analyst-analyst-estimates', 'name': 'Analyst Estimates'}",USA,1,TOP3000,MATRIX,0.9758,32,164,1.2,[]
anl15_cps_ind_cal_fy2_3m_chg,The weighted 3-month percent change of cash flow per share (CPS) estimation for the calendarized 2 fiscal year aggregated within GICS industry grouping.,"{'id': 'analyst15', 'name': 'Earnings forecasts'}","{'id': 'analyst', 'name': 'Analyst'}","{'id': 'analyst-analyst-estimates', 'name': 'Analyst Estimates'}",USA,1,TOP3000,MATRIX,0.9776,12,169,1.2,[]
anl15_cps_ind_cal_fy2_6m_chg,The weighted 6-month percent change of cash flow per share (CPS) estimation for the calendarized 2 fiscal years aggregated within GICS industry grouping.,"{'id': 'analyst15', 'name': 'Earnings forecasts'}","{'id': 'analyst', 'name': 'Analyst'}","{'id': 'analyst-analyst-estimates', 'name': 'Analyst Estimates'}",USA,1,TOP3000,MATRIX,0.9724,28,44,1.2,[]
anl15_cps_ind_cal_fy2_cos,The number of companies with a calendarized 2 fiscal year cash flow per share (CPS) estimation within GICS industry grouping.,"{'id': 'analyst15', 'name': 'Earnings forecasts'}","{'id': 'analyst', 'name': 'Analyst'}","{'id': 'analyst-analyst-estimates', 'name': 'Analyst Estimates'}",USA,1,TOP3000,MATRIX,0.9839,44,109,1.2,[]
anl15_cps_ind_cal_fy2_ests,The total number of calendarized 2 fiscal year cash flow per share (CPS) estimation within GICS industry grouping.,"{'id': 'analyst15', 'name': 'Earnings forecasts'}","{'id': 'analyst', 'name': 'Analyst'}","{'id': 'analyst-analyst-estimates', 'name': 'Analyst Estimates'}",USA,1,TOP3000,MATRIX,0.9839,42,92,1.2,[]
anl15_cps_ind_cal_fy2_gro,The weighted year-over-year growth of cash flow per share (CPS) estimation for the calendarized 2 fiscal years aggregated within GICS industry grouping.,"{'id': 'analyst15', 'name': 'Earnings forecasts'}","{'id': 'analyst', 'name': 'Analyst'}","{'id': 'analyst-analyst-estimates', 'name': 'Analyst Estimates'}",USA,1,TOP3000,MATRIX,0.9817,51,145,1.2,[]
anl15_cps_ind_cal_fy2_mean,The weighted average of cash flow per share (CPS) estimation for the calendarized 2 fiscal years aggregated within GICS industry grouping.,"{'id': 'analyst15', 'name': 'Earnings forecasts'}","{'id': 'analyst', 'name': 'Analyst'}","{'id': 'analyst-analyst-estimates', 'name': 'Analyst Estimates'}",USA,1,TOP3000,MATRIX,0.9839,36,80,1.2,[]
anl15_cps_ind_cal_fy2_pe,The weighted average price/earnings ratio based on EPS estimation for the calendarized 2 fiscal years aggregated within GICS industry grouping.,"{'id': 'analyst15', 'name': 'Earnings forecasts'}","{'id': 'analyst', 'name': 'Analyst'}","{'id': 'analyst-analyst-estimates', 'name': 'Analyst Estimates'}",USA,1,TOP3000,MATRIX,0.9829,45,99,1.2,[]
anl15_cps_ind_cal_fy2_st_dev,The weighted average standard deviation of cash flow per share (CPS) estimation for the calendarized 2 fiscal years aggregated within GICS industry grouping.,"{'id': 'analyst15', 'name': 'Earnings forecasts'}","{'id': 'analyst', 'name': 'Analyst'}","{'id': 'analyst-analyst-estimates', 'name': 'Analyst Estimates'}",USA,1,TOP3000,MATRIX,0.9524,55,829,1.2,[]
anl15_cps_ind_cal_fy2_total,The total of cash flow per share (CPS) estimation for the calendarized 2 fiscal years aggregated within GICS industry grouping.,"{'id': 'analyst15', 'name': 'Earnings forecasts'}","{'id': 'analyst', 'name': 'Analyst'}","{'id': 'analyst-analyst-estimates', 'name': 'Analyst Estimates'}",USA,1,TOP3000,MATRIX,0.9839,26,185,1.2,[]
anl15_cps_ind_cal_fy3_1m_chg,The weighted 1-month percent change of cash flow per share (CPS) estimation for the calendarized 3 fiscal years aggregated within GICS industry grouping.,"{'id': 'analyst15', 'name': 'Earnings forecasts'}","{'id': 'analyst', 'name': 'Analyst'}","{'id': 'analyst-analyst-estimates', 'name': 'Analyst Estimates'}",USA,1,TOP3000,MATRIX,0.9315,19,49,1.2,[]
anl15_cps_ind_cal_fy3_3m_chg,The weighted 3-month percent change of cash flow per share (CPS) estimation for the calendarized 3 fiscal years aggregated within GICS industry grouping.,"{'id': 'analyst15', 'name': 'Earnings forecasts'}","{'id': 'analyst', 'name': 'Analyst'}","{'id': 'analyst-analyst-estimates', 'name': 'Analyst Estimates'}",USA,1,TOP3000,MATRIX,0.9236,18,29,1.2,[]
anl15_cps_ind_cal_fy3_6m_chg,The weighted 6-month percent change of cash flow per share (CPS) estimation for the calendarized 3 fiscal year aggregated within GICS industry grouping.,"{'id': 'analyst15', 'name': 'Earnings forecasts'}","{'id': 'analyst', 'name': 'Analyst'}","{'id': 'analyst-analyst-estimates', 'name': 'Analyst Estimates'}",USA,1,TOP3000,MATRIX,0.8697,43,68,1.2,[]
anl15_cps_ind_cal_fy3_cos,The number of companies with a calendarized 3 fiscal year cash flow per share (CPS) estimation within GICS industry grouping.,"{'id': 'analyst15', 'name': 'Earnings forecasts'}","{'id': 'analyst', 'name': 'Analyst'}","{'id': 'analyst-analyst-estimates', 'name': 'Analyst Estimates'}",USA,1,TOP3000,MATRIX,0.9595,45,151,1.2,[]
anl15_cps_ind_cal_fy3_ests,The total number of calendarized 3 fiscal year cash flow per share (CPS) estimation within GICS industry grouping.,"{'id': 'analyst15', 'name': 'Earnings forecasts'}","{'id': 'analyst', 'name': 'Analyst'}","{'id': 'analyst-analyst-estimates', 'name': 'Analyst Estimates'}",USA,1,TOP3000,MATRIX,0.9595,33,68,1.2,[]
anl15_cps_ind_cal_fy3_gro,The weighted year-over-year growth of cash flow per share (CPS) estimation for the calendarized 3 fiscal year aggregated within GICS industry grouping.,"{'id': 'analyst15', 'name': 'Earnings forecasts'}","{'id': 'analyst', 'name': 'Analyst'}","{'id': 'analyst-analyst-estimates', 'name': 'Analyst Estimates'}",USA,1,TOP3000,MATRIX,0.9568,23,206,1.2,[]
anl15_cps_ind_cal_fy3_mean,The weighted average of cash flow per share (CPS) estimation for the calendarized three fiscal years aggregated within GICS industry grouping.,"{'id': 'analyst15', 'name': 'Earnings forecasts'}","{'id': 'analyst', 'name': 'Analyst'}","{'id': 'analyst-analyst-estimates', 'name': 'Analyst Estimates'}",USA,1,TOP3000,MATRIX,0.958,28,406,1.2,[]
anl15_cps_ind_cal_fy3_pe,The weighted average price/earnings ratio based on EPS estimation for the calendarized 3 fiscal years aggregated within GICS industry grouping.,"{'id': 'analyst15', 'name': 'Earnings forecasts'}","{'id': 'analyst', 'name': 'Analyst'}","{'id': 'analyst-analyst-estimates', 'name': 'Analyst Estimates'}",USA,1,TOP3000,MATRIX,0.9569,40,64,1.2,[]
anl15_cps_ind_cal_fy3_st_dev,The weighted average standard deviation of cash flow per share (CPS) estimation for the calendarized three fiscal years aggregated within GICS industry grouping.,"{'id': 'analyst15', 'name': 'Earnings forecasts'}","{'id': 'analyst', 'name': 'Analyst'}","{'id': 'analyst-analyst-estimates', 'name': 'Analyst Estimates'}",USA,1,TOP3000,MATRIX,0.8444,19,28,1.2,[]
anl15_cps_ind_cal_fy3_total,The total of cash flow per share (CPS) estimation for the calendarized 3 fiscal year aggregated within GICS industry grouping.,"{'id': 'analyst15', 'name': 'Earnings forecasts'}","{'id': 'analyst', 'name': 'Analyst'}","{'id': 'analyst-analyst-estimates', 'name': 'Analyst Estimates'}",USA,1,TOP3000,MATRIX,0.958,25,195,1.2,[]
anl15_cps_ind_fy1_cos_dn,The number of companies for which cash flow per share (CPS) estimation for the calendarized 1 fiscal year has been lowered from last month within GICS industry grouping.,"{'id': 'analyst15', 'name': 'Earnings forecasts'}","{'id': 'analyst', 'name': 'Analyst'}","{'id': 'analyst-analyst-estimates', 'name': 'Analyst Estimates'}",USA,1,TOP3000,MATRIX,0.9666,27,110,1.2,[]
anl15_cps_ind_fy1_cos_up,The number of companies for which cash flow per share (CPS) estimation for the calendarized 1 fiscal year has been raised from last month within GICS industry grouping.,"{'id': 'analyst15', 'name': 'Earnings forecasts'}","{'id': 'analyst', 'name': 'Analyst'}","{'id': 'analyst-analyst-estimates', 'name': 'Analyst Estimates'}",USA,1,TOP3000,MATRIX,0.9616,45,144,1.2,[]
anl15_cps_ind_fy1_ests_dn,"Count of unique IDs of industry participants. Industry stands for an aggregate view of all  equity clearance activity for the date, symbol, and transaction type in question.","{'id': 'analyst15', 'name': 'Earnings forecasts'}","{'id': 'analyst', 'name': 'Analyst'}","{'id': 'analyst-analyst-estimates', 'name': 'Analyst Estimates'}",USA,1,TOP3000,MATRIX,0.9637,40,73,1.2,[]
anl15_cps_ind_fy1_ests_up,"Count of unique IDs of industry participants. Industry stands for an aggregate view of all  equity clearance activity for the date, symbol, and transaction type in question.","{'id': 'analyst15', 'name': 'Earnings forecasts'}","{'id': 'analyst', 'name': 'Analyst'}","{'id': 'analyst-analyst-estimates', 'name': 'Analyst Estimates'}",USA,1,TOP3000,MATRIX,0.9576,22,37,1.2,[]
anl15_cps_ind_fy2_cos_dn,The number of companies for which cash flow per share (CPS) estimation for the calendarized 2 fiscal years has been lowered from last month within GICS industry grouping.,"{'id': 'analyst15', 'name': 'Earnings forecasts'}","{'id': 'analyst', 'name': 'Analyst'}","{'id': 'analyst-analyst-estimates', 'name': 'Analyst Estimates'}",USA,1,TOP3000,MATRIX,0.9682,25,217,1.2,[]
anl15_cps_ind_fy2_cos_up,The number of companies for which cash flow per share (CPS) estimation for the calendarized 2 fiscal years has been raised from last month within GICS industry grouping.,"{'id': 'analyst15', 'name': 'Earnings forecasts'}","{'id': 'analyst', 'name': 'Analyst'}","{'id': 'analyst-analyst-estimates', 'name': 'Analyst Estimates'}",USA,1,TOP3000,MATRIX,0.9629,31,44,1.2,[]
anl15_cps_ind_fy2_ests_dn,"Count of unique IDs of industry participants. Industry stands for an aggregate view of all  equity clearance activity for the date, symbol, and transaction type in question.","{'id': 'analyst15', 'name': 'Earnings forecasts'}","{'id': 'analyst', 'name': 'Analyst'}","{'id': 'analyst-analyst-estimates', 'name': 'Analyst Estimates'}",USA,1,TOP3000,MATRIX,0.9641,37,57,1.2,[]
anl15_cps_ind_fy2_ests_up,"Count of unique IDs of industry participants. Industry stands for an aggregate view of all  equity clearance activity for the date, symbol, and transaction type in question.","{'id': 'analyst15', 'name': 'Earnings forecasts'}","{'id': 'analyst', 'name': 'Analyst'}","{'id': 'analyst-analyst-estimates', 'name': 'Analyst Estimates'}",USA,1,TOP3000,MATRIX,0.9584,30,49,1.2,[]
anl15_cps_ind_fy3_cos_dn,The number of companies for which cash flow per share (CPS) estimation for the calendarized 3 fiscal year has been lowered from last month within GICS industry grouping.,"{'id': 'analyst15', 'name': 'Earnings forecasts'}","{'id': 'analyst', 'name': 'Analyst'}","{'id': 'analyst-analyst-estimates', 'name': 'Analyst Estimates'}",USA,1,TOP3000,MATRIX,0.9068,21,88,1.2,[]
anl15_cps_ind_fy3_cos_up,The number of companies for which cash flow per share (CPS) estimation for the calendarized 3 fiscal year has been raised from last month within GICS industry grouping.,"{'id': 'analyst15', 'name': 'Earnings forecasts'}","{'id': 'analyst', 'name': 'Analyst'}","{'id': 'analyst-analyst-estimates', 'name': 'Analyst Estimates'}",USA,1,TOP3000,MATRIX,0.9029,12,16,1.2,[]
anl15_cps_ind_fy3_ests_dn,"Count of unique IDs of industry participants. Industry stands for an aggregate view of all  equity clearance activity for the date, symbol, and transaction type in question.","{'id': 'analyst15', 'name': 'Earnings forecasts'}","{'id': 'analyst', 'name': 'Analyst'}","{'id': 'analyst-analyst-estimates', 'name': 'Analyst Estimates'}",USA,1,TOP3000,MATRIX,0.8918,57,470,1.2,[]
anl15_cps_ind_fy3_ests_up,"Count of unique IDs of industry participants. Industry stands for an aggregate view of all  equity clearance activity for the date, symbol, and transaction type in question.","{'id': 'analyst15', 'name': 'Earnings forecasts'}","{'id': 'analyst', 'name': 'Analyst'}","{'id': 'analyst-analyst-estimates', 'name': 'Analyst Estimates'}",USA,1,TOP3000,MATRIX,0.8899,37,112,1.2,[]
anl15_cps_s_12_m_1m_chg,The weighted 1-month percent change of 12-month forward cash flow per share (CPS) estimation aggregated within GICS sector grouping.,"{'id': 'analyst15', 'name': 'Earnings forecasts'}","{'id': 'analyst', 'name': 'Analyst'}","{'id': 'analyst-analyst-estimates', 'name': 'Analyst Estimates'}",USA,1,TOP3000,MATRIX,1.0,51,215,1.2,[]
anl15_cps_s_12_m_3m_chg,The weighted 3-month percent change of 12-month forward cash flow per share (CPS) estimation aggregated within GICS sector grouping.,"{'id': 'analyst15', 'name': 'Earnings forecasts'}","{'id': 'analyst', 'name': 'Analyst'}","{'id': 'analyst-analyst-estimates', 'name': 'Analyst Estimates'}",USA,1,TOP3000,MATRIX,1.0,35,148,1.2,[]
anl15_cps_s_12_m_6m_chg,The weighted 6-month percent change of 12-month forward cash flow per share (CPS) estimation aggregated within GICS sector grouping.,"{'id': 'analyst15', 'name': 'Earnings forecasts'}","{'id': 'analyst', 'name': 'Analyst'}","{'id': 'analyst-analyst-estimates', 'name': 'Analyst Estimates'}",USA,1,TOP3000,MATRIX,1.0,30,220,1.2,[]
anl15_cps_s_12_m_cos,The number of companies with a 12-month forward mean cash flow per share (CPS) estimation within GICS sector grouping.,"{'id': 'analyst15', 'name': 'Earnings forecasts'}","{'id': 'analyst', 'name': 'Analyst'}","{'id': 'analyst-analyst-estimates', 'name': 'Analyst Estimates'}",USA,1,TOP3000,MATRIX,1.0,45,107,1.2,[]
anl15_cps_s_12_m_cos_dn,The number of companies for which 12-month forward mean cash flow per share (CPS) estimation has been lowered from last month within GICS sector grouping.,"{'id': 'analyst15', 'name': 'Earnings forecasts'}","{'id': 'analyst', 'name': 'Analyst'}","{'id': 'analyst-analyst-estimates', 'name': 'Analyst Estimates'}",USA,1,TOP3000,MATRIX,1.0,62,472,1.2,[]
anl15_cps_s_12_m_cos_up,The number of companies for which 12-month forward mean cash flow per share (CPS) estimation has been raised from last month within GICS sector grouping.,"{'id': 'analyst15', 'name': 'Earnings forecasts'}","{'id': 'analyst', 'name': 'Analyst'}","{'id': 'analyst-analyst-estimates', 'name': 'Analyst Estimates'}",USA,1,TOP3000,MATRIX,1.0,48,89,1.2,[]
anl15_cps_s_12_m_ests,The 12-month forward pro-rated total number of estimates within GICS sector grouping.,"{'id': 'analyst15', 'name': 'Earnings forecasts'}","{'id': 'analyst', 'name': 'Analyst'}","{'id': 'analyst-analyst-estimates', 'name': 'Analyst Estimates'}",USA,1,TOP3000,MATRIX,1.0,15,27,1.2,[]
anl15_cps_s_12_m_ests_dn,"Count of unique IDs of industry participants. Industry stands for an aggregate view of all  equity clearance activity for the date, symbol, and transaction type in question.","{'id': 'analyst15', 'name': 'Earnings forecasts'}","{'id': 'analyst', 'name': 'Analyst'}","{'id': 'analyst-analyst-estimates', 'name': 'Analyst Estimates'}",USA,1,TOP3000,MATRIX,1.0,68,134,1.2,[]
anl15_cps_s_12_m_ests_up,"Count of unique IDs of industry participants. Industry stands for an aggregate view of all  equity clearance activity for the date, symbol, and transaction type in question.","{'id': 'analyst15', 'name': 'Earnings forecasts'}","{'id': 'analyst', 'name': 'Analyst'}","{'id': 'analyst-analyst-estimates', 'name': 'Analyst Estimates'}",USA,1,TOP3000,MATRIX,1.0,27,55,1.2,[]
anl15_cps_s_12_m_gro,The weighted 12-month forward year-over-year growth of cash flow per share (CPS) estimation aggregated within GICS sector grouping.,"{'id': 'analyst15', 'name': 'Earnings forecasts'}","{'id': 'analyst', 'name': 'Analyst'}","{'id': 'analyst-analyst-estimates', 'name': 'Analyst Estimates'}",USA,1,TOP3000,MATRIX,1.0,36,166,1.2,[]
anl15_cps_s_12_m_mean,The weighted average of 12-month forward cash flow per share (CPS) estimation aggregated within GICS sector grouping.,"{'id': 'analyst15', 'name': 'Earnings forecasts'}","{'id': 'analyst', 'name': 'Analyst'}","{'id': 'analyst-analyst-estimates', 'name': 'Analyst Estimates'}",USA,1,TOP3000,MATRIX,1.0,27,57,1.2,[]
anl15_cps_s_12_m_pe,The weighted average price/earnings ratio based on 12-month forward EPS estimation aggregated within GICS sector grouping.,"{'id': 'analyst15', 'name': 'Earnings forecasts'}","{'id': 'analyst', 'name': 'Analyst'}","{'id': 'analyst-analyst-estimates', 'name': 'Analyst Estimates'}",USA,1,TOP3000,MATRIX,1.0,60,138,1.2,[]
anl15_cps_s_12_m_st_dev,The weighted average standard deviation of 12-month forward cash flow per share (CPS) estimation aggregated within GICS sector grouping.,"{'id': 'analyst15', 'name': 'Earnings forecasts'}","{'id': 'analyst', 'name': 'Analyst'}","{'id': 'analyst-analyst-estimates', 'name': 'Analyst Estimates'}",USA,1,TOP3000,MATRIX,1.0,33,437,1.2,[]
anl15_cps_s_12_m_total,The total of 12-month forward cash flow per share (CPS) estimation aggregated within GICS sector grouping.,"{'id': 'analyst15', 'name': 'Earnings forecasts'}","{'id': 'analyst', 'name': 'Analyst'}","{'id': 'analyst-analyst-estimates', 'name': 'Analyst Estimates'}",USA,1,TOP3000,MATRIX,1.0,19,35,1.2,[]
anl15_cps_s_12_m_tr_mean,The weighted average of 12-month trailing cash flow per share (CPS) aggregated within GICS sector grouping.,"{'id': 'analyst15', 'name': 'Earnings forecasts'}","{'id': 'analyst', 'name': 'Analyst'}","{'id': 'analyst-analyst-estimates', 'name': 'Analyst Estimates'}",USA,1,TOP3000,MATRIX,1.0,28,54,1.2,[]
anl15_cps_s_18_m_1m_chg,The weighted 1-month percent change of 18-month forward cash flow per share (CPS) estimation aggregated within GICS sector grouping.,"{'id': 'analyst15', 'name': 'Earnings forecasts'}","{'id': 'analyst', 'name': 'Analyst'}","{'id': 'analyst-analyst-estimates', 'name': 'Analyst Estimates'}",USA,1,TOP3000,MATRIX,1.0,26,105,1.2,[]
anl15_cps_s_18_m_3m_chg,The weighted 3-month percent change of 18-month forward cash flow per share (CPS) estimation aggregated within GICS sector grouping.,"{'id': 'analyst15', 'name': 'Earnings forecasts'}","{'id': 'analyst', 'name': 'Analyst'}","{'id': 'analyst-analyst-estimates', 'name': 'Analyst Estimates'}",USA,1,TOP3000,MATRIX,1.0,34,66,1.2,[]
anl15_cps_s_18_m_6m_chg,The weighted 6-month percent change of 18-month forward cash flow per share (CPS) estimation aggregated within GICS sector grouping.,"{'id': 'analyst15', 'name': 'Earnings forecasts'}","{'id': 'analyst', 'name': 'Analyst'}","{'id': 'analyst-analyst-estimates', 'name': 'Analyst Estimates'}",USA,1,TOP3000,MATRIX,1.0,17,17,1.2,[]
anl15_cps_s_18_m_cos,The number of companies with an 18-month forward mean cash flow per share (CPS) estimation within GICS sector grouping.,"{'id': 'analyst15', 'name': 'Earnings forecasts'}","{'id': 'analyst', 'name': 'Analyst'}","{'id': 'analyst-analyst-estimates', 'name': 'Analyst Estimates'}",USA,1,TOP3000,MATRIX,1.0,40,83,1.2,[]
anl15_cps_s_18_m_cos_dn,The number of companies for which 18-month forward mean cash flow per share (CPS) estimation has been lowered from last month within GICS sector grouping.,"{'id': 'analyst15', 'name': 'Earnings forecasts'}","{'id': 'analyst', 'name': 'Analyst'}","{'id': 'analyst-analyst-estimates', 'name': 'Analyst Estimates'}",USA,1,TOP3000,MATRIX,1.0,49,99,1.2,[]
anl15_cps_s_18_m_cos_up,The number of companies for which 18-month forward mean cash flow per share (CPS) estimation has been raised from last month within GICS sector grouping.,"{'id': 'analyst15', 'name': 'Earnings forecasts'}","{'id': 'analyst', 'name': 'Analyst'}","{'id': 'analyst-analyst-estimates', 'name': 'Analyst Estimates'}",USA,1,TOP3000,MATRIX,1.0,35,70,1.2,[]
anl15_cps_s_18_m_ests,The 18-month forward pro-rated total number of estimates within GICS sector grouping.,"{'id': 'analyst15', 'name': 'Earnings forecasts'}","{'id': 'analyst', 'name': 'Analyst'}","{'id': 'analyst-analyst-estimates', 'name': 'Analyst Estimates'}",USA,1,TOP3000,MATRIX,1.0,73,342,1.2,[]
anl15_cps_s_18_m_ests_dn,"Count of unique IDs of industry participants. Industry stands for an aggregate view of all  equity clearance activity for the date, symbol, and transaction type in question.","{'id': 'analyst15', 'name': 'Earnings forecasts'}","{'id': 'analyst', 'name': 'Analyst'}","{'id': 'analyst-analyst-estimates', 'name': 'Analyst Estimates'}",USA,1,TOP3000,MATRIX,1.0,64,589,1.2,[]
anl15_cps_s_18_m_ests_up,"Count of unique IDs of industry participants. Industry stands for an aggregate view of all  equity clearance activity for the date, symbol, and transaction type in question.","{'id': 'analyst15', 'name': 'Earnings forecasts'}","{'id': 'analyst', 'name': 'Analyst'}","{'id': 'analyst-analyst-estimates', 'name': 'Analyst Estimates'}",USA,1,TOP3000,MATRIX,1.0,28,280,1.2,[]
anl15_cps_s_18_m_gro,The weighted 18-month forward year-over-year growth of cash flow per share (CPS) estimation aggregated within GICS sector grouping.,"{'id': 'analyst15', 'name': 'Earnings forecasts'}","{'id': 'analyst', 'name': 'Analyst'}","{'id': 'analyst-analyst-estimates', 'name': 'Analyst Estimates'}",USA,1,TOP3000,MATRIX,1.0,37,115,1.2,[]
anl15_cps_s_18_m_mean,The weighted average of 18-month forward cash flow per share (CPS) estimation aggregated within GICS sector grouping.,"{'id': 'analyst15', 'name': 'Earnings forecasts'}","{'id': 'analyst', 'name': 'Analyst'}","{'id': 'analyst-analyst-estimates', 'name': 'Analyst Estimates'}",USA,1,TOP3000,MATRIX,1.0,38,71,1.2,[]
anl15_cps_s_18_m_pe,The weighted average price/earnings ratio based on 18-month forward EPS estimation aggregated within GICS sector grouping.,"{'id': 'analyst15', 'name': 'Earnings forecasts'}","{'id': 'analyst', 'name': 'Analyst'}","{'id': 'analyst-analyst-estimates', 'name': 'Analyst Estimates'}",USA,1,TOP3000,MATRIX,1.0,51,84,1.2,[]
anl15_cps_s_18_m_st_dev,The weighted average standard deviation of 18-month forward cash flow per share (CPS) estimation aggregated within GICS sector grouping.,"{'id': 'analyst15', 'name': 'Earnings forecasts'}","{'id': 'analyst', 'name': 'Analyst'}","{'id': 'analyst-analyst-estimates', 'name': 'Analyst Estimates'}",USA,1,TOP3000,MATRIX,1.0,27,53,1.2,[]
anl15_cps_s_18_m_total,The total of 18-month forward cash flow per share (CPS) estimation aggregated within GICS sector grouping.,"{'id': 'analyst15', 'name': 'Earnings forecasts'}","{'id': 'analyst', 'name': 'Analyst'}","{'id': 'analyst-analyst-estimates', 'name': 'Analyst Estimates'}",USA,1,TOP3000,MATRIX,1.0,39,117,1.2,[]
anl15_cps_s_cal_fy0_gro,The weighted year-over-year growth of cash flow per share (CPS) estimation for the current calendarized fiscal year aggregated within GICS sector grouping.,"{'id': 'analyst15', 'name': 'Earnings forecasts'}","{'id': 'analyst', 'name': 'Analyst'}","{'id': 'analyst-analyst-estimates', 'name': 'Analyst Estimates'}",USA,1,TOP3000,MATRIX,0.998,45,130,1.2,[]
anl15_cps_s_cal_fy0_pe,The weighted average price/earnings ratio based on EPS estimation for the current calendarized fiscal year aggregated within GICS sector grouping.,"{'id': 'analyst15', 'name': 'Earnings forecasts'}","{'id': 'analyst', 'name': 'Analyst'}","{'id': 'analyst-analyst-estimates', 'name': 'Analyst Estimates'}",USA,1,TOP3000,MATRIX,1.0,46,83,1.2,[]
anl15_cps_s_cal_fy0_total,The total of cash flow per share (CPS) estimation for the current calendarized fiscal year aggregated within GICS sector grouping.,"{'id': 'analyst15', 'name': 'Earnings forecasts'}","{'id': 'analyst', 'name': 'Analyst'}","{'id': 'analyst-analyst-estimates', 'name': 'Analyst Estimates'}",USA,1,TOP3000,MATRIX,1.0,14,29,1.2,[]
anl15_cps_s_cal_fy0_val,The weighted average of cash flow per share (CPS) estimation for the current calendarized fiscal year aggregated within GICS sector grouping.,"{'id': 'analyst15', 'name': 'Earnings forecasts'}","{'id': 'analyst', 'name': 'Analyst'}","{'id': 'analyst-analyst-estimates', 'name': 'Analyst Estimates'}",USA,1,TOP3000,MATRIX,1.0,57,159,1.2,[]
anl15_cps_s_cal_fy1_1m_chg,The weighted 1-month percent change of cash flow per share (CPS) estimation for the calendarized 1 fiscal year aggregated within GICS sector grouping.,"{'id': 'analyst15', 'name': 'Earnings forecasts'}","{'id': 'analyst', 'name': 'Analyst'}","{'id': 'analyst-analyst-estimates', 'name': 'Analyst Estimates'}",USA,1,TOP3000,MATRIX,1.0,48,215,1.2,[]
anl15_cps_s_cal_fy1_3m_chg,The weighted 3-month percent change of cash flow per share (CPS) estimation for the calendarized 1 fiscal year aggregated within GICS sector grouping.,"{'id': 'analyst15', 'name': 'Earnings forecasts'}","{'id': 'analyst', 'name': 'Analyst'}","{'id': 'analyst-analyst-estimates', 'name': 'Analyst Estimates'}",USA,1,TOP3000,MATRIX,1.0,57,664,1.2,[]
anl15_cps_s_cal_fy1_6m_chg,The weighted 6-month percent change of cash flow per share (CPS) estimation for the calendarized 1 fiscal year aggregated within GICS sector grouping.,"{'id': 'analyst15', 'name': 'Earnings forecasts'}","{'id': 'analyst', 'name': 'Analyst'}","{'id': 'analyst-analyst-estimates', 'name': 'Analyst Estimates'}",USA,1,TOP3000,MATRIX,1.0,112,1909,1.2,[]
anl15_cps_s_cal_fy1_cos,The number of companies with a calendarized 1 fiscal year cash flow per share (CPS) estimation within GICS sector grouping.,"{'id': 'analyst15', 'name': 'Earnings forecasts'}","{'id': 'analyst', 'name': 'Analyst'}","{'id': 'analyst-analyst-estimates', 'name': 'Analyst Estimates'}",USA,1,TOP3000,MATRIX,1.0,31,64,1.2,[]
anl15_cps_s_cal_fy1_ests,The total number of calendarized 1 fiscal year cash flow per share (CPS) estimation within GICS sector grouping.,"{'id': 'analyst15', 'name': 'Earnings forecasts'}","{'id': 'analyst', 'name': 'Analyst'}","{'id': 'analyst-analyst-estimates', 'name': 'Analyst Estimates'}",USA,1,TOP3000,MATRIX,1.0,45,76,1.2,[]
anl15_cps_s_cal_fy1_gro,The weighted year-over-year growth of cash flow per share (CPS) estimation for the calendarized 1 fiscal year aggregated within GICS sector grouping.,"{'id': 'analyst15', 'name': 'Earnings forecasts'}","{'id': 'analyst', 'name': 'Analyst'}","{'id': 'analyst-analyst-estimates', 'name': 'Analyst Estimates'}",USA,1,TOP3000,MATRIX,1.0,28,277,1.2,[]
anl15_cps_s_cal_fy1_mean,The weighted average of cash flow per share (CPS) estimation for the calendarized 1 fiscal year aggregated within GICS sector grouping.,"{'id': 'analyst15', 'name': 'Earnings forecasts'}","{'id': 'analyst', 'name': 'Analyst'}","{'id': 'analyst-analyst-estimates', 'name': 'Analyst Estimates'}",USA,1,TOP3000,MATRIX,1.0,55,538,1.2,[]
anl15_cps_s_cal_fy1_pe,The weighted average price/earnings ratio based on EPS estimation for the calendarized 1 fiscal year aggregated within GICS sector grouping.,"{'id': 'analyst15', 'name': 'Earnings forecasts'}","{'id': 'analyst', 'name': 'Analyst'}","{'id': 'analyst-analyst-estimates', 'name': 'Analyst Estimates'}",USA,1,TOP3000,MATRIX,1.0,41,106,1.2,[]
anl15_cps_s_cal_fy1_st_dev,The weighted average standard deviation of cash flow per share (CPS) estimation for the calendarized 1 fiscal year aggregated within GICS sector grouping.,"{'id': 'analyst15', 'name': 'Earnings forecasts'}","{'id': 'analyst', 'name': 'Analyst'}","{'id': 'analyst-analyst-estimates', 'name': 'Analyst Estimates'}",USA,1,TOP3000,MATRIX,1.0,42,93,1.2,[]
anl15_cps_s_cal_fy1_total,The total of cash flow per share (CPS) estimation for the calendarized 1 fiscal year aggregated within GICS sector grouping.,"{'id': 'analyst15', 'name': 'Earnings forecasts'}","{'id': 'analyst', 'name': 'Analyst'}","{'id': 'analyst-analyst-estimates', 'name': 'Analyst Estimates'}",USA,1,TOP3000,MATRIX,1.0,33,165,1.2,[]
anl15_cps_s_cal_fy2_1m_chg,The weighted 1 month percent change of cash flow per share (CPS) estimation for the calendarized 2 fiscal year aggregated within GICS sector grouping.,"{'id': 'analyst15', 'name': 'Earnings forecasts'}","{'id': 'analyst', 'name': 'Analyst'}","{'id': 'analyst-analyst-estimates', 'name': 'Analyst Estimates'}",USA,1,TOP3000,MATRIX,1.0,34,74,1.2,[]
anl15_cps_s_cal_fy2_3m_chg,The weighted 3-month percent change of cash flow per share (CPS) estimation for the calendarized 2 fiscal year aggregated within GICS sector grouping.,"{'id': 'analyst15', 'name': 'Earnings forecasts'}","{'id': 'analyst', 'name': 'Analyst'}","{'id': 'analyst-analyst-estimates', 'name': 'Analyst Estimates'}",USA,1,TOP3000,MATRIX,1.0,52,535,1.2,[]
anl15_cps_s_cal_fy2_6m_chg,The weighted 6-month percent change of cash flow per share (CPS) estimation for the calendarized 2 fiscal years aggregated within GICS sector grouping.,"{'id': 'analyst15', 'name': 'Earnings forecasts'}","{'id': 'analyst', 'name': 'Analyst'}","{'id': 'analyst-analyst-estimates', 'name': 'Analyst Estimates'}",USA,1,TOP3000,MATRIX,1.0,32,137,1.2,[]
anl15_cps_s_cal_fy2_cos,The number of companies with a calendarized 2 fiscal year cash flow per share (CPS) estimation within GICS sector grouping.,"{'id': 'analyst15', 'name': 'Earnings forecasts'}","{'id': 'analyst', 'name': 'Analyst'}","{'id': 'analyst-analyst-estimates', 'name': 'Analyst Estimates'}",USA,1,TOP3000,MATRIX,1.0,38,187,1.2,[]
anl15_cps_s_cal_fy2_ests,The total number of calendarized 2 fiscal year cash flow per share (CPS) estimation within GICS sector grouping.,"{'id': 'analyst15', 'name': 'Earnings forecasts'}","{'id': 'analyst', 'name': 'Analyst'}","{'id': 'analyst-analyst-estimates', 'name': 'Analyst Estimates'}",USA,1,TOP3000,MATRIX,1.0,27,109,1.2,[]
anl15_cps_s_cal_fy2_gro,The weighted year-over-year growth of cash flow per share (CPS) estimation for the calendarized 2 fiscal years aggregated within GICS sector grouping.,"{'id': 'analyst15', 'name': 'Earnings forecasts'}","{'id': 'analyst', 'name': 'Analyst'}","{'id': 'analyst-analyst-estimates', 'name': 'Analyst Estimates'}",USA,1,TOP3000,MATRIX,1.0,56,722,1.2,[]
anl15_cps_s_cal_fy2_mean,The weighted average of cash flow per share (CPS) estimation for the calendarized two fiscal years aggregated within GICS sector grouping.,"{'id': 'analyst15', 'name': 'Earnings forecasts'}","{'id': 'analyst', 'name': 'Analyst'}","{'id': 'analyst-analyst-estimates', 'name': 'Analyst Estimates'}",USA,1,TOP3000,MATRIX,1.0,22,26,1.2,[]
anl15_cps_s_cal_fy2_pe,The weighted average price/earnings ratio based on EPS estimation for the calendarized 2 fiscal year aggregated within GICS sector grouping.,"{'id': 'analyst15', 'name': 'Earnings forecasts'}","{'id': 'analyst', 'name': 'Analyst'}","{'id': 'analyst-analyst-estimates', 'name': 'Analyst Estimates'}",USA,1,TOP3000,MATRIX,1.0,49,228,1.2,[]
anl15_cps_s_cal_fy2_st_dev,The weighted average standard deviation of cash flow per share (CPS) estimation for the calendarized 2 fiscal years aggregated within GICS sector grouping.,"{'id': 'analyst15', 'name': 'Earnings forecasts'}","{'id': 'analyst', 'name': 'Analyst'}","{'id': 'analyst-analyst-estimates', 'name': 'Analyst Estimates'}",USA,1,TOP3000,MATRIX,1.0,50,95,1.2,[]
anl15_cps_s_cal_fy2_total,The total of cash flow per share (CPS) estimation for the calendarized 2 fiscal years aggregated within GICS sector grouping.,"{'id': 'analyst15', 'name': 'Earnings forecasts'}","{'id': 'analyst', 'name': 'Analyst'}","{'id': 'analyst-analyst-estimates', 'name': 'Analyst Estimates'}",USA,1,TOP3000,MATRIX,1.0,50,185,1.2,[]
anl15_cps_s_cal_fy3_1m_chg,The weighted one-month percent change of cash flow per share (CPS) estimation for the calendarized 3 fiscal years aggregated within GICS sector grouping.,"{'id': 'analyst15', 'name': 'Earnings forecasts'}","{'id': 'analyst', 'name': 'Analyst'}","{'id': 'analyst-analyst-estimates', 'name': 'Analyst Estimates'}",USA,1,TOP3000,MATRIX,1.0,50,126,1.2,[]
anl15_cps_s_cal_fy3_3m_chg,The weighted 3-month percent change of cash flow per share (CPS) estimation for the calendarized 3 fiscal year aggregated within GICS sector grouping.,"{'id': 'analyst15', 'name': 'Earnings forecasts'}","{'id': 'analyst', 'name': 'Analyst'}","{'id': 'analyst-analyst-estimates', 'name': 'Analyst Estimates'}",USA,1,TOP3000,MATRIX,1.0,41,379,1.2,[]
anl15_cps_s_cal_fy3_6m_chg,The weighted 6-month percent change of cash flow per share (CPS) estimation for the calendarized 3 fiscal year aggregated within GICS sector grouping.,"{'id': 'analyst15', 'name': 'Earnings forecasts'}","{'id': 'analyst', 'name': 'Analyst'}","{'id': 'analyst-analyst-estimates', 'name': 'Analyst Estimates'}",USA,1,TOP3000,MATRIX,0.9974,37,96,1.2,[]
anl15_cps_s_cal_fy3_cos,The number of companies with a calendarized 3 fiscal year cash flow per share (CPS) estimation within GICS sector grouping.,"{'id': 'analyst15', 'name': 'Earnings forecasts'}","{'id': 'analyst', 'name': 'Analyst'}","{'id': 'analyst-analyst-estimates', 'name': 'Analyst Estimates'}",USA,1,TOP3000,MATRIX,1.0,45,252,1.2,[]
anl15_cps_s_cal_fy3_ests,The total number of calendarized 3 fiscal year cash flow per share (CPS) estimation within GICS sector grouping.,"{'id': 'analyst15', 'name': 'Earnings forecasts'}","{'id': 'analyst', 'name': 'Analyst'}","{'id': 'analyst-analyst-estimates', 'name': 'Analyst Estimates'}",USA,1,TOP3000,MATRIX,1.0,40,75,1.2,[]
anl15_cps_s_cal_fy3_gro,The weighted year-over-year growth of cash flow per share (CPS) estimation for the calendarized 3 fiscal year aggregated within GICS sector grouping.,"{'id': 'analyst15', 'name': 'Earnings forecasts'}","{'id': 'analyst', 'name': 'Analyst'}","{'id': 'analyst-analyst-estimates', 'name': 'Analyst Estimates'}",USA,1,TOP3000,MATRIX,1.0,28,74,1.2,[]
anl15_cps_s_cal_fy3_mean,The weighted average of cash flow per share (CPS) estimation for the calendarized 3 fiscal years aggregated within GICS sector grouping.,"{'id': 'analyst15', 'name': 'Earnings forecasts'}","{'id': 'analyst', 'name': 'Analyst'}","{'id': 'analyst-analyst-estimates', 'name': 'Analyst Estimates'}",USA,1,TOP3000,MATRIX,1.0,60,175,1.2,[]
anl15_cps_s_cal_fy3_pe,The weighted average price/earnings ratio based on EPS estimation for the calendarized 3 fiscal years aggregated within GICS sector grouping.,"{'id': 'analyst15', 'name': 'Earnings forecasts'}","{'id': 'analyst', 'name': 'Analyst'}","{'id': 'analyst-analyst-estimates', 'name': 'Analyst Estimates'}",USA,1,TOP3000,MATRIX,1.0,40,627,1.2,[]
anl15_cps_s_cal_fy3_st_dev,The weighted average standard deviation of cash flow per share (CPS) estimation for the calendarized 3 fiscal years aggregated within GICS sector grouping.,"{'id': 'analyst15', 'name': 'Earnings forecasts'}","{'id': 'analyst', 'name': 'Analyst'}","{'id': 'analyst-analyst-estimates', 'name': 'Analyst Estimates'}",USA,1,TOP3000,MATRIX,0.9864,50,164,1.2,[]
anl15_cps_s_cal_fy3_total,The total of cash flow per share (CPS) estimation for the calendarized 3 fiscal years aggregated within GICS sector grouping.,"{'id': 'analyst15', 'name': 'Earnings forecasts'}","{'id': 'analyst', 'name': 'Analyst'}","{'id': 'analyst-analyst-estimates', 'name': 'Analyst Estimates'}",USA,1,TOP3000,MATRIX,1.0,34,53,1.2,[]
anl15_cps_s_fy1_cos_dn,The number of companies for which cash flow per share (CPS) estimation for the calendarized 1 fiscal year has been lowered from last month within GICS sector grouping.,"{'id': 'analyst15', 'name': 'Earnings forecasts'}","{'id': 'analyst', 'name': 'Analyst'}","{'id': 'analyst-analyst-estimates', 'name': 'Analyst Estimates'}",USA,1,TOP3000,MATRIX,1.0,65,176,1.2,[]
anl15_cps_s_fy1_cos_up,The number of companies for which cash flow per share (CPS) estimation for the calendarized 1 fiscal year has been raised from last month within GICS sector grouping.,"{'id': 'analyst15', 'name': 'Earnings forecasts'}","{'id': 'analyst', 'name': 'Analyst'}","{'id': 'analyst-analyst-estimates', 'name': 'Analyst Estimates'}",USA,1,TOP3000,MATRIX,1.0,19,28,1.2,[]
anl15_cps_s_fy1_ests_dn,"Count of unique IDs of industry participants. Industry stands for an aggregate view of all  equity clearance activity for the date, symbol, and transaction type in question.","{'id': 'analyst15', 'name': 'Earnings forecasts'}","{'id': 'analyst', 'name': 'Analyst'}","{'id': 'analyst-analyst-estimates', 'name': 'Analyst Estimates'}",USA,1,TOP3000,MATRIX,1.0,35,128,1.2,[]
anl15_cps_s_fy1_ests_up,"Count of unique IDs of industry participants. Industry stands for an aggregate view of all  equity clearance activity for the date, symbol, and transaction type in question.","{'id': 'analyst15', 'name': 'Earnings forecasts'}","{'id': 'analyst', 'name': 'Analyst'}","{'id': 'analyst-analyst-estimates', 'name': 'Analyst Estimates'}",USA,1,TOP3000,MATRIX,1.0,104,1298,1.2,[]
anl15_cps_s_fy2_cos_dn,The number of companies for which cash flow per share (CPS) estimation for the calendarized 2 fiscal years has been lowered from last month within GICS sector grouping.,"{'id': 'analyst15', 'name': 'Earnings forecasts'}","{'id': 'analyst', 'name': 'Analyst'}","{'id': 'analyst-analyst-estimates', 'name': 'Analyst Estimates'}",USA,1,TOP3000,MATRIX,1.0,38,326,1.2,[]
anl15_cps_s_fy2_cos_up,The number of companies for which cash flow per share (CPS) estimation for the calendarized 2 fiscal years has been raised from last month within GICS sector grouping.,"{'id': 'analyst15', 'name': 'Earnings forecasts'}","{'id': 'analyst', 'name': 'Analyst'}","{'id': 'analyst-analyst-estimates', 'name': 'Analyst Estimates'}",USA,1,TOP3000,MATRIX,1.0,62,417,1.2,[]
anl15_cps_s_fy2_ests_dn,"Count of unique IDs of industry participants. Industry stands for an aggregate view of all  equity clearance activity for the date, symbol, and transaction type in question.","{'id': 'analyst15', 'name': 'Earnings forecasts'}","{'id': 'analyst', 'name': 'Analyst'}","{'id': 'analyst-analyst-estimates', 'name': 'Analyst Estimates'}",USA,1,TOP3000,MATRIX,1.0,57,364,1.2,[]
anl15_cps_s_fy2_ests_up,"Count of unique IDs of industry participants. Industry stands for an aggregate view of all  equity clearance activity for the date, symbol, and transaction type in question.","{'id': 'analyst15', 'name': 'Earnings forecasts'}","{'id': 'analyst', 'name': 'Analyst'}","{'id': 'analyst-analyst-estimates', 'name': 'Analyst Estimates'}",USA,1,TOP3000,MATRIX,1.0,41,104,1.2,[]
anl15_cps_s_fy3_cos_dn,The number of companies for which cash flow per share (CPS) estimation for the calendarized 3 fiscal years has been lowered from last month within GICS sector grouping.,"{'id': 'analyst15', 'name': 'Earnings forecasts'}","{'id': 'analyst', 'name': 'Analyst'}","{'id': 'analyst-analyst-estimates', 'name': 'Analyst Estimates'}",USA,1,TOP3000,MATRIX,1.0,50,118,1.2,[]
anl15_cps_s_fy3_cos_up,The number of companies for which cash flow per share (CPS) estimation for the calendarized 3 fiscal year has been raised from last month within GICS sector grouping.,"{'id': 'analyst15', 'name': 'Earnings forecasts'}","{'id': 'analyst', 'name': 'Analyst'}","{'id': 'analyst-analyst-estimates', 'name': 'Analyst Estimates'}",USA,1,TOP3000,MATRIX,1.0,54,512,1.2,[]
anl15_cps_s_fy3_ests_dn,"Count of unique IDs of industry participants. Industry stands for an aggregate view of all  equity clearance activity for the date, symbol, and transaction type in question.","{'id': 'analyst15', 'name': 'Earnings forecasts'}","{'id': 'analyst', 'name': 'Analyst'}","{'id': 'analyst-analyst-estimates', 'name': 'Analyst Estimates'}",USA,1,TOP3000,MATRIX,1.0,31,46,1.2,[]
anl15_cps_s_fy3_ests_up,"Count of unique IDs of industry participants. Industry stands for an aggregate view of all  equity clearance activity for the date, symbol, and transaction type in question.","{'id': 'analyst15', 'name': 'Earnings forecasts'}","{'id': 'analyst', 'name': 'Analyst'}","{'id': 'analyst-analyst-estimates', 'name': 'Analyst Estimates'}",USA,1,TOP3000,MATRIX,1.0,33,223,1.2,[]
anl15_cpsgics_gr_12_m_1m_chg,The weighted 1-month percent change of 12-month forward cash flow per share (CPS) estimation aggregated within GICS group grouping.,"{'id': 'analyst15', 'name': 'Earnings forecasts'}","{'id': 'analyst', 'name': 'Analyst'}","{'id': 'analyst-analyst-estimates', 'name': 'Analyst Estimates'}",USA,1,TOP3000,MATRIX,1.0,33,253,1.2,[]
anl15_cpsgics_gr_12_m_3m_chg,The weighted 3-month percent change of 12-month forward cash flow per share (CPS) estimation aggregated within GICS group grouping.,"{'id': 'analyst15', 'name': 'Earnings forecasts'}","{'id': 'analyst', 'name': 'Analyst'}","{'id': 'analyst-analyst-estimates', 'name': 'Analyst Estimates'}",USA,1,TOP3000,MATRIX,1.0,12,39,1.2,[]
anl15_cpsgics_gr_12_m_6m_chg,The weighted 6-month percent change of 12-month forward cash flow per share (CPS) estimation aggregated within GICS group grouping.,"{'id': 'analyst15', 'name': 'Earnings forecasts'}","{'id': 'analyst', 'name': 'Analyst'}","{'id': 'analyst-analyst-estimates', 'name': 'Analyst Estimates'}",USA,1,TOP3000,MATRIX,1.0,33,128,1.2,[]
anl15_cpsgics_gr_12_m_cos,The number of companies with a 12-month forward mean cash flow per share (CPS) estimation within GICS group grouping.,"{'id': 'analyst15', 'name': 'Earnings forecasts'}","{'id': 'analyst', 'name': 'Analyst'}","{'id': 'analyst-analyst-estimates', 'name': 'Analyst Estimates'}",USA,1,TOP3000,MATRIX,1.0,18,72,1.2,[]
anl15_cpsgics_gr_12_m_cos_dn,The number of companies for which 12-month forward mean cash flow per share (CPS) estimation has been lowered from last month within GICS group grouping.,"{'id': 'analyst15', 'name': 'Earnings forecasts'}","{'id': 'analyst', 'name': 'Analyst'}","{'id': 'analyst-analyst-estimates', 'name': 'Analyst Estimates'}",USA,1,TOP3000,MATRIX,1.0,29,75,1.2,[]
anl15_cpsgics_gr_12_m_cos_up,The number of companies for which 12-month forward mean cash flow per share (CPS) estimation has been raised from last month within GICS group grouping.,"{'id': 'analyst15', 'name': 'Earnings forecasts'}","{'id': 'analyst', 'name': 'Analyst'}","{'id': 'analyst-analyst-estimates', 'name': 'Analyst Estimates'}",USA,1,TOP3000,MATRIX,1.0,43,210,1.2,[]
anl15_cpsgics_gr_12_m_ests,The 12-month forward pro-rated total number of estimates within GICS group grouping.,"{'id': 'analyst15', 'name': 'Earnings forecasts'}","{'id': 'analyst', 'name': 'Analyst'}","{'id': 'analyst-analyst-estimates', 'name': 'Analyst Estimates'}",USA,1,TOP3000,MATRIX,1.0,39,69,1.2,[]
anl15_cpsgics_gr_12_m_ests_dn,"Count of unique IDs of industry participants. Industry stands for an aggregate view of all  equity clearance activity for the date, symbol, and transaction type in question.","{'id': 'analyst15', 'name': 'Earnings forecasts'}","{'id': 'analyst', 'name': 'Analyst'}","{'id': 'analyst-analyst-estimates', 'name': 'Analyst Estimates'}",USA,1,TOP3000,MATRIX,0.9901,34,57,1.2,[]
anl15_cpsgics_gr_12_m_ests_up,"Count of unique IDs of industry participants. Industry stands for an aggregate view of all  equity clearance activity for the date, symbol, and transaction type in question.","{'id': 'analyst15', 'name': 'Earnings forecasts'}","{'id': 'analyst', 'name': 'Analyst'}","{'id': 'analyst-analyst-estimates', 'name': 'Analyst Estimates'}",USA,1,TOP3000,MATRIX,0.9819,17,253,1.2,[]
anl15_cpsgics_gr_12_m_gro,The weighted 12-month forward year-over-year growth of cash flow per share (CPS) estimation aggregated within GICS group grouping.,"{'id': 'analyst15', 'name': 'Earnings forecasts'}","{'id': 'analyst', 'name': 'Analyst'}","{'id': 'analyst-analyst-estimates', 'name': 'Analyst Estimates'}",USA,1,TOP3000,MATRIX,1.0,39,66,1.2,[]
anl15_cpsgics_gr_12_m_mean,The weighted average of 12-month forward cash flow per share (CPS) estimation aggregated within GICS group grouping.,"{'id': 'analyst15', 'name': 'Earnings forecasts'}","{'id': 'analyst', 'name': 'Analyst'}","{'id': 'analyst-analyst-estimates', 'name': 'Analyst Estimates'}",USA,1,TOP3000,MATRIX,1.0,50,142,1.2,[]
anl15_cpsgics_gr_12_m_pe,The weighted average price/earnings ratio based on 12-month forward EPS estimation aggregated within GICS group grouping.,"{'id': 'analyst15', 'name': 'Earnings forecasts'}","{'id': 'analyst', 'name': 'Analyst'}","{'id': 'analyst-analyst-estimates', 'name': 'Analyst Estimates'}",USA,1,TOP3000,MATRIX,1.0,42,87,1.2,[]
anl15_cpsgics_gr_12_m_st_dev,The weighted average standard deviation of 12-month forward cash flow per share (CPS) estimation aggregated within GICS group grouping.,"{'id': 'analyst15', 'name': 'Earnings forecasts'}","{'id': 'analyst', 'name': 'Analyst'}","{'id': 'analyst-analyst-estimates', 'name': 'Analyst Estimates'}",USA,1,TOP3000,MATRIX,0.9981,54,121,1.2,[]
anl15_cpsgics_gr_12_m_total,The total of 12-month forward cash flow per share (CPS) estimation aggregated within GICS group grouping.,"{'id': 'analyst15', 'name': 'Earnings forecasts'}","{'id': 'analyst', 'name': 'Analyst'}","{'id': 'analyst-analyst-estimates', 'name': 'Analyst Estimates'}",USA,1,TOP3000,MATRIX,1.0,39,194,1.2,[]
anl15_cpsgics_gr_12_m_tr_mean,The weighted average of 12-month trailing Cash Flow Per Share (CPS) aggregated within GICS group grouping.,"{'id': 'analyst15', 'name': 'Earnings forecasts'}","{'id': 'analyst', 'name': 'Analyst'}","{'id': 'analyst-analyst-estimates', 'name': 'Analyst Estimates'}",USA,1,TOP3000,MATRIX,1.0,20,26,1.2,[]
anl15_cpsgics_gr_18_m_1m_chg,The weighted 1-month percent change of 18-month forward cash flow per share (CPS) estimation aggregated within GICS group grouping.,"{'id': 'analyst15', 'name': 'Earnings forecasts'}","{'id': 'analyst', 'name': 'Analyst'}","{'id': 'analyst-analyst-estimates', 'name': 'Analyst Estimates'}",USA,1,TOP3000,MATRIX,1.0,29,57,1.2,[]
anl15_cpsgics_gr_18_m_3m_chg,The weighted 3-month percent change of 18-month forward cash flow per share (CPS) estimation aggregated within GICS group grouping.,"{'id': 'analyst15', 'name': 'Earnings forecasts'}","{'id': 'analyst', 'name': 'Analyst'}","{'id': 'analyst-analyst-estimates', 'name': 'Analyst Estimates'}",USA,1,TOP3000,MATRIX,1.0,42,132,1.2,[]
anl15_cpsgics_gr_18_m_6m_chg,The weighted 6-month percent change of 18-month forward cash flow per share (CPS) estimation aggregated within GICS group grouping.,"{'id': 'analyst15', 'name': 'Earnings forecasts'}","{'id': 'analyst', 'name': 'Analyst'}","{'id': 'analyst-analyst-estimates', 'name': 'Analyst Estimates'}",USA,1,TOP3000,MATRIX,1.0,34,125,1.2,[]
anl15_cpsgics_gr_18_m_cos,The number of companies with an 18-month forward mean cash flow per share (CPS) estimation within GICS group grouping.,"{'id': 'analyst15', 'name': 'Earnings forecasts'}","{'id': 'analyst', 'name': 'Analyst'}","{'id': 'analyst-analyst-estimates', 'name': 'Analyst Estimates'}",USA,1,TOP3000,MATRIX,1.0,40,124,1.2,[]
anl15_cpsgics_gr_18_m_cos_dn,The number of companies for which 18-month forward mean cash flow per share (CPS) estimation has been lowered from last month within GICS group grouping.,"{'id': 'analyst15', 'name': 'Earnings forecasts'}","{'id': 'analyst', 'name': 'Analyst'}","{'id': 'analyst-analyst-estimates', 'name': 'Analyst Estimates'}",USA,1,TOP3000,MATRIX,1.0,20,50,1.2,[]
anl15_cpsgics_gr_18_m_cos_up,The number of companies for which 18-month forward mean cash flow per share (CPS) estimation has been raised from last month within GICS group grouping.,"{'id': 'analyst15', 'name': 'Earnings forecasts'}","{'id': 'analyst', 'name': 'Analyst'}","{'id': 'analyst-analyst-estimates', 'name': 'Analyst Estimates'}",USA,1,TOP3000,MATRIX,1.0,32,532,1.2,[]
anl15_cpsgics_gr_18_m_ests,The 18-month forward pro-rated total number of estimates within GICS group grouping.,"{'id': 'analyst15', 'name': 'Earnings forecasts'}","{'id': 'analyst', 'name': 'Analyst'}","{'id': 'analyst-analyst-estimates', 'name': 'Analyst Estimates'}",USA,1,TOP3000,MATRIX,1.0,22,48,1.2,[]
anl15_cpsgics_gr_18_m_ests_dn,"Count of unique IDs of industry participants. Industry stands for an aggregate view of all  equity clearance activity for the date, symbol, and transaction type in question.","{'id': 'analyst15', 'name': 'Earnings forecasts'}","{'id': 'analyst', 'name': 'Analyst'}","{'id': 'analyst-analyst-estimates', 'name': 'Analyst Estimates'}",USA,1,TOP3000,MATRIX,0.98,24,162,1.2,[]
anl15_cpsgics_gr_18_m_ests_up,"Count of unique IDs of industry participants. Industry stands for an aggregate view of all  equity clearance activity for the date, symbol, and transaction type in question.","{'id': 'analyst15', 'name': 'Earnings forecasts'}","{'id': 'analyst', 'name': 'Analyst'}","{'id': 'analyst-analyst-estimates', 'name': 'Analyst Estimates'}",USA,1,TOP3000,MATRIX,0.9728,40,54,1.2,[]
anl15_cpsgics_gr_18_m_gro,The weighted 18-month forward year-over-year growth of cash flow per share (CPS) estimation aggregated within GICS group grouping.,"{'id': 'analyst15', 'name': 'Earnings forecasts'}","{'id': 'analyst', 'name': 'Analyst'}","{'id': 'analyst-analyst-estimates', 'name': 'Analyst Estimates'}",USA,1,TOP3000,MATRIX,1.0,21,228,1.2,[]
anl15_cpsgics_gr_18_m_mean,The weighted average of 18-month forward cash flow per share (CPS) estimation aggregated within GICS group grouping.,"{'id': 'analyst15', 'name': 'Earnings forecasts'}","{'id': 'analyst', 'name': 'Analyst'}","{'id': 'analyst-analyst-estimates', 'name': 'Analyst Estimates'}",USA,1,TOP3000,MATRIX,1.0,35,71,1.2,[]
anl15_cpsgics_gr_18_m_pe,The weighted average price/earnings ratio based on 18-month forward EPS estimation aggregated within GICS group grouping.,"{'id': 'analyst15', 'name': 'Earnings forecasts'}","{'id': 'analyst', 'name': 'Analyst'}","{'id': 'analyst-analyst-estimates', 'name': 'Analyst Estimates'}",USA,1,TOP3000,MATRIX,1.0,45,92,1.2,[]
anl15_cpsgics_gr_18_m_st_dev,The weighted average standard deviation of 18-month forward cash flow per share (CPS) estimation aggregated within GICS group grouping.,"{'id': 'analyst15', 'name': 'Earnings forecasts'}","{'id': 'analyst', 'name': 'Analyst'}","{'id': 'analyst-analyst-estimates', 'name': 'Analyst Estimates'}",USA,1,TOP3000,MATRIX,0.9958,42,60,1.2,[]
anl15_cpsgics_gr_18_m_total,The total of 18-month forward cash flow per share (CPS) estimation aggregated within GICS group grouping.,"{'id': 'analyst15', 'name': 'Earnings forecasts'}","{'id': 'analyst', 'name': 'Analyst'}","{'id': 'analyst-analyst-estimates', 'name': 'Analyst Estimates'}",USA,1,TOP3000,MATRIX,1.0,17,33,1.2,[]
anl15_cpsgics_gr_cal_fy0_gro,The weighted year-over-year growth of cash flow per share (CPS) estimation for the current calendarized fiscal year aggregated within GICS group grouping.,"{'id': 'analyst15', 'name': 'Earnings forecasts'}","{'id': 'analyst', 'name': 'Analyst'}","{'id': 'analyst-analyst-estimates', 'name': 'Analyst Estimates'}",USA,1,TOP3000,MATRIX,0.995,34,257,1.2,[]
anl15_cpsgics_gr_cal_fy0_pe,The weighted average price/earnings ratio based on EPS estimation for the current calendarized fiscal year aggregated within GICS group grouping.,"{'id': 'analyst15', 'name': 'Earnings forecasts'}","{'id': 'analyst', 'name': 'Analyst'}","{'id': 'analyst-analyst-estimates', 'name': 'Analyst Estimates'}",USA,1,TOP3000,MATRIX,1.0,37,63,1.2,[]
anl15_cpsgics_gr_cal_fy0_total,The total of cash flow per share (CPS) estimation for the current calendarized fiscal year aggregated within GICS group grouping.,"{'id': 'analyst15', 'name': 'Earnings forecasts'}","{'id': 'analyst', 'name': 'Analyst'}","{'id': 'analyst-analyst-estimates', 'name': 'Analyst Estimates'}",USA,1,TOP3000,MATRIX,1.0,25,135,1.2,[]
anl15_cpsgics_gr_cal_fy0_val,The weighted average of cash flow per share (CPS) estimation for the current calendarized fiscal year aggregated within GICS group grouping.,"{'id': 'analyst15', 'name': 'Earnings forecasts'}","{'id': 'analyst', 'name': 'Analyst'}","{'id': 'analyst-analyst-estimates', 'name': 'Analyst Estimates'}",USA,1,TOP3000,MATRIX,1.0,28,59,1.2,[]
anl15_cpsgics_gr_cal_fy1_1m_chg,The weighted 1-month percent change of cash flow per share (CPS) estimation for the calendarized 1 fiscal year aggregated within GICS group grouping.,"{'id': 'analyst15', 'name': 'Earnings forecasts'}","{'id': 'analyst', 'name': 'Analyst'}","{'id': 'analyst-analyst-estimates', 'name': 'Analyst Estimates'}",USA,1,TOP3000,MATRIX,1.0,29,53,1.2,[]
anl15_cpsgics_gr_cal_fy1_3m_chg,The weighted 3-month percent change of cash flow per share (CPS) estimation for the calendarized 1 fiscal year aggregated within GICS group grouping.,"{'id': 'analyst15', 'name': 'Earnings forecasts'}","{'id': 'analyst', 'name': 'Analyst'}","{'id': 'analyst-analyst-estimates', 'name': 'Analyst Estimates'}",USA,1,TOP3000,MATRIX,1.0,26,236,1.2,[]
anl15_cpsgics_gr_cal_fy1_6m_chg,The weighted 6-month percent change of cash flow per share (CPS) estimation for the calendarized 1 fiscal year aggregated within GICS group grouping.,"{'id': 'analyst15', 'name': 'Earnings forecasts'}","{'id': 'analyst', 'name': 'Analyst'}","{'id': 'analyst-analyst-estimates', 'name': 'Analyst Estimates'}",USA,1,TOP3000,MATRIX,1.0,29,40,1.2,[]
anl15_cpsgics_gr_cal_fy1_cos,The number of companies with a calendarized 1-fiscal year cash flow per share (CPS) estimation within GICS group grouping.,"{'id': 'analyst15', 'name': 'Earnings forecasts'}","{'id': 'analyst', 'name': 'Analyst'}","{'id': 'analyst-analyst-estimates', 'name': 'Analyst Estimates'}",USA,1,TOP3000,MATRIX,1.0,16,26,1.2,[]
anl15_cpsgics_gr_cal_fy1_ests,The total number of calendarized 1 fiscal year cash flow per share (CPS) estimation within GICS group grouping.,"{'id': 'analyst15', 'name': 'Earnings forecasts'}","{'id': 'analyst', 'name': 'Analyst'}","{'id': 'analyst-analyst-estimates', 'name': 'Analyst Estimates'}",USA,1,TOP3000,MATRIX,1.0,42,81,1.2,[]
anl15_cpsgics_gr_cal_fy1_gro,The weighted year-over-year growth of cash flow per share (CPS) estimation for the calendarized 1 fiscal year aggregated within GICS group grouping.,"{'id': 'analyst15', 'name': 'Earnings forecasts'}","{'id': 'analyst', 'name': 'Analyst'}","{'id': 'analyst-analyst-estimates', 'name': 'Analyst Estimates'}",USA,1,TOP3000,MATRIX,1.0,29,226,1.2,[]
anl15_cpsgics_gr_cal_fy1_mean,The weighted average of cash flow per share (CPS) estimation for the calendarized 1 fiscal year aggregated within GICS group grouping.,"{'id': 'analyst15', 'name': 'Earnings forecasts'}","{'id': 'analyst', 'name': 'Analyst'}","{'id': 'analyst-analyst-estimates', 'name': 'Analyst Estimates'}",USA,1,TOP3000,MATRIX,1.0,35,52,1.2,[]
anl15_cpsgics_gr_cal_fy1_pe,The weighted average price/earnings ratio based on EPS estimation for the calendarized 1 fiscal year aggregated within GICS group grouping.,"{'id': 'analyst15', 'name': 'Earnings forecasts'}","{'id': 'analyst', 'name': 'Analyst'}","{'id': 'analyst-analyst-estimates', 'name': 'Analyst Estimates'}",USA,1,TOP3000,MATRIX,1.0,26,80,1.2,[]
anl15_cpsgics_gr_cal_fy1_st_dev,The weighted average standard deviation of cash flow per share (CPS) estimation for the calendarized one fiscal year aggregated within GICS group grouping.,"{'id': 'analyst15', 'name': 'Earnings forecasts'}","{'id': 'analyst', 'name': 'Analyst'}","{'id': 'analyst-analyst-estimates', 'name': 'Analyst Estimates'}",USA,1,TOP3000,MATRIX,0.9964,20,214,1.2,[]
anl15_cpsgics_gr_cal_fy1_total,The total of cash flow per share (CPS) estimation for the calendarized 1 fiscal year aggregated within GICS group grouping.,"{'id': 'analyst15', 'name': 'Earnings forecasts'}","{'id': 'analyst', 'name': 'Analyst'}","{'id': 'analyst-analyst-estimates', 'name': 'Analyst Estimates'}",USA,1,TOP3000,MATRIX,1.0,23,37,1.2,[]
anl15_cpsgics_gr_cal_fy2_1m_chg,The weighted 1-month percent change of cash flow per share (CPS) estimation for the calendarized 2 fiscal years aggregated within GICS group grouping.,"{'id': 'analyst15', 'name': 'Earnings forecasts'}","{'id': 'analyst', 'name': 'Analyst'}","{'id': 'analyst-analyst-estimates', 'name': 'Analyst Estimates'}",USA,1,TOP3000,MATRIX,1.0,28,46,1.2,[]
anl15_cpsgics_gr_cal_fy2_3m_chg,The weighted 3-month percent change of cash flow per share (CPS) estimation for the calendarized 2 fiscal years aggregated within GICS group grouping.,"{'id': 'analyst15', 'name': 'Earnings forecasts'}","{'id': 'analyst', 'name': 'Analyst'}","{'id': 'analyst-analyst-estimates', 'name': 'Analyst Estimates'}",USA,1,TOP3000,MATRIX,1.0,26,276,1.2,[]
anl15_cpsgics_gr_cal_fy2_6m_chg,The weighted 6-month percent change of cash flow per share (CPS) estimation for the calendarized 2 fiscal year aggregated within GICS group grouping.,"{'id': 'analyst15', 'name': 'Earnings forecasts'}","{'id': 'analyst', 'name': 'Analyst'}","{'id': 'analyst-analyst-estimates', 'name': 'Analyst Estimates'}",USA,1,TOP3000,MATRIX,1.0,14,27,1.2,[]
anl15_cpsgics_gr_cal_fy2_cos,The number of companies with a calendarized 2 fiscal year cash flow per share (CPS) estimation within GICS group grouping.,"{'id': 'analyst15', 'name': 'Earnings forecasts'}","{'id': 'analyst', 'name': 'Analyst'}","{'id': 'analyst-analyst-estimates', 'name': 'Analyst Estimates'}",USA,1,TOP3000,MATRIX,1.0,17,40,1.2,[]
anl15_cpsgics_gr_cal_fy2_ests,The total number of calendarized 2 fiscal year cash flow per share (CPS) estimation within GICS group grouping.,"{'id': 'analyst15', 'name': 'Earnings forecasts'}","{'id': 'analyst', 'name': 'Analyst'}","{'id': 'analyst-analyst-estimates', 'name': 'Analyst Estimates'}",USA,1,TOP3000,MATRIX,1.0,32,78,1.2,[]
anl15_cpsgics_gr_cal_fy2_gro,The weighted year-over-year growth of cash flow per share (CPS) estimation for the calendarized 2 fiscal years aggregated within GICS group grouping.,"{'id': 'analyst15', 'name': 'Earnings forecasts'}","{'id': 'analyst', 'name': 'Analyst'}","{'id': 'analyst-analyst-estimates', 'name': 'Analyst Estimates'}",USA,1,TOP3000,MATRIX,1.0,31,73,1.2,[]
anl15_cpsgics_gr_cal_fy2_mean,The weighted average of cash flow per share (CPS) estimation for the calendarized 2 fiscal years aggregated within GICS group grouping.,"{'id': 'analyst15', 'name': 'Earnings forecasts'}","{'id': 'analyst', 'name': 'Analyst'}","{'id': 'analyst-analyst-estimates', 'name': 'Analyst Estimates'}",USA,1,TOP3000,MATRIX,1.0,39,59,1.2,[]
anl15_cpsgics_gr_cal_fy2_pe,The weighted average price/earnings ratio based on EPS estimation for the calendarized 2 fiscal years aggregated within GICS group grouping.,"{'id': 'analyst15', 'name': 'Earnings forecasts'}","{'id': 'analyst', 'name': 'Analyst'}","{'id': 'analyst-analyst-estimates', 'name': 'Analyst Estimates'}",USA,1,TOP3000,MATRIX,1.0,36,62,1.2,[]
anl15_cpsgics_gr_cal_fy2_st_dev,The weighted average standard deviation of cash flow per share (CPS) estimation for the calendarized 2 fiscal years aggregated within GICS group grouping.,"{'id': 'analyst15', 'name': 'Earnings forecasts'}","{'id': 'analyst', 'name': 'Analyst'}","{'id': 'analyst-analyst-estimates', 'name': 'Analyst Estimates'}",USA,1,TOP3000,MATRIX,0.997,39,67,1.2,[]
anl15_cpsgics_gr_cal_fy2_total,The total of cash flow per share (CPS) estimation for the calendarized 2 fiscal year aggregated within GICS group grouping.,"{'id': 'analyst15', 'name': 'Earnings forecasts'}","{'id': 'analyst', 'name': 'Analyst'}","{'id': 'analyst-analyst-estimates', 'name': 'Analyst Estimates'}",USA,1,TOP3000,MATRIX,1.0,40,111,1.2,[]
anl15_cpsgics_gr_cal_fy3_1m_chg,The weighted 1-month percent change of cash flow per share (CPS) estimation for the calendarized 3 fiscal years aggregated within GICS group grouping.,"{'id': 'analyst15', 'name': 'Earnings forecasts'}","{'id': 'analyst', 'name': 'Analyst'}","{'id': 'analyst-analyst-estimates', 'name': 'Analyst Estimates'}",USA,1,TOP3000,MATRIX,0.993,26,173,1.2,[]
anl15_cpsgics_gr_cal_fy3_3m_chg,The weighted 3-month percent change of cash flow per share (CPS) estimation for the calendarized 3 fiscal years aggregated within GICS group grouping.,"{'id': 'analyst15', 'name': 'Earnings forecasts'}","{'id': 'analyst', 'name': 'Analyst'}","{'id': 'analyst-analyst-estimates', 'name': 'Analyst Estimates'}",USA,1,TOP3000,MATRIX,0.9865,39,180,1.2,[]
anl15_cpsgics_gr_cal_fy3_6m_chg,The weighted 6-month percent change of cash flow per share (CPS) estimation for the calendarized 3 fiscal years aggregated within GICS group grouping.,"{'id': 'analyst15', 'name': 'Earnings forecasts'}","{'id': 'analyst', 'name': 'Analyst'}","{'id': 'analyst-analyst-estimates', 'name': 'Analyst Estimates'}",USA,1,TOP3000,MATRIX,0.9471,43,343,1.2,[]
anl15_cpsgics_gr_cal_fy3_cos,The number of companies with a calendarized 3 fiscal year cash flow per share (CPS) estimation within GICS group grouping.,"{'id': 'analyst15', 'name': 'Earnings forecasts'}","{'id': 'analyst', 'name': 'Analyst'}","{'id': 'analyst-analyst-estimates', 'name': 'Analyst Estimates'}",USA,1,TOP3000,MATRIX,1.0,29,76,1.2,[]
anl15_cpsgics_gr_cal_fy3_ests,The total number of calendarized 3 fiscal year Cash Flow Per Share (CPS) estimation within GICS group grouping.,"{'id': 'analyst15', 'name': 'Earnings forecasts'}","{'id': 'analyst', 'name': 'Analyst'}","{'id': 'analyst-analyst-estimates', 'name': 'Analyst Estimates'}",USA,1,TOP3000,MATRIX,1.0,56,119,1.2,[]
anl15_cpsgics_gr_cal_fy3_gro,The weighted year-over-year growth of cash flow per share (CPS) estimation for the calendarized three fiscal years aggregated within GICS group grouping.,"{'id': 'analyst15', 'name': 'Earnings forecasts'}","{'id': 'analyst', 'name': 'Analyst'}","{'id': 'analyst-analyst-estimates', 'name': 'Analyst Estimates'}",USA,1,TOP3000,MATRIX,1.0,47,468,1.2,[]
anl15_cpsgics_gr_cal_fy3_mean,The weighted average of cash flow per share (CPS) estimation for the calendarized 3 fiscal year aggregated within GICS group grouping.,"{'id': 'analyst15', 'name': 'Earnings forecasts'}","{'id': 'analyst', 'name': 'Analyst'}","{'id': 'analyst-analyst-estimates', 'name': 'Analyst Estimates'}",USA,1,TOP3000,MATRIX,1.0,42,106,1.2,[]
anl15_cpsgics_gr_cal_fy3_pe,The weighted average price/earnings ratio based on EPS estimation for the calendarized three fiscal years aggregated within GICS group grouping.,"{'id': 'analyst15', 'name': 'Earnings forecasts'}","{'id': 'analyst', 'name': 'Analyst'}","{'id': 'analyst-analyst-estimates', 'name': 'Analyst Estimates'}",USA,1,TOP3000,MATRIX,1.0,29,40,1.2,[]
anl15_cpsgics_gr_cal_fy3_st_dev,The weighted average standard deviation of cash flow per share (CPS) estimation for the calendarized 3 fiscal year aggregated within GICS group grouping.,"{'id': 'analyst15', 'name': 'Earnings forecasts'}","{'id': 'analyst', 'name': 'Analyst'}","{'id': 'analyst-analyst-estimates', 'name': 'Analyst Estimates'}",USA,1,TOP3000,MATRIX,0.9287,31,159,1.2,[]
anl15_cpsgics_gr_cal_fy3_total,The total of cash flow per share (CPS) estimation for the calendarized 3 fiscal year aggregated within GICS group grouping.,"{'id': 'analyst15', 'name': 'Earnings forecasts'}","{'id': 'analyst', 'name': 'Analyst'}","{'id': 'analyst-analyst-estimates', 'name': 'Analyst Estimates'}",USA,1,TOP3000,MATRIX,1.0,45,245,1.2,[]
anl15_cpsgics_gr_fy1_cos_dn,The number of companies for which cash flow per share (CPS) estimation for the calendarized 1 fiscal year has been lowered from last month within GICS group grouping.,"{'id': 'analyst15', 'name': 'Earnings forecasts'}","{'id': 'analyst', 'name': 'Analyst'}","{'id': 'analyst-analyst-estimates', 'name': 'Analyst Estimates'}",USA,1,TOP3000,MATRIX,1.0,30,73,1.2,[]
anl15_cpsgics_gr_fy1_cos_up,The number of companies for which cash flow per share (CPS) estimation for the calendarized 1 fiscal year has been raised from last month within GICS group grouping.,"{'id': 'analyst15', 'name': 'Earnings forecasts'}","{'id': 'analyst', 'name': 'Analyst'}","{'id': 'analyst-analyst-estimates', 'name': 'Analyst Estimates'}",USA,1,TOP3000,MATRIX,1.0,32,57,1.2,[]
anl15_cpsgics_gr_fy1_ests_dn,"Count of unique IDs of industry participants. Industry stands for an aggregate view of all  equity clearance activity for the date, symbol, and transaction type in question.","{'id': 'analyst15', 'name': 'Earnings forecasts'}","{'id': 'analyst', 'name': 'Analyst'}","{'id': 'analyst-analyst-estimates', 'name': 'Analyst Estimates'}",USA,1,TOP3000,MATRIX,1.0,21,59,1.2,[]
anl15_cpsgics_gr_fy1_ests_up,"Count of unique IDs of industry participants. Industry stands for an aggregate view of all  equity clearance activity for the date, symbol, and transaction type in question.","{'id': 'analyst15', 'name': 'Earnings forecasts'}","{'id': 'analyst', 'name': 'Analyst'}","{'id': 'analyst-analyst-estimates', 'name': 'Analyst Estimates'}",USA,1,TOP3000,MATRIX,1.0,18,156,1.2,[]
anl15_cpsgics_gr_fy2_cos_dn,The number of companies for which cash flow per share (CPS) estimation for the calendarized two fiscal years has been lowered from last month within GICS group grouping.,"{'id': 'analyst15', 'name': 'Earnings forecasts'}","{'id': 'analyst', 'name': 'Analyst'}","{'id': 'analyst-analyst-estimates', 'name': 'Analyst Estimates'}",USA,1,TOP3000,MATRIX,1.0,15,29,1.2,[]
anl15_cpsgics_gr_fy2_cos_up,The number of companies for which cash flow per share (CPS) estimation for the calendarized 2 fiscal years has been raised from last month within GICS group grouping.,"{'id': 'analyst15', 'name': 'Earnings forecasts'}","{'id': 'analyst', 'name': 'Analyst'}","{'id': 'analyst-analyst-estimates', 'name': 'Analyst Estimates'}",USA,1,TOP3000,MATRIX,1.0,26,53,1.2,[]
anl15_cpsgics_gr_fy2_ests_dn,"Count of unique IDs of industry participants. Industry stands for an aggregate view of all  equity clearance activity for the date, symbol, and transaction type in question.","{'id': 'analyst15', 'name': 'Earnings forecasts'}","{'id': 'analyst', 'name': 'Analyst'}","{'id': 'analyst-analyst-estimates', 'name': 'Analyst Estimates'}",USA,1,TOP3000,MATRIX,1.0,33,124,1.2,[]
anl15_cpsgics_gr_fy2_ests_up,"Count of unique IDs of industry participants. Industry stands for an aggregate view of all  equity clearance activity for the date, symbol, and transaction type in question.","{'id': 'analyst15', 'name': 'Earnings forecasts'}","{'id': 'analyst', 'name': 'Analyst'}","{'id': 'analyst-analyst-estimates', 'name': 'Analyst Estimates'}",USA,1,TOP3000,MATRIX,1.0,30,195,1.2,[]
anl15_cpsgics_gr_fy3_cos_dn,The number of companies for which cash flow per share (CPS) estimation for the calendarized 3 fiscal year has been lowered from last month within GICS group grouping.,"{'id': 'analyst15', 'name': 'Earnings forecasts'}","{'id': 'analyst', 'name': 'Analyst'}","{'id': 'analyst-analyst-estimates', 'name': 'Analyst Estimates'}",USA,1,TOP3000,MATRIX,0.9833,22,31,1.2,[]
anl15_cpsgics_gr_fy3_cos_up,The number of companies for which cash flow per share (CPS) estimation for the calendarized 3 fiscal years has been raised from last month within GICS group grouping.,"{'id': 'analyst15', 'name': 'Earnings forecasts'}","{'id': 'analyst', 'name': 'Analyst'}","{'id': 'analyst-analyst-estimates', 'name': 'Analyst Estimates'}",USA,1,TOP3000,MATRIX,0.9801,25,49,1.2,[]
anl15_cpsgics_gr_fy3_ests_dn,"Count of unique IDs of industry participants. Industry stands for an aggregate view of all  equity clearance activity for the date, symbol, and transaction type in question.","{'id': 'analyst15', 'name': 'Earnings forecasts'}","{'id': 'analyst', 'name': 'Analyst'}","{'id': 'analyst-analyst-estimates', 'name': 'Analyst Estimates'}",USA,1,TOP3000,MATRIX,0.9776,33,614,1.2,[]
anl15_cpsgics_gr_fy3_ests_up,"Count of unique IDs of industry participants. Industry stands for an aggregate view of all  equity clearance activity for the date, symbol, and transaction type in question.","{'id': 'analyst15', 'name': 'Earnings forecasts'}","{'id': 'analyst', 'name': 'Analyst'}","{'id': 'analyst-analyst-estimates', 'name': 'Analyst Estimates'}",USA,1,TOP3000,MATRIX,0.9759,23,53,1.2,[]
anl15_cpsgics_ind_12_m_1m_chg,The weighted 1 month percent change of 12 month forward cash flow per share (CPS) estimation aggregated within GICS industry grouping.,"{'id': 'analyst15', 'name': 'Earnings forecasts'}","{'id': 'analyst', 'name': 'Analyst'}","{'id': 'analyst-analyst-estimates', 'name': 'Analyst Estimates'}",USA,1,TOP3000,MATRIX,0.9834,22,94,1.2,[]
anl15_cpsgics_ind_12_m_3m_chg,The weighted 3-month percent change of 12-month forward cash flow per share (CPS) estimation aggregated within GICS industry grouping.,"{'id': 'analyst15', 'name': 'Earnings forecasts'}","{'id': 'analyst', 'name': 'Analyst'}","{'id': 'analyst-analyst-estimates', 'name': 'Analyst Estimates'}",USA,1,TOP3000,MATRIX,0.9859,29,63,1.2,[]
anl15_cpsgics_ind_12_m_6m_chg,The weighted 6-month percent change of 12-month forward cash flow per share (CPS) estimation aggregated within GICS industry grouping.,"{'id': 'analyst15', 'name': 'Earnings forecasts'}","{'id': 'analyst', 'name': 'Analyst'}","{'id': 'analyst-analyst-estimates', 'name': 'Analyst Estimates'}",USA,1,TOP3000,MATRIX,0.9841,31,50,1.2,[]
anl15_cpsgics_ind_12_m_cos,The number of companies with a 12 month forward mean cash flow per share (CPS) estimation within GICS industry grouping.,"{'id': 'analyst15', 'name': 'Earnings forecasts'}","{'id': 'analyst', 'name': 'Analyst'}","{'id': 'analyst-analyst-estimates', 'name': 'Analyst Estimates'}",USA,1,TOP3000,MATRIX,0.99,39,90,1.2,[]
anl15_cpsgics_ind_12_m_cos_dn,The number of companies for which 12-month forward mean cash flow per share (CPS) estimation has been lowered from last month within GICS industry grouping.,"{'id': 'analyst15', 'name': 'Earnings forecasts'}","{'id': 'analyst', 'name': 'Analyst'}","{'id': 'analyst-analyst-estimates', 'name': 'Analyst Estimates'}",USA,1,TOP3000,MATRIX,0.9756,17,551,1.2,[]
anl15_cpsgics_ind_12_m_cos_up,The number of companies for which 12-month forward mean cash flow per share (CPS) estimation has been raised from last month within GICS industry grouping.,"{'id': 'analyst15', 'name': 'Earnings forecasts'}","{'id': 'analyst', 'name': 'Analyst'}","{'id': 'analyst-analyst-estimates', 'name': 'Analyst Estimates'}",USA,1,TOP3000,MATRIX,0.9731,88,2160,1.2,[]
anl15_cpsgics_ind_12_m_ests,The 12-month forward pro-rated total number of estimates within GICS industry grouping.,"{'id': 'analyst15', 'name': 'Earnings forecasts'}","{'id': 'analyst', 'name': 'Analyst'}","{'id': 'analyst-analyst-estimates', 'name': 'Analyst Estimates'}",USA,1,TOP3000,MATRIX,0.9881,62,363,1.2,[]
anl15_cpsgics_ind_12_m_ests_dn,"Count of unique IDs of industry participants. Industry stands for an aggregate view of all  equity clearance activity for the date, symbol, and transaction type in question.","{'id': 'analyst15', 'name': 'Earnings forecasts'}","{'id': 'analyst', 'name': 'Analyst'}","{'id': 'analyst-analyst-estimates', 'name': 'Analyst Estimates'}",USA,1,TOP3000,MATRIX,0.9311,38,321,1.2,[]
anl15_cpsgics_ind_12_m_ests_up,"Count of unique IDs of industry participants. Industry stands for an aggregate view of all  equity clearance activity for the date, symbol, and transaction type in question.","{'id': 'analyst15', 'name': 'Earnings forecasts'}","{'id': 'analyst', 'name': 'Analyst'}","{'id': 'analyst-analyst-estimates', 'name': 'Analyst Estimates'}",USA,1,TOP3000,MATRIX,0.9208,27,50,1.2,[]
anl15_cpsgics_ind_12_m_gro,The weighted 12-month forward year-over-year growth of cash flow per share (CPS) estimation aggregated within GICS industry grouping.,"{'id': 'analyst15', 'name': 'Earnings forecasts'}","{'id': 'analyst', 'name': 'Analyst'}","{'id': 'analyst-analyst-estimates', 'name': 'Analyst Estimates'}",USA,1,TOP3000,MATRIX,0.9897,20,34,1.2,[]
anl15_cpsgics_ind_12_m_mean,The weighted average of 12-month forward cash flow per share (CPS) estimation aggregated within GICS industry grouping.,"{'id': 'analyst15', 'name': 'Earnings forecasts'}","{'id': 'analyst', 'name': 'Analyst'}","{'id': 'analyst-analyst-estimates', 'name': 'Analyst Estimates'}",USA,1,TOP3000,MATRIX,0.99,18,28,1.2,[]
anl15_cpsgics_ind_12_m_pe,The weighted average price/earnings ratio based on 12-month forward EPS estimation aggregated within GICS industry grouping.,"{'id': 'analyst15', 'name': 'Earnings forecasts'}","{'id': 'analyst', 'name': 'Analyst'}","{'id': 'analyst-analyst-estimates', 'name': 'Analyst Estimates'}",USA,1,TOP3000,MATRIX,0.9886,29,43,1.2,[]
anl15_cpsgics_ind_12_m_st_dev,The weighted average standard deviation of 12-month forward cash flow per share (CPS) estimation aggregated within GICS industry grouping.,"{'id': 'analyst15', 'name': 'Earnings forecasts'}","{'id': 'analyst', 'name': 'Analyst'}","{'id': 'analyst-analyst-estimates', 'name': 'Analyst Estimates'}",USA,1,TOP3000,MATRIX,0.9612,48,117,1.2,[]
anl15_cpsgics_ind_12_m_total,The total of 12-month forward cash flow per share (CPS) estimation aggregated within GICS industry grouping.,"{'id': 'analyst15', 'name': 'Earnings forecasts'}","{'id': 'analyst', 'name': 'Analyst'}","{'id': 'analyst-analyst-estimates', 'name': 'Analyst Estimates'}",USA,1,TOP3000,MATRIX,0.99,15,25,1.2,[]
anl15_cpsgics_ind_12_m_tr_mean,The weighted average of 12-month trailing cash flow per share (CPS) aggregated within GICS industry grouping.,"{'id': 'analyst15', 'name': 'Earnings forecasts'}","{'id': 'analyst', 'name': 'Analyst'}","{'id': 'analyst-analyst-estimates', 'name': 'Analyst Estimates'}",USA,1,TOP3000,MATRIX,0.9914,16,31,1.2,[]
anl15_cpsgics_ind_18_m_1m_chg,The weighted 1-month percent change of 18-month forward cash flow per share (CPS) estimation aggregated within GICS industry grouping.,"{'id': 'analyst15', 'name': 'Earnings forecasts'}","{'id': 'analyst', 'name': 'Analyst'}","{'id': 'analyst-analyst-estimates', 'name': 'Analyst Estimates'}",USA,1,TOP3000,MATRIX,0.9758,16,36,1.2,[]
anl15_cpsgics_ind_18_m_3m_chg,The weighted 3-month percent change of 18-month forward cash flow per share (CPS) estimation aggregated within GICS industry grouping.,"{'id': 'analyst15', 'name': 'Earnings forecasts'}","{'id': 'analyst', 'name': 'Analyst'}","{'id': 'analyst-analyst-estimates', 'name': 'Analyst Estimates'}",USA,1,TOP3000,MATRIX,0.9783,24,203,1.2,[]
anl15_cpsgics_ind_18_m_6m_chg,The weighted 6-month percent change of 18-month forward cash flow per share (CPS) estimation aggregated within GICS industry grouping.,"{'id': 'analyst15', 'name': 'Earnings forecasts'}","{'id': 'analyst', 'name': 'Analyst'}","{'id': 'analyst-analyst-estimates', 'name': 'Analyst Estimates'}",USA,1,TOP3000,MATRIX,0.9806,12,33,1.2,[]
anl15_cpsgics_ind_18_m_cos,The number of companies with an 18-month forward mean cash flow per share (CPS) estimation within GICS industry grouping.,"{'id': 'analyst15', 'name': 'Earnings forecasts'}","{'id': 'analyst', 'name': 'Analyst'}","{'id': 'analyst-analyst-estimates', 'name': 'Analyst Estimates'}",USA,1,TOP3000,MATRIX,0.9838,36,50,1.2,[]
anl15_cpsgics_ind_18_m_cos_dn,The number of companies for which 18-month forward mean cash flow per share (CPS) estimation has been lowered from last month within GICS industry grouping.,"{'id': 'analyst15', 'name': 'Earnings forecasts'}","{'id': 'analyst', 'name': 'Analyst'}","{'id': 'analyst-analyst-estimates', 'name': 'Analyst Estimates'}",USA,1,TOP3000,MATRIX,0.9587,36,71,1.2,[]
anl15_cpsgics_ind_18_m_cos_up,The number of companies for which 18-month forward mean cash flow per share (CPS) estimation has been raised from last month within GICS industry grouping.,"{'id': 'analyst15', 'name': 'Earnings forecasts'}","{'id': 'analyst', 'name': 'Analyst'}","{'id': 'analyst-analyst-estimates', 'name': 'Analyst Estimates'}",USA,1,TOP3000,MATRIX,0.9675,33,68,1.2,[]
anl15_cpsgics_ind_18_m_ests,The 18-month forward pro-rated total number of estimates within GICS industry grouping.,"{'id': 'analyst15', 'name': 'Earnings forecasts'}","{'id': 'analyst', 'name': 'Analyst'}","{'id': 'analyst-analyst-estimates', 'name': 'Analyst Estimates'}",USA,1,TOP3000,MATRIX,0.9812,48,107,1.2,[]
anl15_cpsgics_ind_18_m_ests_dn,The 18 month forward pro-rated total number of estimates which have been lowered since last month within GICS industry grouping.,"{'id': 'analyst15', 'name': 'Earnings forecasts'}","{'id': 'analyst', 'name': 'Analyst'}","{'id': 'analyst-analyst-estimates', 'name': 'Analyst Estimates'}",USA,1,TOP3000,MATRIX,0.901,55,333,1.2,[]
anl15_cpsgics_ind_18_m_ests_up,"Count of unique IDs of industry participants. Industry stands for an aggregate view of all  equity clearance activity for the date, symbol, and transaction type in question.","{'id': 'analyst15', 'name': 'Earnings forecasts'}","{'id': 'analyst', 'name': 'Analyst'}","{'id': 'analyst-analyst-estimates', 'name': 'Analyst Estimates'}",USA,1,TOP3000,MATRIX,0.8966,45,95,1.2,[]
anl15_cpsgics_ind_18_m_gro,The weighted 18-month forward year-over-year growth of cash flow per share (CPS) estimation aggregated within GICS industry grouping.,"{'id': 'analyst15', 'name': 'Earnings forecasts'}","{'id': 'analyst', 'name': 'Analyst'}","{'id': 'analyst-analyst-estimates', 'name': 'Analyst Estimates'}",USA,1,TOP3000,MATRIX,0.9816,78,1855,1.2,[]
anl15_cpsgics_ind_18_m_mean,The weighted average of 18-month forward cash flow per share (CPS) estimation aggregated within GICS industry grouping.,"{'id': 'analyst15', 'name': 'Earnings forecasts'}","{'id': 'analyst', 'name': 'Analyst'}","{'id': 'analyst-analyst-estimates', 'name': 'Analyst Estimates'}",USA,1,TOP3000,MATRIX,0.9834,24,35,1.2,[]
anl15_cpsgics_ind_18_m_pe,The weighted average price/earnings ratio based on 18-month forward EPS estimation aggregated within GICS industry grouping.,"{'id': 'analyst15', 'name': 'Earnings forecasts'}","{'id': 'analyst', 'name': 'Analyst'}","{'id': 'analyst-analyst-estimates', 'name': 'Analyst Estimates'}",USA,1,TOP3000,MATRIX,0.9819,38,74,1.2,[]
anl15_cpsgics_ind_18_m_st_dev,The weighted average standard deviation of 18-month forward cash flow per share (CPS) estimation aggregated within GICS industry grouping.,"{'id': 'analyst15', 'name': 'Earnings forecasts'}","{'id': 'analyst', 'name': 'Analyst'}","{'id': 'analyst-analyst-estimates', 'name': 'Analyst Estimates'}",USA,1,TOP3000,MATRIX,0.955,56,560,1.2,[]
anl15_cpsgics_ind_18_m_total,The total of 18-month forward cash flow per share (CPS) estimation aggregated within GICS industry grouping.,"{'id': 'analyst15', 'name': 'Earnings forecasts'}","{'id': 'analyst', 'name': 'Analyst'}","{'id': 'analyst-analyst-estimates', 'name': 'Analyst Estimates'}",USA,1,TOP3000,MATRIX,0.9834,13,213,1.2,[]
anl15_cpsgics_ind_cal_fy0_gro,The weighted year-over-year growth of cash flow per share (CPS) estimation for the current calendarized fiscal year aggregated within GICS industry grouping.,"{'id': 'analyst15', 'name': 'Earnings forecasts'}","{'id': 'analyst', 'name': 'Analyst'}","{'id': 'analyst-analyst-estimates', 'name': 'Analyst Estimates'}",USA,1,TOP3000,MATRIX,0.9828,16,126,1.2,[]
anl15_cpsgics_ind_cal_fy0_pe,The weighted average price/earnings ratio based on EPS estimation for the current calendarized fiscal year aggregated within GICS industry grouping.,"{'id': 'analyst15', 'name': 'Earnings forecasts'}","{'id': 'analyst', 'name': 'Analyst'}","{'id': 'analyst-analyst-estimates', 'name': 'Analyst Estimates'}",USA,1,TOP3000,MATRIX,0.9918,23,71,1.2,[]
anl15_cpsgics_ind_cal_fy0_total,The total of cash flow per share (CPS) estimation for the current calendarized fiscal year aggregated within GICS industry grouping.,"{'id': 'analyst15', 'name': 'Earnings forecasts'}","{'id': 'analyst', 'name': 'Analyst'}","{'id': 'analyst-analyst-estimates', 'name': 'Analyst Estimates'}",USA,1,TOP3000,MATRIX,0.9939,22,223,1.2,[]
anl15_cpsgics_ind_cal_fy0_val,The weighted average of cash flow per share (CPS) estimation for the current calendarized fiscal year aggregated within GICS industry grouping.,"{'id': 'analyst15', 'name': 'Earnings forecasts'}","{'id': 'analyst', 'name': 'Analyst'}","{'id': 'analyst-analyst-estimates', 'name': 'Analyst Estimates'}",USA,1,TOP3000,MATRIX,0.9939,25,51,1.2,[]
anl15_cpsgics_ind_cal_fy1_1m_chg,The weighted 1-month percent change of cash flow per share (CPS) estimation for the calendarized 1 fiscal year aggregated within GICS industry grouping.,"{'id': 'analyst15', 'name': 'Earnings forecasts'}","{'id': 'analyst', 'name': 'Analyst'}","{'id': 'analyst-analyst-estimates', 'name': 'Analyst Estimates'}",USA,1,TOP3000,MATRIX,0.9813,21,90,1.2,[]
anl15_cpsgics_ind_cal_fy1_3m_chg,The weighted 3-month percent change of Cash Flow Per Share (CPS) estimation for the calendarized 1 fiscal year aggregated within GICS industry grouping.,"{'id': 'analyst15', 'name': 'Earnings forecasts'}","{'id': 'analyst', 'name': 'Analyst'}","{'id': 'analyst-analyst-estimates', 'name': 'Analyst Estimates'}",USA,1,TOP3000,MATRIX,0.9851,43,71,1.2,[]
anl15_cpsgics_ind_cal_fy1_6m_chg,The weighted 6-month percent change of cash flow per share (CPS) estimation for the calendarized 1 fiscal year aggregated within GICS industry grouping.,"{'id': 'analyst15', 'name': 'Earnings forecasts'}","{'id': 'analyst', 'name': 'Analyst'}","{'id': 'analyst-analyst-estimates', 'name': 'Analyst Estimates'}",USA,1,TOP3000,MATRIX,0.9837,21,37,1.2,[]
anl15_cpsgics_ind_cal_fy1_cos,The number of companies with a calendarized 1 fiscal year cash flow per share (CPS) estimation within GICS industry grouping.,"{'id': 'analyst15', 'name': 'Earnings forecasts'}","{'id': 'analyst', 'name': 'Analyst'}","{'id': 'analyst-analyst-estimates', 'name': 'Analyst Estimates'}",USA,1,TOP3000,MATRIX,0.992,20,228,1.2,[]
anl15_cpsgics_ind_cal_fy1_ests,The total number of calendarized 1 fiscal year cash flow per share (CPS) estimation within GICS industry grouping.,"{'id': 'analyst15', 'name': 'Earnings forecasts'}","{'id': 'analyst', 'name': 'Analyst'}","{'id': 'analyst-analyst-estimates', 'name': 'Analyst Estimates'}",USA,1,TOP3000,MATRIX,0.9914,25,65,1.2,[]
anl15_cpsgics_ind_cal_fy1_gro,The weighted year-over-year growth of cash flow per share (CPS) estimation for the calendarized 1-fiscal-year aggregated within GICS industry grouping.,"{'id': 'analyst15', 'name': 'Earnings forecasts'}","{'id': 'analyst', 'name': 'Analyst'}","{'id': 'analyst-analyst-estimates', 'name': 'Analyst Estimates'}",USA,1,TOP3000,MATRIX,0.9854,36,511,1.2,[]
anl15_cpsgics_ind_cal_fy1_mean,The weighted average of cash flow per share (CPS) estimation for the calendarized 1 fiscal year aggregated within GICS industry grouping.,"{'id': 'analyst15', 'name': 'Earnings forecasts'}","{'id': 'analyst', 'name': 'Analyst'}","{'id': 'analyst-analyst-estimates', 'name': 'Analyst Estimates'}",USA,1,TOP3000,MATRIX,0.992,21,31,1.2,[]
anl15_cpsgics_ind_cal_fy1_pe,The weighted average price/earnings ratio based on EPS estimation for the calendarized 1 fiscal year aggregated within GICS industry grouping.,"{'id': 'analyst15', 'name': 'Earnings forecasts'}","{'id': 'analyst', 'name': 'Analyst'}","{'id': 'analyst-analyst-estimates', 'name': 'Analyst Estimates'}",USA,1,TOP3000,MATRIX,0.9901,50,84,1.2,[]
anl15_cpsgics_ind_cal_fy1_st_dev,The weighted average standard deviation of cash flow per share (CPS) estimation for the calendarized 1 fiscal year aggregated within GICS industry grouping.,"{'id': 'analyst15', 'name': 'Earnings forecasts'}","{'id': 'analyst', 'name': 'Analyst'}","{'id': 'analyst-analyst-estimates', 'name': 'Analyst Estimates'}",USA,1,TOP3000,MATRIX,0.9588,41,89,1.2,[]
anl15_cpsgics_ind_cal_fy1_total,The total of cash flow per share (CPS) estimation for the calendarized 1 fiscal year aggregated within GICS industry grouping.,"{'id': 'analyst15', 'name': 'Earnings forecasts'}","{'id': 'analyst', 'name': 'Analyst'}","{'id': 'analyst-analyst-estimates', 'name': 'Analyst Estimates'}",USA,1,TOP3000,MATRIX,0.992,21,266,1.2,[]
anl15_cpsgics_ind_cal_fy2_1m_chg,The weighted 1-month percent change of cash flow per share (CPS) estimation for the calendarized 2 fiscal year aggregated within GICS industry grouping.,"{'id': 'analyst15', 'name': 'Earnings forecasts'}","{'id': 'analyst', 'name': 'Analyst'}","{'id': 'analyst-analyst-estimates', 'name': 'Analyst Estimates'}",USA,1,TOP3000,MATRIX,0.9828,28,35,1.2,[]
anl15_cpsgics_ind_cal_fy2_3m_chg,The weighted 3-month percent change of cash flow per share (CPS) estimation for the calendarized 2 fiscal years aggregated within GICS industry grouping.,"{'id': 'analyst15', 'name': 'Earnings forecasts'}","{'id': 'analyst', 'name': 'Analyst'}","{'id': 'analyst-analyst-estimates', 'name': 'Analyst Estimates'}",USA,1,TOP3000,MATRIX,0.9845,36,66,1.2,[]
anl15_cpsgics_ind_cal_fy2_6m_chg,The weighted 6-month percent change of cash flow per share (CPS) estimation for the calendarized 2 fiscal years aggregated within GICS industry grouping.,"{'id': 'analyst15', 'name': 'Earnings forecasts'}","{'id': 'analyst', 'name': 'Analyst'}","{'id': 'analyst-analyst-estimates', 'name': 'Analyst Estimates'}",USA,1,TOP3000,MATRIX,0.9791,18,27,1.2,[]
anl15_cpsgics_ind_cal_fy2_cos,The number of companies with a calendarized 2 fiscal year cash flow per share (CPS) estimation within GICS industry grouping.,"{'id': 'analyst15', 'name': 'Earnings forecasts'}","{'id': 'analyst', 'name': 'Analyst'}","{'id': 'analyst-analyst-estimates', 'name': 'Analyst Estimates'}",USA,1,TOP3000,MATRIX,0.9909,33,84,1.2,[]
anl15_cpsgics_ind_cal_fy2_ests,The total number of calendarized 2 fiscal year cash flow per share (CPS) estimation within GICS industry grouping.,"{'id': 'analyst15', 'name': 'Earnings forecasts'}","{'id': 'analyst', 'name': 'Analyst'}","{'id': 'analyst-analyst-estimates', 'name': 'Analyst Estimates'}",USA,1,TOP3000,MATRIX,0.9909,41,236,1.2,[]
anl15_cpsgics_ind_cal_fy2_gro,The weighted year-over-year growth of cash flow per share (CPS) estimation for the calendarized 2 fiscal years aggregated within GICS industry grouping.,"{'id': 'analyst15', 'name': 'Earnings forecasts'}","{'id': 'analyst', 'name': 'Analyst'}","{'id': 'analyst-analyst-estimates', 'name': 'Analyst Estimates'}",USA,1,TOP3000,MATRIX,0.9887,34,213,1.2,[]
anl15_cpsgics_ind_cal_fy2_mean,The weighted average of cash flow per share (CPS) estimation for the calendarized 2 fiscal year aggregated within GICS industry grouping.,"{'id': 'analyst15', 'name': 'Earnings forecasts'}","{'id': 'analyst', 'name': 'Analyst'}","{'id': 'analyst-analyst-estimates', 'name': 'Analyst Estimates'}",USA,1,TOP3000,MATRIX,0.9909,29,247,1.2,[]
anl15_cpsgics_ind_cal_fy2_pe,The weighted average price/earnings ratio based on EPS estimation for the calendarized 2 fiscal year aggregated within GICS industry grouping.,"{'id': 'analyst15', 'name': 'Earnings forecasts'}","{'id': 'analyst', 'name': 'Analyst'}","{'id': 'analyst-analyst-estimates', 'name': 'Analyst Estimates'}",USA,1,TOP3000,MATRIX,0.9898,27,55,1.2,[]
anl15_cpsgics_ind_cal_fy2_st_dev,The weighted average standard deviation of cash flow per share (CPS) estimation for the calendarized 2 fiscal years aggregated within GICS industry grouping.,"{'id': 'analyst15', 'name': 'Earnings forecasts'}","{'id': 'analyst', 'name': 'Analyst'}","{'id': 'analyst-analyst-estimates', 'name': 'Analyst Estimates'}",USA,1,TOP3000,MATRIX,0.9594,42,296,1.2,[]
anl15_cpsgics_ind_cal_fy2_total,The total of cash flow per share (CPS) estimation for the calendarized 2 fiscal year aggregated within GICS industry grouping.,"{'id': 'analyst15', 'name': 'Earnings forecasts'}","{'id': 'analyst', 'name': 'Analyst'}","{'id': 'analyst-analyst-estimates', 'name': 'Analyst Estimates'}",USA,1,TOP3000,MATRIX,0.9909,33,63,1.2,[]
anl15_cpsgics_ind_cal_fy3_1m_chg,The weighted 1-month percent change of cash flow per share (CPS) estimation for the calendarized 3 fiscal years aggregated within GICS industry grouping.,"{'id': 'analyst15', 'name': 'Earnings forecasts'}","{'id': 'analyst', 'name': 'Analyst'}","{'id': 'analyst-analyst-estimates', 'name': 'Analyst Estimates'}",USA,1,TOP3000,MATRIX,0.9354,40,322,1.2,[]
anl15_cpsgics_ind_cal_fy3_3m_chg,The weighted 3-month percent change of cash flow per share (CPS) estimation for the calendarized 3 fiscal years aggregated within GICS industry grouping.,"{'id': 'analyst15', 'name': 'Earnings forecasts'}","{'id': 'analyst', 'name': 'Analyst'}","{'id': 'analyst-analyst-estimates', 'name': 'Analyst Estimates'}",USA,1,TOP3000,MATRIX,0.9267,16,39,1.2,[]
anl15_cpsgics_ind_cal_fy3_6m_chg,The weighted 6-month percent change of cash flow per share (CPS) estimation for the calendarized 3 fiscal years aggregated within GICS industry grouping.,"{'id': 'analyst15', 'name': 'Earnings forecasts'}","{'id': 'analyst', 'name': 'Analyst'}","{'id': 'analyst-analyst-estimates', 'name': 'Analyst Estimates'}",USA,1,TOP3000,MATRIX,0.8711,16,37,1.2,[]
anl15_cpsgics_ind_cal_fy3_cos,The number of companies with a calendarized 3 fiscal year cash flow per share (CPS) estimation within GICS industry grouping.,"{'id': 'analyst15', 'name': 'Earnings forecasts'}","{'id': 'analyst', 'name': 'Analyst'}","{'id': 'analyst-analyst-estimates', 'name': 'Analyst Estimates'}",USA,1,TOP3000,MATRIX,0.9651,58,196,1.2,[]
anl15_cpsgics_ind_cal_fy3_ests,The total number of calendarized 3-fiscal-year cash flow per share (CPS) estimation within GICS industry grouping.,"{'id': 'analyst15', 'name': 'Earnings forecasts'}","{'id': 'analyst', 'name': 'Analyst'}","{'id': 'analyst-analyst-estimates', 'name': 'Analyst Estimates'}",USA,1,TOP3000,MATRIX,0.9651,51,139,1.2,[]
anl15_cpsgics_ind_cal_fy3_gro,The weighted year-over-year growth of cash flow per share (CPS) estimation for the calendarized 3 fiscal years aggregated within GICS industry grouping.,"{'id': 'analyst15', 'name': 'Earnings forecasts'}","{'id': 'analyst', 'name': 'Analyst'}","{'id': 'analyst-analyst-estimates', 'name': 'Analyst Estimates'}",USA,1,TOP3000,MATRIX,0.9622,18,32,1.2,[]
anl15_cpsgics_ind_cal_fy3_mean,The weighted average of cash flow per share (CPS) estimation for the calendarized 3 fiscal years aggregated within GICS industry grouping.,"{'id': 'analyst15', 'name': 'Earnings forecasts'}","{'id': 'analyst', 'name': 'Analyst'}","{'id': 'analyst-analyst-estimates', 'name': 'Analyst Estimates'}",USA,1,TOP3000,MATRIX,0.9637,25,36,1.2,[]
anl15_cpsgics_ind_cal_fy3_pe,The weighted average price/earnings ratio based on EPS estimation for the calendarized 3 fiscal years aggregated within GICS industry grouping.,"{'id': 'analyst15', 'name': 'Earnings forecasts'}","{'id': 'analyst', 'name': 'Analyst'}","{'id': 'analyst-analyst-estimates', 'name': 'Analyst Estimates'}",USA,1,TOP3000,MATRIX,0.9624,50,109,1.2,[]
anl15_cpsgics_ind_cal_fy3_st_dev,The weighted average standard deviation of cash flow per share (CPS) estimation for the calendarized 3 fiscal year aggregated within GICS industry grouping.,"{'id': 'analyst15', 'name': 'Earnings forecasts'}","{'id': 'analyst', 'name': 'Analyst'}","{'id': 'analyst-analyst-estimates', 'name': 'Analyst Estimates'}",USA,1,TOP3000,MATRIX,0.8455,19,50,1.2,[]
anl15_cpsgics_ind_cal_fy3_total,The total of cash flow per share (CPS) estimation for the calendarized 3 fiscal year aggregated within GICS industry grouping.,"{'id': 'analyst15', 'name': 'Earnings forecasts'}","{'id': 'analyst', 'name': 'Analyst'}","{'id': 'analyst-analyst-estimates', 'name': 'Analyst Estimates'}",USA,1,TOP3000,MATRIX,0.9637,20,25,1.2,[]
anl15_cpsgics_ind_fy1_cos_dn,The number of companies for which cash flow per share (CPS) estimation for the calendarized 1 fiscal year has been lowered from last month within GICS industry grouping.,"{'id': 'analyst15', 'name': 'Earnings forecasts'}","{'id': 'analyst', 'name': 'Analyst'}","{'id': 'analyst-analyst-estimates', 'name': 'Analyst Estimates'}",USA,1,TOP3000,MATRIX,0.9735,43,146,1.2,[]
anl15_cpsgics_ind_fy1_cos_up,The number of companies for which cash flow per share (CPS) estimation for the calendarized 1 fiscal year has been raised from last month within GICS industry grouping.,"{'id': 'analyst15', 'name': 'Earnings forecasts'}","{'id': 'analyst', 'name': 'Analyst'}","{'id': 'analyst-analyst-estimates', 'name': 'Analyst Estimates'}",USA,1,TOP3000,MATRIX,0.9684,48,77,1.2,[]
anl15_cpsgics_ind_fy1_ests_dn,"Count of unique IDs of industry participants. Industry stands for an aggregate view of all  equity clearance activity for the date, symbol, and transaction type in question.","{'id': 'analyst15', 'name': 'Earnings forecasts'}","{'id': 'analyst', 'name': 'Analyst'}","{'id': 'analyst-analyst-estimates', 'name': 'Analyst Estimates'}",USA,1,TOP3000,MATRIX,0.9704,32,326,1.2,[]
anl15_cpsgics_ind_fy1_ests_up,"Count of unique IDs of industry participants. Industry stands for an aggregate view of all  equity clearance activity for the date, symbol, and transaction type in question.","{'id': 'analyst15', 'name': 'Earnings forecasts'}","{'id': 'analyst', 'name': 'Analyst'}","{'id': 'analyst-analyst-estimates', 'name': 'Analyst Estimates'}",USA,1,TOP3000,MATRIX,0.9642,16,31,1.2,[]
anl15_cpsgics_ind_fy2_cos_dn,The number of companies for which cash flow per share (CPS) estimation for the calendarized 2 fiscal years has been lowered from last month within GICS industry grouping.,"{'id': 'analyst15', 'name': 'Earnings forecasts'}","{'id': 'analyst', 'name': 'Analyst'}","{'id': 'analyst-analyst-estimates', 'name': 'Analyst Estimates'}",USA,1,TOP3000,MATRIX,0.975,32,262,1.2,[]
anl15_cpsgics_ind_fy2_cos_up,The number of companies for which cash flow per share (CPS) estimation for the calendarized 2 fiscal year has been raised from last month within GICS industry grouping.,"{'id': 'analyst15', 'name': 'Earnings forecasts'}","{'id': 'analyst', 'name': 'Analyst'}","{'id': 'analyst-analyst-estimates', 'name': 'Analyst Estimates'}",USA,1,TOP3000,MATRIX,0.9697,51,323,1.2,[]
anl15_cpsgics_ind_fy2_ests_dn,"Count of unique IDs of industry participants. Industry stands for an aggregate view of all  equity clearance activity for the date, symbol, and transaction type in question.","{'id': 'analyst15', 'name': 'Earnings forecasts'}","{'id': 'analyst', 'name': 'Analyst'}","{'id': 'analyst-analyst-estimates', 'name': 'Analyst Estimates'}",USA,1,TOP3000,MATRIX,0.9707,28,58,1.2,[]
anl15_cpsgics_ind_fy2_ests_up,"Count of unique IDs of industry participants. Industry stands for an aggregate view of all  equity clearance activity for the date, symbol, and transaction type in question.","{'id': 'analyst15', 'name': 'Earnings forecasts'}","{'id': 'analyst', 'name': 'Analyst'}","{'id': 'analyst-analyst-estimates', 'name': 'Analyst Estimates'}",USA,1,TOP3000,MATRIX,0.9651,29,55,1.2,[]
anl15_cpsgics_ind_fy3_cos_dn,The number of companies for which cash flow per share (CPS) estimation for the calendarized 3 fiscal years has been lowered from last month within GICS industry grouping.,"{'id': 'analyst15', 'name': 'Earnings forecasts'}","{'id': 'analyst', 'name': 'Analyst'}","{'id': 'analyst-analyst-estimates', 'name': 'Analyst Estimates'}",USA,1,TOP3000,MATRIX,0.9093,39,419,1.2,[]
anl15_cpsgics_ind_fy3_cos_up,The number of companies for which cash flow per share (CPS) estimation for the calendarized 3 fiscal years has been raised from last month within GICS industry grouping.,"{'id': 'analyst15', 'name': 'Earnings forecasts'}","{'id': 'analyst', 'name': 'Analyst'}","{'id': 'analyst-analyst-estimates', 'name': 'Analyst Estimates'}",USA,1,TOP3000,MATRIX,0.9059,26,50,1.2,[]
anl15_cpsgics_ind_fy3_ests_dn,"Count of unique IDs of industry participants. Industry stands for an aggregate view of all  equity clearance activity for the date, symbol, and transaction type in question.","{'id': 'analyst15', 'name': 'Earnings forecasts'}","{'id': 'analyst', 'name': 'Analyst'}","{'id': 'analyst-analyst-estimates', 'name': 'Analyst Estimates'}",USA,1,TOP3000,MATRIX,0.8934,26,211,1.2,[]
anl15_cpsgics_ind_fy3_ests_up,"Count of unique IDs of industry participants. Industry stands for an aggregate view of all  equity clearance activity for the date, symbol, and transaction type in question.","{'id': 'analyst15', 'name': 'Earnings forecasts'}","{'id': 'analyst', 'name': 'Analyst'}","{'id': 'analyst-analyst-estimates', 'name': 'Analyst Estimates'}",USA,1,TOP3000,MATRIX,0.8921,41,385,1.2,[]
anl15_cpsgics_s_12_m_1m_chg,The weighted 1-month percent change of 12-month forward cash flow per share (CPS) estimation aggregated within GICS sector grouping.,"{'id': 'analyst15', 'name': 'Earnings forecasts'}","{'id': 'analyst', 'name': 'Analyst'}","{'id': 'analyst-analyst-estimates', 'name': 'Analyst Estimates'}",USA,1,TOP3000,MATRIX,1.0,32,239,1.2,[]
anl15_cpsgics_s_12_m_3m_chg,The weighted 3-month percent change of 12-month forward cash flow per share (CPS) estimation aggregated within GICS sector grouping.,"{'id': 'analyst15', 'name': 'Earnings forecasts'}","{'id': 'analyst', 'name': 'Analyst'}","{'id': 'analyst-analyst-estimates', 'name': 'Analyst Estimates'}",USA,1,TOP3000,MATRIX,1.0,50,417,1.2,[]
anl15_cpsgics_s_12_m_6m_chg,The weighted 6-month percent change of 12-month forward cash flow per share (CPS) estimation aggregated within GICS sector grouping.,"{'id': 'analyst15', 'name': 'Earnings forecasts'}","{'id': 'analyst', 'name': 'Analyst'}","{'id': 'analyst-analyst-estimates', 'name': 'Analyst Estimates'}",USA,1,TOP3000,MATRIX,1.0,34,78,1.2,[]
anl15_cpsgics_s_12_m_cos,The number of companies with a 12-month forward mean cash flow per share (CPS) estimation within GICS sector grouping.,"{'id': 'analyst15', 'name': 'Earnings forecasts'}","{'id': 'analyst', 'name': 'Analyst'}","{'id': 'analyst-analyst-estimates', 'name': 'Analyst Estimates'}",USA,1,TOP3000,MATRIX,1.0,48,224,1.2,[]
anl15_cpsgics_s_12_m_cos_dn,The number of companies for which 12-month forward mean cash flow per share (CPS) estimation has been lowered from last month within GICS sector grouping.,"{'id': 'analyst15', 'name': 'Earnings forecasts'}","{'id': 'analyst', 'name': 'Analyst'}","{'id': 'analyst-analyst-estimates', 'name': 'Analyst Estimates'}",USA,1,TOP3000,MATRIX,1.0,42,69,1.2,[]
anl15_cpsgics_s_12_m_cos_up,The number of companies for which 12-month forward mean cash flow per share (CPS) estimation has been raised from last month within GICS sector grouping.,"{'id': 'analyst15', 'name': 'Earnings forecasts'}","{'id': 'analyst', 'name': 'Analyst'}","{'id': 'analyst-analyst-estimates', 'name': 'Analyst Estimates'}",USA,1,TOP3000,MATRIX,1.0,60,130,1.2,[]
anl15_cpsgics_s_12_m_ests,The 12-month forward pro-rated total number of estimates within GICS sector grouping.,"{'id': 'analyst15', 'name': 'Earnings forecasts'}","{'id': 'analyst', 'name': 'Analyst'}","{'id': 'analyst-analyst-estimates', 'name': 'Analyst Estimates'}",USA,1,TOP3000,MATRIX,1.0,29,411,1.2,[]
anl15_cpsgics_s_12_m_ests_dn,"Count of unique IDs of industry participants. Industry stands for an aggregate view of all  equity clearance activity for the date, symbol, and transaction type in question.","{'id': 'analyst15', 'name': 'Earnings forecasts'}","{'id': 'analyst', 'name': 'Analyst'}","{'id': 'analyst-analyst-estimates', 'name': 'Analyst Estimates'}",USA,1,TOP3000,MATRIX,1.0,50,99,1.2,[]
anl15_cpsgics_s_12_m_ests_up,The 12 month forward pro-rated total number of estimates which have been raised since last month within GICS sector grouping.,"{'id': 'analyst15', 'name': 'Earnings forecasts'}","{'id': 'analyst', 'name': 'Analyst'}","{'id': 'analyst-analyst-estimates', 'name': 'Analyst Estimates'}",USA,1,TOP3000,MATRIX,1.0,76,310,1.2,[]
anl15_cpsgics_s_12_m_gro,The weighted 12-month forward year-over-year growth of cash flow per share (CPS) estimation aggregated within GICS sector grouping.,"{'id': 'analyst15', 'name': 'Earnings forecasts'}","{'id': 'analyst', 'name': 'Analyst'}","{'id': 'analyst-analyst-estimates', 'name': 'Analyst Estimates'}",USA,1,TOP3000,MATRIX,1.0,31,147,1.2,[]
anl15_cpsgics_s_12_m_mean,The weighted average of 12-month forward cash flow per share (CPS) estimation aggregated within GICS sector grouping.,"{'id': 'analyst15', 'name': 'Earnings forecasts'}","{'id': 'analyst', 'name': 'Analyst'}","{'id': 'analyst-analyst-estimates', 'name': 'Analyst Estimates'}",USA,1,TOP3000,MATRIX,1.0,21,29,1.2,[]
anl15_cpsgics_s_12_m_pe,The weighted average price/earnings ratio based on 12-month forward EPS estimation aggregated within GICS sector grouping.,"{'id': 'analyst15', 'name': 'Earnings forecasts'}","{'id': 'analyst', 'name': 'Analyst'}","{'id': 'analyst-analyst-estimates', 'name': 'Analyst Estimates'}",USA,1,TOP3000,MATRIX,1.0,75,476,1.2,[]
anl15_cpsgics_s_12_m_st_dev,The weighted average standard deviation of 12-month forward cash flow per share (CPS) estimation aggregated within GICS sector grouping.,"{'id': 'analyst15', 'name': 'Earnings forecasts'}","{'id': 'analyst', 'name': 'Analyst'}","{'id': 'analyst-analyst-estimates', 'name': 'Analyst Estimates'}",USA,1,TOP3000,MATRIX,1.0,41,812,1.2,[]
anl15_cpsgics_s_12_m_total,The total of 12-month forward cash flow per share (CPS) estimation aggregated within GICS sector grouping.,"{'id': 'analyst15', 'name': 'Earnings forecasts'}","{'id': 'analyst', 'name': 'Analyst'}","{'id': 'analyst-analyst-estimates', 'name': 'Analyst Estimates'}",USA,1,TOP3000,MATRIX,1.0,13,407,1.2,[]
anl15_cpsgics_s_12_m_tr_mean,The weighted average of 12-month trailing cash flow per share (CPS) aggregated within GICS sector grouping.,"{'id': 'analyst15', 'name': 'Earnings forecasts'}","{'id': 'analyst', 'name': 'Analyst'}","{'id': 'analyst-analyst-estimates', 'name': 'Analyst Estimates'}",USA,1,TOP3000,MATRIX,1.0,37,405,1.2,[]
anl15_cpsgics_s_18_m_1m_chg,The weighted 1-month percent change of 18-month forward cash flow per share (CPS) estimation aggregated within GICS sector grouping.,"{'id': 'analyst15', 'name': 'Earnings forecasts'}","{'id': 'analyst', 'name': 'Analyst'}","{'id': 'analyst-analyst-estimates', 'name': 'Analyst Estimates'}",USA,1,TOP3000,MATRIX,1.0,24,66,1.2,[]
anl15_cpsgics_s_18_m_3m_chg,The weighted 3-month percent change of 18-month forward cash flow per share (CPS) estimation aggregated within GICS sector grouping.,"{'id': 'analyst15', 'name': 'Earnings forecasts'}","{'id': 'analyst', 'name': 'Analyst'}","{'id': 'analyst-analyst-estimates', 'name': 'Analyst Estimates'}",USA,1,TOP3000,MATRIX,1.0,29,327,1.2,[]
anl15_cpsgics_s_18_m_6m_chg,The weighted 6-month percent change of 18-month forward cash flow per share (CPS) estimation aggregated within GICS sector grouping.,"{'id': 'analyst15', 'name': 'Earnings forecasts'}","{'id': 'analyst', 'name': 'Analyst'}","{'id': 'analyst-analyst-estimates', 'name': 'Analyst Estimates'}",USA,1,TOP3000,MATRIX,1.0,28,68,1.2,[]
anl15_cpsgics_s_18_m_cos,The number of companies with an 18-month forward mean cash flow per share (CPS) estimation within GICS sector grouping.,"{'id': 'analyst15', 'name': 'Earnings forecasts'}","{'id': 'analyst', 'name': 'Analyst'}","{'id': 'analyst-analyst-estimates', 'name': 'Analyst Estimates'}",USA,1,TOP3000,MATRIX,1.0,28,45,1.2,[]
anl15_cpsgics_s_18_m_cos_dn,The number of companies for which 18-month forward mean cash flow per share (CPS) estimation has been lowered from last month within GICS sector grouping.,"{'id': 'analyst15', 'name': 'Earnings forecasts'}","{'id': 'analyst', 'name': 'Analyst'}","{'id': 'analyst-analyst-estimates', 'name': 'Analyst Estimates'}",USA,1,TOP3000,MATRIX,1.0,45,210,1.2,[]
anl15_cpsgics_s_18_m_cos_up,The number of companies for which 18-month forward mean cash flow per share (CPS) estimation has been raised from last month within GICS sector grouping.,"{'id': 'analyst15', 'name': 'Earnings forecasts'}","{'id': 'analyst', 'name': 'Analyst'}","{'id': 'analyst-analyst-estimates', 'name': 'Analyst Estimates'}",USA,1,TOP3000,MATRIX,1.0,32,49,1.2,[]
anl15_cpsgics_s_18_m_ests,The 18-month forward pro-rated total number of estimates within GICS sector grouping.,"{'id': 'analyst15', 'name': 'Earnings forecasts'}","{'id': 'analyst', 'name': 'Analyst'}","{'id': 'analyst-analyst-estimates', 'name': 'Analyst Estimates'}",USA,1,TOP3000,MATRIX,1.0,39,309,1.2,[]
anl15_cpsgics_s_18_m_ests_dn,"Count of unique IDs of industry participants. Industry stands for an aggregate view of all  equity clearance activity for the date, symbol, and transaction type in question.","{'id': 'analyst15', 'name': 'Earnings forecasts'}","{'id': 'analyst', 'name': 'Analyst'}","{'id': 'analyst-analyst-estimates', 'name': 'Analyst Estimates'}",USA,1,TOP3000,MATRIX,1.0,85,392,1.2,[]
anl15_cpsgics_s_18_m_ests_up,"Count of unique IDs of industry participants. Industry stands for an aggregate view of all  equity clearance activity for the date, symbol, and transaction type in question.","{'id': 'analyst15', 'name': 'Earnings forecasts'}","{'id': 'analyst', 'name': 'Analyst'}","{'id': 'analyst-analyst-estimates', 'name': 'Analyst Estimates'}",USA,1,TOP3000,MATRIX,1.0,27,72,1.2,[]
anl15_cpsgics_s_18_m_gro,The weighted 18-month forward year-over-year growth of cash flow per share (CPS) estimation aggregated within GICS sector grouping.,"{'id': 'analyst15', 'name': 'Earnings forecasts'}","{'id': 'analyst', 'name': 'Analyst'}","{'id': 'analyst-analyst-estimates', 'name': 'Analyst Estimates'}",USA,1,TOP3000,MATRIX,1.0,31,132,1.2,[]
anl15_cpsgics_s_18_m_mean,The weighted average of 18-month forward cash flow per share (CPS) estimation aggregated within GICS sector grouping.,"{'id': 'analyst15', 'name': 'Earnings forecasts'}","{'id': 'analyst', 'name': 'Analyst'}","{'id': 'analyst-analyst-estimates', 'name': 'Analyst Estimates'}",USA,1,TOP3000,MATRIX,1.0,21,197,1.2,[]
anl15_cpsgics_s_18_m_pe,The weighted average price/earnings ratio based on 18-month forward EPS estimation aggregated within GICS sector grouping.,"{'id': 'analyst15', 'name': 'Earnings forecasts'}","{'id': 'analyst', 'name': 'Analyst'}","{'id': 'analyst-analyst-estimates', 'name': 'Analyst Estimates'}",USA,1,TOP3000,MATRIX,1.0,47,109,1.2,[]
anl15_cpsgics_s_18_m_st_dev,The weighted average standard deviation of 18-month forward cash flow per share (CPS) estimation aggregated within GICS sector grouping.,"{'id': 'analyst15', 'name': 'Earnings forecasts'}","{'id': 'analyst', 'name': 'Analyst'}","{'id': 'analyst-analyst-estimates', 'name': 'Analyst Estimates'}",USA,1,TOP3000,MATRIX,1.0,37,95,1.2,[]
anl15_cpsgics_s_18_m_total,The total of 18-month forward cash flow per share (CPS) estimation aggregated within GICS sector grouping.,"{'id': 'analyst15', 'name': 'Earnings forecasts'}","{'id': 'analyst', 'name': 'Analyst'}","{'id': 'analyst-analyst-estimates', 'name': 'Analyst Estimates'}",USA,1,TOP3000,MATRIX,1.0,17,517,1.2,[]
anl15_cpsgics_s_cal_fy0_gro,The weighted year-over-year growth of cash flow per share (CPS) estimation for the current calendarized fiscal year aggregated within GICS sector grouping.,"{'id': 'analyst15', 'name': 'Earnings forecasts'}","{'id': 'analyst', 'name': 'Analyst'}","{'id': 'analyst-analyst-estimates', 'name': 'Analyst Estimates'}",USA,1,TOP3000,MATRIX,1.0,43,89,1.2,[]
anl15_cpsgics_s_cal_fy0_pe,The weighted average price/earnings ratio based on EPS estimation for the current calendarized fiscal year aggregated within GICS sector grouping.,"{'id': 'analyst15', 'name': 'Earnings forecasts'}","{'id': 'analyst', 'name': 'Analyst'}","{'id': 'analyst-analyst-estimates', 'name': 'Analyst Estimates'}",USA,1,TOP3000,MATRIX,1.0,25,48,1.2,[]
anl15_cpsgics_s_cal_fy0_total,The total of cash flow per share (CPS) estimation for the current calendarized fiscal year aggregated within GICS sector grouping.,"{'id': 'analyst15', 'name': 'Earnings forecasts'}","{'id': 'analyst', 'name': 'Analyst'}","{'id': 'analyst-analyst-estimates', 'name': 'Analyst Estimates'}",USA,1,TOP3000,MATRIX,1.0,28,69,1.2,[]
anl15_cpsgics_s_cal_fy0_val,The weighted average of cash flow per share (CPS) estimation for the current calendarized fiscal year aggregated within GICS sector grouping.,"{'id': 'analyst15', 'name': 'Earnings forecasts'}","{'id': 'analyst', 'name': 'Analyst'}","{'id': 'analyst-analyst-estimates', 'name': 'Analyst Estimates'}",USA,1,TOP3000,MATRIX,1.0,51,115,1.2,[]
anl15_cpsgics_s_cal_fy1_1m_chg,The weighted 1-month percent change of cash flow per share (CPS) estimation for the calendarized one fiscal year aggregated within GICS sector grouping.,"{'id': 'analyst15', 'name': 'Earnings forecasts'}","{'id': 'analyst', 'name': 'Analyst'}","{'id': 'analyst-analyst-estimates', 'name': 'Analyst Estimates'}",USA,1,TOP3000,MATRIX,1.0,29,213,1.2,[]
anl15_cpsgics_s_cal_fy1_3m_chg,The weighted 3-month percent change of cash flow per share (CPS) estimation for the calendarized 1 fiscal year aggregated within GICS sector grouping.,"{'id': 'analyst15', 'name': 'Earnings forecasts'}","{'id': 'analyst', 'name': 'Analyst'}","{'id': 'analyst-analyst-estimates', 'name': 'Analyst Estimates'}",USA,1,TOP3000,MATRIX,1.0,49,400,1.2,[]
anl15_cpsgics_s_cal_fy1_6m_chg,The weighted 6-month percent change of cash flow per share (CPS) estimation for the calendarized 1 fiscal year aggregated within GICS sector grouping.,"{'id': 'analyst15', 'name': 'Earnings forecasts'}","{'id': 'analyst', 'name': 'Analyst'}","{'id': 'analyst-analyst-estimates', 'name': 'Analyst Estimates'}",USA,1,TOP3000,MATRIX,1.0,50,329,1.2,[]
anl15_cpsgics_s_cal_fy1_cos,The number of companies with a calendarized 1 fiscal year cash flow per share (CPS) estimation within GICS sector grouping.,"{'id': 'analyst15', 'name': 'Earnings forecasts'}","{'id': 'analyst', 'name': 'Analyst'}","{'id': 'analyst-analyst-estimates', 'name': 'Analyst Estimates'}",USA,1,TOP3000,MATRIX,1.0,24,49,1.2,[]
anl15_cpsgics_s_cal_fy1_ests,The total number of calendarized 1 fiscal year cash flow per share (CPS) estimation within GICS sector grouping.,"{'id': 'analyst15', 'name': 'Earnings forecasts'}","{'id': 'analyst', 'name': 'Analyst'}","{'id': 'analyst-analyst-estimates', 'name': 'Analyst Estimates'}",USA,1,TOP3000,MATRIX,1.0,17,62,1.2,[]
anl15_cpsgics_s_cal_fy1_gro,The weighted year-over-year growth of cash flow per share (CPS) estimation for the calendarized 1 fiscal year aggregated within GICS sector grouping.,"{'id': 'analyst15', 'name': 'Earnings forecasts'}","{'id': 'analyst', 'name': 'Analyst'}","{'id': 'analyst-analyst-estimates', 'name': 'Analyst Estimates'}",USA,1,TOP3000,MATRIX,1.0,52,884,1.2,[]
anl15_cpsgics_s_cal_fy1_mean,The weighted average of cash flow per share (CPS) estimation for the calendarized 1 fiscal year aggregated within GICS sector grouping.,"{'id': 'analyst15', 'name': 'Earnings forecasts'}","{'id': 'analyst', 'name': 'Analyst'}","{'id': 'analyst-analyst-estimates', 'name': 'Analyst Estimates'}",USA,1,TOP3000,MATRIX,1.0,24,51,1.2,[]
anl15_cpsgics_s_cal_fy1_pe,The weighted average price/earnings ratio based on EPS estimation for the calendarized 1 fiscal year aggregated within GICS sector grouping.,"{'id': 'analyst15', 'name': 'Earnings forecasts'}","{'id': 'analyst', 'name': 'Analyst'}","{'id': 'analyst-analyst-estimates', 'name': 'Analyst Estimates'}",USA,1,TOP3000,MATRIX,1.0,37,210,1.2,[]
anl15_cpsgics_s_cal_fy1_st_dev,The weighted average standard deviation of cash flow per share (CPS) estimation for the calendarized 1 fiscal year aggregated within GICS sector grouping.,"{'id': 'analyst15', 'name': 'Earnings forecasts'}","{'id': 'analyst', 'name': 'Analyst'}","{'id': 'analyst-analyst-estimates', 'name': 'Analyst Estimates'}",USA,1,TOP3000,MATRIX,1.0,40,173,1.2,[]
anl15_cpsgics_s_cal_fy1_total,The total of cash flow per share (CPS) estimation for the calendarized one fiscal year aggregated within GICS sector grouping.,"{'id': 'analyst15', 'name': 'Earnings forecasts'}","{'id': 'analyst', 'name': 'Analyst'}","{'id': 'analyst-analyst-estimates', 'name': 'Analyst Estimates'}",USA,1,TOP3000,MATRIX,1.0,47,99,1.2,[]
anl15_cpsgics_s_cal_fy2_1m_chg,The weighted 1-month percent change of cash flow per share (CPS) estimation for the calendarized 2 fiscal years aggregated within GICS sector grouping.,"{'id': 'analyst15', 'name': 'Earnings forecasts'}","{'id': 'analyst', 'name': 'Analyst'}","{'id': 'analyst-analyst-estimates', 'name': 'Analyst Estimates'}",USA,1,TOP3000,MATRIX,1.0,31,275,1.2,[]
anl15_cpsgics_s_cal_fy2_3m_chg,The weighted 3-month percent change of cash flow per share (CPS) estimation for the calendarized 2 fiscal year aggregated within GICS sector grouping.,"{'id': 'analyst15', 'name': 'Earnings forecasts'}","{'id': 'analyst', 'name': 'Analyst'}","{'id': 'analyst-analyst-estimates', 'name': 'Analyst Estimates'}",USA,1,TOP3000,MATRIX,1.0,30,100,1.2,[]
anl15_cpsgics_s_cal_fy2_6m_chg,The weighted 6-month percent change of cash flow per share (CPS) estimation for the calendarized 2 fiscal year aggregated within GICS sector grouping.,"{'id': 'analyst15', 'name': 'Earnings forecasts'}","{'id': 'analyst', 'name': 'Analyst'}","{'id': 'analyst-analyst-estimates', 'name': 'Analyst Estimates'}",USA,1,TOP3000,MATRIX,1.0,46,391,1.2,[]
anl15_cpsgics_s_cal_fy2_cos,The number of companies with a calendarized 2 fiscal year cash flow per share (CPS) estimation within GICS sector grouping.,"{'id': 'analyst15', 'name': 'Earnings forecasts'}","{'id': 'analyst', 'name': 'Analyst'}","{'id': 'analyst-analyst-estimates', 'name': 'Analyst Estimates'}",USA,1,TOP3000,MATRIX,1.0,42,85,1.2,[]
anl15_cpsgics_s_cal_fy2_ests,The total number of calendarized 2 fiscal year cash flow per share (CPS) estimation within GICS sector grouping.,"{'id': 'analyst15', 'name': 'Earnings forecasts'}","{'id': 'analyst', 'name': 'Analyst'}","{'id': 'analyst-analyst-estimates', 'name': 'Analyst Estimates'}",USA,1,TOP3000,MATRIX,1.0,28,124,1.2,[]
anl15_cpsgics_s_cal_fy2_gro,The weighted year-over-year growth of cash flow per share (CPS) estimation for the calendarized two fiscal year aggregated within GICS sector grouping.,"{'id': 'analyst15', 'name': 'Earnings forecasts'}","{'id': 'analyst', 'name': 'Analyst'}","{'id': 'analyst-analyst-estimates', 'name': 'Analyst Estimates'}",USA,1,TOP3000,MATRIX,1.0,27,41,1.2,[]
anl15_cpsgics_s_cal_fy2_mean,The weighted average of cash flow per share (CPS) estimation for the calendarized 2 fiscal years aggregated within GICS sector grouping.,"{'id': 'analyst15', 'name': 'Earnings forecasts'}","{'id': 'analyst', 'name': 'Analyst'}","{'id': 'analyst-analyst-estimates', 'name': 'Analyst Estimates'}",USA,1,TOP3000,MATRIX,1.0,36,55,1.2,[]
anl15_cpsgics_s_cal_fy2_pe,The weighted average price/earnings ratio based on EPS estimation for the calendarized 2 fiscal year aggregated within GICS sector grouping.,"{'id': 'analyst15', 'name': 'Earnings forecasts'}","{'id': 'analyst', 'name': 'Analyst'}","{'id': 'analyst-analyst-estimates', 'name': 'Analyst Estimates'}",USA,1,TOP3000,MATRIX,1.0,41,74,1.2,[]
anl15_cpsgics_s_cal_fy2_st_dev,The weighted average standard deviation of cash flow per share (CPS) estimation for the calendarized 2 fiscal years aggregated within GICS sector grouping.,"{'id': 'analyst15', 'name': 'Earnings forecasts'}","{'id': 'analyst', 'name': 'Analyst'}","{'id': 'analyst-analyst-estimates', 'name': 'Analyst Estimates'}",USA,1,TOP3000,MATRIX,1.0,42,94,1.2,[]
anl15_cpsgics_s_cal_fy2_total,The total of cash flow per share (CPS) estimation for the calendarized 2 fiscal years aggregated within GICS sector grouping.,"{'id': 'analyst15', 'name': 'Earnings forecasts'}","{'id': 'analyst', 'name': 'Analyst'}","{'id': 'analyst-analyst-estimates', 'name': 'Analyst Estimates'}",USA,1,TOP3000,MATRIX,1.0,23,194,1.2,[]
anl15_cpsgics_s_cal_fy3_1m_chg,The weighted 1-month percent change of cash flow per share (CPS) estimation for the calendarized 3 fiscal year aggregated within GICS sector grouping.,"{'id': 'analyst15', 'name': 'Earnings forecasts'}","{'id': 'analyst', 'name': 'Analyst'}","{'id': 'analyst-analyst-estimates', 'name': 'Analyst Estimates'}",USA,1,TOP3000,MATRIX,1.0,27,86,1.2,[]
anl15_cpsgics_s_cal_fy3_3m_chg,The weighted 3-month percent change of cash flow per share (CPS) estimation for the calendarized 3 fiscal year aggregated within GICS sector grouping.,"{'id': 'analyst15', 'name': 'Earnings forecasts'}","{'id': 'analyst', 'name': 'Analyst'}","{'id': 'analyst-analyst-estimates', 'name': 'Analyst Estimates'}",USA,1,TOP3000,MATRIX,1.0,34,58,1.2,[]
anl15_cpsgics_s_cal_fy3_6m_chg,The weighted 6-month percent change of cash flow per share (CPS) estimation for the calendarized 3 fiscal year aggregated within GICS sector grouping.,"{'id': 'analyst15', 'name': 'Earnings forecasts'}","{'id': 'analyst', 'name': 'Analyst'}","{'id': 'analyst-analyst-estimates', 'name': 'Analyst Estimates'}",USA,1,TOP3000,MATRIX,1.0,45,135,1.2,[]
anl15_cpsgics_s_cal_fy3_cos,The number of companies with a calendarized 3 fiscal year cash flow per share (CPS) estimation within GICS sector grouping.,"{'id': 'analyst15', 'name': 'Earnings forecasts'}","{'id': 'analyst', 'name': 'Analyst'}","{'id': 'analyst-analyst-estimates', 'name': 'Analyst Estimates'}",USA,1,TOP3000,MATRIX,1.0,65,122,1.2,[]
anl15_cpsgics_s_cal_fy3_ests,The total number of calendarized 3 fiscal year cash flow per share (CPS) estimation within GICS sector grouping.,"{'id': 'analyst15', 'name': 'Earnings forecasts'}","{'id': 'analyst', 'name': 'Analyst'}","{'id': 'analyst-analyst-estimates', 'name': 'Analyst Estimates'}",USA,1,TOP3000,MATRIX,1.0,53,135,1.2,[]
anl15_cpsgics_s_cal_fy3_gro,The weighted year-over-year growth of cash flow per share (CPS) estimation for the calendarized 3 fiscal years aggregated within GICS sector grouping.,"{'id': 'analyst15', 'name': 'Earnings forecasts'}","{'id': 'analyst', 'name': 'Analyst'}","{'id': 'analyst-analyst-estimates', 'name': 'Analyst Estimates'}",USA,1,TOP3000,MATRIX,1.0,38,86,1.2,[]
anl15_cpsgics_s_cal_fy3_mean,The weighted average of cash flow per share (CPS) estimation for the calendarized 3 fiscal years aggregated within GICS sector grouping.,"{'id': 'analyst15', 'name': 'Earnings forecasts'}","{'id': 'analyst', 'name': 'Analyst'}","{'id': 'analyst-analyst-estimates', 'name': 'Analyst Estimates'}",USA,1,TOP3000,MATRIX,1.0,28,69,1.2,[]
anl15_cpsgics_s_cal_fy3_pe,The weighted average price/earnings ratio based on EPS estimation for the calendarized 3 fiscal years aggregated within GICS sector grouping.,"{'id': 'analyst15', 'name': 'Earnings forecasts'}","{'id': 'analyst', 'name': 'Analyst'}","{'id': 'analyst-analyst-estimates', 'name': 'Analyst Estimates'}",USA,1,TOP3000,MATRIX,1.0,36,45,1.2,[]
anl15_cpsgics_s_cal_fy3_st_dev,The weighted average standard deviation of cash flow per share (CPS) estimation for the calendarized 3 fiscal years aggregated within GICS sector grouping.,"{'id': 'analyst15', 'name': 'Earnings forecasts'}","{'id': 'analyst', 'name': 'Analyst'}","{'id': 'analyst-analyst-estimates', 'name': 'Analyst Estimates'}",USA,1,TOP3000,MATRIX,0.9918,35,72,1.2,[]
anl15_cpsgics_s_cal_fy3_total,The total of cash flow per share (CPS) estimation for the calendarized 3 fiscal year aggregated within GICS sector grouping.,"{'id': 'analyst15', 'name': 'Earnings forecasts'}","{'id': 'analyst', 'name': 'Analyst'}","{'id': 'analyst-analyst-estimates', 'name': 'Analyst Estimates'}",USA,1,TOP3000,MATRIX,1.0,30,49,1.2,[]
anl15_cpsgics_s_fy1_cos_dn,The number of companies for which cash flow per share (CPS) estimation for the calendarized 1 fiscal year has been lowered from last month within GICS sector grouping.,"{'id': 'analyst15', 'name': 'Earnings forecasts'}","{'id': 'analyst', 'name': 'Analyst'}","{'id': 'analyst-analyst-estimates', 'name': 'Analyst Estimates'}",USA,1,TOP3000,MATRIX,1.0,47,92,1.2,[]
anl15_cpsgics_s_fy1_cos_up,The number of companies for which cash flow per share (CPS) estimation for the calendarized 1 fiscal year has been raised from last month within GICS sector grouping.,"{'id': 'analyst15', 'name': 'Earnings forecasts'}","{'id': 'analyst', 'name': 'Analyst'}","{'id': 'analyst-analyst-estimates', 'name': 'Analyst Estimates'}",USA,1,TOP3000,MATRIX,1.0,20,57,1.2,[]
anl15_cpsgics_s_fy1_ests_dn,"Count of unique IDs of industry participants. Industry stands for an aggregate view of all  equity clearance activity for the date, symbol, and transaction type in question.","{'id': 'analyst15', 'name': 'Earnings forecasts'}","{'id': 'analyst', 'name': 'Analyst'}","{'id': 'analyst-analyst-estimates', 'name': 'Analyst Estimates'}",USA,1,TOP3000,MATRIX,1.0,23,38,1.2,[]
anl15_cpsgics_s_fy1_ests_up,"Count of unique IDs of industry participants. Industry stands for an aggregate view of all  equity clearance activity for the date, symbol, and transaction type in question.","{'id': 'analyst15', 'name': 'Earnings forecasts'}","{'id': 'analyst', 'name': 'Analyst'}","{'id': 'analyst-analyst-estimates', 'name': 'Analyst Estimates'}",USA,1,TOP3000,MATRIX,1.0,46,105,1.2,[]
anl15_cpsgics_s_fy2_cos_dn,The number of companies for which cash flow per share (CPS) estimation for the calendarized 2 fiscal years has been lowered from last month within GICS sector grouping.,"{'id': 'analyst15', 'name': 'Earnings forecasts'}","{'id': 'analyst', 'name': 'Analyst'}","{'id': 'analyst-analyst-estimates', 'name': 'Analyst Estimates'}",USA,1,TOP3000,MATRIX,1.0,41,136,1.2,[]
anl15_cpsgics_s_fy2_cos_up,The number of companies for which cash flow per share (CPS) estimation for the calendarized 2 fiscal year has been raised from last month within GICS sector grouping.,"{'id': 'analyst15', 'name': 'Earnings forecasts'}","{'id': 'analyst', 'name': 'Analyst'}","{'id': 'analyst-analyst-estimates', 'name': 'Analyst Estimates'}",USA,1,TOP3000,MATRIX,1.0,36,293,1.2,[]
anl15_cpsgics_s_fy2_ests_dn,"Count of unique IDs of industry participants. Industry stands for an aggregate view of all  equity clearance activity for the date, symbol, and transaction type in question.","{'id': 'analyst15', 'name': 'Earnings forecasts'}","{'id': 'analyst', 'name': 'Analyst'}","{'id': 'analyst-analyst-estimates', 'name': 'Analyst Estimates'}",USA,1,TOP3000,MATRIX,1.0,65,486,1.2,[]
anl15_cpsgics_s_fy2_ests_up,"Count of unique IDs of industry participants. Industry stands for an aggregate view of all  equity clearance activity for the date, symbol, and transaction type in question.","{'id': 'analyst15', 'name': 'Earnings forecasts'}","{'id': 'analyst', 'name': 'Analyst'}","{'id': 'analyst-analyst-estimates', 'name': 'Analyst Estimates'}",USA,1,TOP3000,MATRIX,1.0,31,79,1.2,[]
anl15_cpsgics_s_fy3_cos_dn,The number of companies for which cash flow per share (CPS) estimation for the calendarized 3 fiscal year has been lowered from last month within GICS sector grouping.,"{'id': 'analyst15', 'name': 'Earnings forecasts'}","{'id': 'analyst', 'name': 'Analyst'}","{'id': 'analyst-analyst-estimates', 'name': 'Analyst Estimates'}",USA,1,TOP3000,MATRIX,1.0,34,172,1.2,[]
anl15_cpsgics_s_fy3_cos_up,The number of companies for which cash flow per share (CPS) estimation for the calendarized 3 fiscal year has been raised from last month within GICS sector grouping.,"{'id': 'analyst15', 'name': 'Earnings forecasts'}","{'id': 'analyst', 'name': 'Analyst'}","{'id': 'analyst-analyst-estimates', 'name': 'Analyst Estimates'}",USA,1,TOP3000,MATRIX,1.0,35,68,1.2,[]
anl15_cpsgics_s_fy3_ests_dn,"Count of unique IDs of industry participants. Industry stands for an aggregate view of all  equity clearance activity for the date, symbol, and transaction type in question.","{'id': 'analyst15', 'name': 'Earnings forecasts'}","{'id': 'analyst', 'name': 'Analyst'}","{'id': 'analyst-analyst-estimates', 'name': 'Analyst Estimates'}",USA,1,TOP3000,MATRIX,1.0,27,183,1.2,[]
anl15_cpsgics_s_fy3_ests_up,"Count of unique IDs of industry participants. Industry stands for an aggregate view of all  equity clearance activity for the date, symbol, and transaction type in question.","{'id': 'analyst15', 'name': 'Earnings forecasts'}","{'id': 'analyst', 'name': 'Analyst'}","{'id': 'analyst-analyst-estimates', 'name': 'Analyst Estimates'}",USA,1,TOP3000,MATRIX,1.0,29,282,1.2,[]
anl15_dps_gr_12_m_1m_chg,The weighted 1-month percent change of 12-month forward dividend per share (DPS) estimation aggregated within GICS group grouping.,"{'id': 'analyst15', 'name': 'Earnings forecasts'}","{'id': 'analyst', 'name': 'Analyst'}","{'id': 'analyst-analyst-estimates', 'name': 'Analyst Estimates'}",USA,1,TOP3000,MATRIX,1.0,36,86,1.2,[]
anl15_dps_gr_12_m_3m_chg,The weighted 3-month percent change of 12-month forward dividend per share (DPS) estimation aggregated within GICS group grouping.,"{'id': 'analyst15', 'name': 'Earnings forecasts'}","{'id': 'analyst', 'name': 'Analyst'}","{'id': 'analyst-analyst-estimates', 'name': 'Analyst Estimates'}",USA,1,TOP3000,MATRIX,1.0,33,157,1.2,[]
anl15_dps_gr_12_m_6m_chg,The weighted 6-month percent change of 12-month forward dividend per share (DPS) estimation aggregated within GICS group grouping.,"{'id': 'analyst15', 'name': 'Earnings forecasts'}","{'id': 'analyst', 'name': 'Analyst'}","{'id': 'analyst-analyst-estimates', 'name': 'Analyst Estimates'}",USA,1,TOP3000,MATRIX,1.0,49,87,1.2,[]
anl15_dps_gr_12_m_cos,The number of companies with a 12 month forward mean dividend per share (DPS) estimation within GICS group grouping.,"{'id': 'analyst15', 'name': 'Earnings forecasts'}","{'id': 'analyst', 'name': 'Analyst'}","{'id': 'analyst-analyst-estimates', 'name': 'Analyst Estimates'}",USA,1,TOP3000,MATRIX,1.0,33,57,1.2,[]
anl15_dps_gr_12_m_cos_dn,The number of companies for which 12-month forward mean dividend per share (DPS) estimation has been lowered from last month within GICS group grouping.,"{'id': 'analyst15', 'name': 'Earnings forecasts'}","{'id': 'analyst', 'name': 'Analyst'}","{'id': 'analyst-analyst-estimates', 'name': 'Analyst Estimates'}",USA,1,TOP3000,MATRIX,1.0,37,63,1.2,[]
anl15_dps_gr_12_m_cos_up,The number of companies for which 12-month forward mean dividend per share (DPS) estimation has been raised from last month within GICS group grouping.,"{'id': 'analyst15', 'name': 'Earnings forecasts'}","{'id': 'analyst', 'name': 'Analyst'}","{'id': 'analyst-analyst-estimates', 'name': 'Analyst Estimates'}",USA,1,TOP3000,MATRIX,1.0,34,139,1.2,[]
anl15_dps_gr_12_m_ests,The 12-month forward pro-rated total number of estimates within GICS group grouping.,"{'id': 'analyst15', 'name': 'Earnings forecasts'}","{'id': 'analyst', 'name': 'Analyst'}","{'id': 'analyst-analyst-estimates', 'name': 'Analyst Estimates'}",USA,1,TOP3000,MATRIX,1.0,46,201,1.2,[]
anl15_dps_gr_12_m_ests_dn,"Count of unique IDs of industry participants. Industry stands for an aggregate view of all  equity clearance activity for the date, symbol, and transaction type in question.","{'id': 'analyst15', 'name': 'Earnings forecasts'}","{'id': 'analyst', 'name': 'Analyst'}","{'id': 'analyst-analyst-estimates', 'name': 'Analyst Estimates'}",USA,1,TOP3000,MATRIX,0.9164,18,32,1.2,[]
anl15_dps_gr_12_m_ests_up,"Count of unique IDs of industry participants. Industry stands for an aggregate view of all  equity clearance activity for the date, symbol, and transaction type in question.","{'id': 'analyst15', 'name': 'Earnings forecasts'}","{'id': 'analyst', 'name': 'Analyst'}","{'id': 'analyst-analyst-estimates', 'name': 'Analyst Estimates'}",USA,1,TOP3000,MATRIX,0.977,41,79,1.2,[]
anl15_dps_gr_12_m_gro,The weighted 12-month forward year-over-year growth of dividend per share (DPS) estimation aggregated within GICS group grouping.,"{'id': 'analyst15', 'name': 'Earnings forecasts'}","{'id': 'analyst', 'name': 'Analyst'}","{'id': 'analyst-analyst-estimates', 'name': 'Analyst Estimates'}",USA,1,TOP3000,MATRIX,1.0,38,156,1.2,[]
anl15_dps_gr_12_m_mean,The weighted average of 12-month forward dividend per share (DPS) estimation aggregated within GICS group grouping.,"{'id': 'analyst15', 'name': 'Earnings forecasts'}","{'id': 'analyst', 'name': 'Analyst'}","{'id': 'analyst-analyst-estimates', 'name': 'Analyst Estimates'}",USA,1,TOP3000,MATRIX,1.0,32,87,1.2,[]
anl15_dps_gr_12_m_pe,The weighted average price/earnings ratio based on 12-month forward EPS estimation aggregated within GICS group grouping.,"{'id': 'analyst15', 'name': 'Earnings forecasts'}","{'id': 'analyst', 'name': 'Analyst'}","{'id': 'analyst-analyst-estimates', 'name': 'Analyst Estimates'}",USA,1,TOP3000,MATRIX,1.0,53,124,1.2,[]
anl15_dps_gr_12_m_st_dev,The weighted average standard deviation of 12-month forward dividend per share (DPS) estimation aggregated within GICS group grouping.,"{'id': 'analyst15', 'name': 'Earnings forecasts'}","{'id': 'analyst', 'name': 'Analyst'}","{'id': 'analyst-analyst-estimates', 'name': 'Analyst Estimates'}",USA,1,TOP3000,MATRIX,1.0,40,85,1.2,[]
anl15_dps_gr_12_m_total,The total of 12-month forward dividend per share (DPS) estimation aggregated within GICS group grouping.,"{'id': 'analyst15', 'name': 'Earnings forecasts'}","{'id': 'analyst', 'name': 'Analyst'}","{'id': 'analyst-analyst-estimates', 'name': 'Analyst Estimates'}",USA,1,TOP3000,MATRIX,1.0,25,293,1.2,[]
anl15_dps_gr_12_m_tr_mean,The weighted average of 12-month trailing dividend per share (DPS) aggregated within GICS group grouping.,"{'id': 'analyst15', 'name': 'Earnings forecasts'}","{'id': 'analyst', 'name': 'Analyst'}","{'id': 'analyst-analyst-estimates', 'name': 'Analyst Estimates'}",USA,1,TOP3000,MATRIX,1.0,60,405,1.2,[]
anl15_dps_gr_18_m_1m_chg,The weighted 1-month percent change of 18-month forward dividend per share (DPS) estimation aggregated within GICS group grouping.,"{'id': 'analyst15', 'name': 'Earnings forecasts'}","{'id': 'analyst', 'name': 'Analyst'}","{'id': 'analyst-analyst-estimates', 'name': 'Analyst Estimates'}",USA,1,TOP3000,MATRIX,1.0,31,81,1.2,[]
anl15_dps_gr_18_m_3m_chg,The weighted 3-month percent change of 18-month forward dividend per share (DPS) estimation aggregated within GICS group grouping.,"{'id': 'analyst15', 'name': 'Earnings forecasts'}","{'id': 'analyst', 'name': 'Analyst'}","{'id': 'analyst-analyst-estimates', 'name': 'Analyst Estimates'}",USA,1,TOP3000,MATRIX,1.0,35,81,1.2,[]
anl15_dps_gr_18_m_6m_chg,The weighted 6-month percent change of 18-month forward dividend per share (DPS) estimation aggregated within GICS group grouping.,"{'id': 'analyst15', 'name': 'Earnings forecasts'}","{'id': 'analyst', 'name': 'Analyst'}","{'id': 'analyst-analyst-estimates', 'name': 'Analyst Estimates'}",USA,1,TOP3000,MATRIX,1.0,54,336,1.2,[]
anl15_dps_gr_18_m_cos,The number of companies with an 18-month forward mean dividend per share (DPS) estimation within GICS group grouping.,"{'id': 'analyst15', 'name': 'Earnings forecasts'}","{'id': 'analyst', 'name': 'Analyst'}","{'id': 'analyst-analyst-estimates', 'name': 'Analyst Estimates'}",USA,1,TOP3000,MATRIX,1.0,36,56,1.2,[]
anl15_dps_gr_18_m_cos_dn,The number of companies for which 18-month forward mean dividend per share (DPS) estimation has been lowered from last month within GICS group grouping.,"{'id': 'analyst15', 'name': 'Earnings forecasts'}","{'id': 'analyst', 'name': 'Analyst'}","{'id': 'analyst-analyst-estimates', 'name': 'Analyst Estimates'}",USA,1,TOP3000,MATRIX,1.0,67,213,1.2,[]
anl15_dps_gr_18_m_cos_up,The number of companies for which 18-month forward mean dividend per share (DPS) estimation has been raised from last month within GICS group grouping.,"{'id': 'analyst15', 'name': 'Earnings forecasts'}","{'id': 'analyst', 'name': 'Analyst'}","{'id': 'analyst-analyst-estimates', 'name': 'Analyst Estimates'}",USA,1,TOP3000,MATRIX,1.0,18,33,1.2,[]
anl15_dps_gr_18_m_ests,The 18-month forward pro-rated total number of estimates within GICS group grouping.,"{'id': 'analyst15', 'name': 'Earnings forecasts'}","{'id': 'analyst', 'name': 'Analyst'}","{'id': 'analyst-analyst-estimates', 'name': 'Analyst Estimates'}",USA,1,TOP3000,MATRIX,1.0,40,66,1.2,[]
anl15_dps_gr_18_m_ests_dn,"Count of unique IDs of industry participants. Industry stands for an aggregate view of all  equity clearance activity for the date, symbol, and transaction type in question.","{'id': 'analyst15', 'name': 'Earnings forecasts'}","{'id': 'analyst', 'name': 'Analyst'}","{'id': 'analyst-analyst-estimates', 'name': 'Analyst Estimates'}",USA,1,TOP3000,MATRIX,0.905,50,323,1.2,[]
anl15_dps_gr_18_m_ests_up,"Count of unique IDs of industry participants. Industry stands for an aggregate view of all  equity clearance activity for the date, symbol, and transaction type in question.","{'id': 'analyst15', 'name': 'Earnings forecasts'}","{'id': 'analyst', 'name': 'Analyst'}","{'id': 'analyst-analyst-estimates', 'name': 'Analyst Estimates'}",USA,1,TOP3000,MATRIX,0.9672,40,160,1.2,[]
anl15_dps_gr_18_m_gro,The weighted 18-month forward year-over-year growth of dividend per share (DPS) estimation aggregated within GICS group grouping.,"{'id': 'analyst15', 'name': 'Earnings forecasts'}","{'id': 'analyst', 'name': 'Analyst'}","{'id': 'analyst-analyst-estimates', 'name': 'Analyst Estimates'}",USA,1,TOP3000,MATRIX,1.0,44,116,1.2,[]
anl15_dps_gr_18_m_mean,The weighted average of 18 month forward dividend per share (DPS) estimation aggregated within GICS group grouping.,"{'id': 'analyst15', 'name': 'Earnings forecasts'}","{'id': 'analyst', 'name': 'Analyst'}","{'id': 'analyst-analyst-estimates', 'name': 'Analyst Estimates'}",USA,1,TOP3000,MATRIX,1.0,33,69,1.2,[]
anl15_dps_gr_18_m_pe,The weighted average price/earnings ratio based on 18-month forward EPS estimation aggregated within GICS group grouping.,"{'id': 'analyst15', 'name': 'Earnings forecasts'}","{'id': 'analyst', 'name': 'Analyst'}","{'id': 'analyst-analyst-estimates', 'name': 'Analyst Estimates'}",USA,1,TOP3000,MATRIX,1.0,38,162,1.2,[]
anl15_dps_gr_18_m_st_dev,The weighted average standard deviation of 18-month forward dividend per share (DPS) estimation aggregated within GICS group grouping.,"{'id': 'analyst15', 'name': 'Earnings forecasts'}","{'id': 'analyst', 'name': 'Analyst'}","{'id': 'analyst-analyst-estimates', 'name': 'Analyst Estimates'}",USA,1,TOP3000,MATRIX,1.0,25,74,1.2,[]
anl15_dps_gr_18_m_total,The total of 18-month forward dividend per share (DPS) estimation aggregated within GICS group grouping.,"{'id': 'analyst15', 'name': 'Earnings forecasts'}","{'id': 'analyst', 'name': 'Analyst'}","{'id': 'analyst-analyst-estimates', 'name': 'Analyst Estimates'}",USA,1,TOP3000,MATRIX,1.0,34,71,1.2,[]
anl15_dps_gr_cal_fy0_gro,The weighted year-over-year growth of dividend per share (DPS) estimation for the current calendarized fiscal year aggregated within GICS group grouping.,"{'id': 'analyst15', 'name': 'Earnings forecasts'}","{'id': 'analyst', 'name': 'Analyst'}","{'id': 'analyst-analyst-estimates', 'name': 'Analyst Estimates'}",USA,1,TOP3000,MATRIX,1.0,36,184,1.2,[]
anl15_dps_gr_cal_fy0_pe,The weighted average price/earnings ratio based on EPS estimation for the current calendarized fiscal year aggregated within GICS group grouping.,"{'id': 'analyst15', 'name': 'Earnings forecasts'}","{'id': 'analyst', 'name': 'Analyst'}","{'id': 'analyst-analyst-estimates', 'name': 'Analyst Estimates'}",USA,1,TOP3000,MATRIX,1.0,43,477,1.2,[]
anl15_dps_gr_cal_fy0_total,The total of dividend per share (DPS) estimation for the current calendarized fiscal year aggregated within GICS group grouping.,"{'id': 'analyst15', 'name': 'Earnings forecasts'}","{'id': 'analyst', 'name': 'Analyst'}","{'id': 'analyst-analyst-estimates', 'name': 'Analyst Estimates'}",USA,1,TOP3000,MATRIX,1.0,28,68,1.2,[]
anl15_dps_gr_cal_fy0_val,The weighted average of dividend per share (DPS) estimation for the current calendarized fiscal year aggregated within GICS group grouping.,"{'id': 'analyst15', 'name': 'Earnings forecasts'}","{'id': 'analyst', 'name': 'Analyst'}","{'id': 'analyst-analyst-estimates', 'name': 'Analyst Estimates'}",USA,1,TOP3000,MATRIX,1.0,26,120,1.2,[]
anl15_dps_gr_cal_fy1_1m_chg,The weighted 1 month percent change of dividend per share (DPS) estimation for the calendarized 1 fiscal year aggregated within GICS group grouping.,"{'id': 'analyst15', 'name': 'Earnings forecasts'}","{'id': 'analyst', 'name': 'Analyst'}","{'id': 'analyst-analyst-estimates', 'name': 'Analyst Estimates'}",USA,1,TOP3000,MATRIX,1.0,23,175,1.2,[]
anl15_dps_gr_cal_fy1_3m_chg,The weighted 3-month percent change of dividend per share (DPS) estimation for the calendarized 1 fiscal year aggregated within GICS group grouping.,"{'id': 'analyst15', 'name': 'Earnings forecasts'}","{'id': 'analyst', 'name': 'Analyst'}","{'id': 'analyst-analyst-estimates', 'name': 'Analyst Estimates'}",USA,1,TOP3000,MATRIX,1.0,26,113,1.2,[]
anl15_dps_gr_cal_fy1_6m_chg,The weighted 6-month percent change of dividend per share (DPS) estimation for the calendarized 1 fiscal year aggregated within GICS group grouping.,"{'id': 'analyst15', 'name': 'Earnings forecasts'}","{'id': 'analyst', 'name': 'Analyst'}","{'id': 'analyst-analyst-estimates', 'name': 'Analyst Estimates'}",USA,1,TOP3000,MATRIX,1.0,34,116,1.2,[]
anl15_dps_gr_cal_fy1_cos,The number of companies with a calendarized 1 fiscal year dividend per share (DPS) estimation within GICS group grouping.,"{'id': 'analyst15', 'name': 'Earnings forecasts'}","{'id': 'analyst', 'name': 'Analyst'}","{'id': 'analyst-analyst-estimates', 'name': 'Analyst Estimates'}",USA,1,TOP3000,MATRIX,1.0,19,21,1.2,[]
anl15_dps_gr_cal_fy1_ests,The total number of calendarized 1 fiscal year dividend per share (DPS) estimation within GICS group grouping.,"{'id': 'analyst15', 'name': 'Earnings forecasts'}","{'id': 'analyst', 'name': 'Analyst'}","{'id': 'analyst-analyst-estimates', 'name': 'Analyst Estimates'}",USA,1,TOP3000,MATRIX,1.0,35,108,1.2,[]
anl15_dps_gr_cal_fy1_gro,The weighted year-over-year growth of dividend per share (DPS) estimation for the calendarized 1 fiscal year aggregated within GICS group grouping.,"{'id': 'analyst15', 'name': 'Earnings forecasts'}","{'id': 'analyst', 'name': 'Analyst'}","{'id': 'analyst-analyst-estimates', 'name': 'Analyst Estimates'}",USA,1,TOP3000,MATRIX,1.0,44,154,1.2,[]
anl15_dps_gr_cal_fy1_mean,The weighted average of dividend per share (DPS) estimation for the calendarized 1 fiscal year aggregated within GICS group grouping.,"{'id': 'analyst15', 'name': 'Earnings forecasts'}","{'id': 'analyst', 'name': 'Analyst'}","{'id': 'analyst-analyst-estimates', 'name': 'Analyst Estimates'}",USA,1,TOP3000,MATRIX,1.0,31,357,1.2,[]
anl15_dps_gr_cal_fy1_pe,The weighted average price/earnings ratio based on EPS estimation for the calendarized 1 fiscal year aggregated within GICS group grouping.,"{'id': 'analyst15', 'name': 'Earnings forecasts'}","{'id': 'analyst', 'name': 'Analyst'}","{'id': 'analyst-analyst-estimates', 'name': 'Analyst Estimates'}",USA,1,TOP3000,MATRIX,1.0,31,49,1.2,[]
anl15_dps_gr_cal_fy1_st_dev,The weighted average standard deviation of dividend per share (DPS) estimation for the calendarized 1 fiscal year aggregated within GICS group grouping.,"{'id': 'analyst15', 'name': 'Earnings forecasts'}","{'id': 'analyst', 'name': 'Analyst'}","{'id': 'analyst-analyst-estimates', 'name': 'Analyst Estimates'}",USA,1,TOP3000,MATRIX,1.0,38,101,1.2,[]
anl15_dps_gr_cal_fy1_total,The total of dividend per share (DPS) estimation for the calendarized 1 fiscal year aggregated within GICS group grouping.,"{'id': 'analyst15', 'name': 'Earnings forecasts'}","{'id': 'analyst', 'name': 'Analyst'}","{'id': 'analyst-analyst-estimates', 'name': 'Analyst Estimates'}",USA,1,TOP3000,MATRIX,1.0,21,33,1.2,[]
anl15_dps_gr_cal_fy2_1m_chg,The weighted 1-month percent change of dividend per share (DPS) estimation for the calendarized 2 fiscal years aggregated within GICS group grouping.,"{'id': 'analyst15', 'name': 'Earnings forecasts'}","{'id': 'analyst', 'name': 'Analyst'}","{'id': 'analyst-analyst-estimates', 'name': 'Analyst Estimates'}",USA,1,TOP3000,MATRIX,1.0,20,91,1.2,[]
anl15_dps_gr_cal_fy2_3m_chg,The weighted 3-month percent change of dividend per share (DPS) estimation for the calendarized 2 fiscal years aggregated within GICS group grouping.,"{'id': 'analyst15', 'name': 'Earnings forecasts'}","{'id': 'analyst', 'name': 'Analyst'}","{'id': 'analyst-analyst-estimates', 'name': 'Analyst Estimates'}",USA,1,TOP3000,MATRIX,1.0,40,124,1.2,[]
anl15_dps_gr_cal_fy2_6m_chg,The weighted 6-month percent change of dividend per share (DPS) estimation for the calendarized 2 fiscal year aggregated within GICS group grouping.,"{'id': 'analyst15', 'name': 'Earnings forecasts'}","{'id': 'analyst', 'name': 'Analyst'}","{'id': 'analyst-analyst-estimates', 'name': 'Analyst Estimates'}",USA,1,TOP3000,MATRIX,1.0,53,370,1.2,[]
anl15_dps_gr_cal_fy2_cos,The number of companies with a calendarized 2 fiscal year dividend per share (DPS) estimation within GICS group grouping.,"{'id': 'analyst15', 'name': 'Earnings forecasts'}","{'id': 'analyst', 'name': 'Analyst'}","{'id': 'analyst-analyst-estimates', 'name': 'Analyst Estimates'}",USA,1,TOP3000,MATRIX,1.0,28,413,1.2,[]
anl15_dps_gr_cal_fy2_ests,The total number of calendarized 2 fiscal year dividend per share (DPS) estimation within GICS group grouping.,"{'id': 'analyst15', 'name': 'Earnings forecasts'}","{'id': 'analyst', 'name': 'Analyst'}","{'id': 'analyst-analyst-estimates', 'name': 'Analyst Estimates'}",USA,1,TOP3000,MATRIX,1.0,17,38,1.2,[]
anl15_dps_gr_cal_fy2_gro,The weighted year-over-year growth of dividend per share (DPS) estimation for the calendarized 2 fiscal years aggregated within GICS group grouping.,"{'id': 'analyst15', 'name': 'Earnings forecasts'}","{'id': 'analyst', 'name': 'Analyst'}","{'id': 'analyst-analyst-estimates', 'name': 'Analyst Estimates'}",USA,1,TOP3000,MATRIX,1.0,49,479,1.2,[]
anl15_dps_gr_cal_fy2_mean,The weighted average of dividend per share (DPS) estimation for the calendarized 2 fiscal years aggregated within GICS group grouping.,"{'id': 'analyst15', 'name': 'Earnings forecasts'}","{'id': 'analyst', 'name': 'Analyst'}","{'id': 'analyst-analyst-estimates', 'name': 'Analyst Estimates'}",USA,1,TOP3000,MATRIX,1.0,17,34,1.2,[]
anl15_dps_gr_cal_fy2_pe,The weighted average price/earnings ratio based on EPS estimation for the calendarized 2 fiscal years aggregated within GICS group grouping.,"{'id': 'analyst15', 'name': 'Earnings forecasts'}","{'id': 'analyst', 'name': 'Analyst'}","{'id': 'analyst-analyst-estimates', 'name': 'Analyst Estimates'}",USA,1,TOP3000,MATRIX,1.0,53,664,1.2,[]
anl15_dps_gr_cal_fy2_st_dev,The weighted average standard deviation of dividend per share (DPS) estimation for the calendarized 2 fiscal years aggregated within GICS group grouping.,"{'id': 'analyst15', 'name': 'Earnings forecasts'}","{'id': 'analyst', 'name': 'Analyst'}","{'id': 'analyst-analyst-estimates', 'name': 'Analyst Estimates'}",USA,1,TOP3000,MATRIX,1.0,53,335,1.2,[]
anl15_dps_gr_cal_fy2_total,The total of dividend per share (DPS) estimation for the calendarized 2 fiscal year aggregated within GICS group grouping.,"{'id': 'analyst15', 'name': 'Earnings forecasts'}","{'id': 'analyst', 'name': 'Analyst'}","{'id': 'analyst-analyst-estimates', 'name': 'Analyst Estimates'}",USA,1,TOP3000,MATRIX,1.0,17,264,1.2,[]
anl15_dps_gr_cal_fy3_1m_chg,The weighted 1-month percent change of dividend per share (DPS) estimation for the calendarized 3 fiscal year aggregated within GICS group grouping.,"{'id': 'analyst15', 'name': 'Earnings forecasts'}","{'id': 'analyst', 'name': 'Analyst'}","{'id': 'analyst-analyst-estimates', 'name': 'Analyst Estimates'}",USA,1,TOP3000,MATRIX,1.0,50,259,1.2,[]
anl15_dps_gr_cal_fy3_3m_chg,The weighted 3-month percent change of dividend per share (DPS) estimation for the calendarized 3 fiscal years aggregated within GICS group grouping.,"{'id': 'analyst15', 'name': 'Earnings forecasts'}","{'id': 'analyst', 'name': 'Analyst'}","{'id': 'analyst-analyst-estimates', 'name': 'Analyst Estimates'}",USA,1,TOP3000,MATRIX,1.0,28,48,1.2,[]
anl15_dps_gr_cal_fy3_6m_chg,The weighted 6-month percent change of dividend per share (DPS) estimation for the calendarized 3 fiscal years aggregated within GICS group grouping.,"{'id': 'analyst15', 'name': 'Earnings forecasts'}","{'id': 'analyst', 'name': 'Analyst'}","{'id': 'analyst-analyst-estimates', 'name': 'Analyst Estimates'}",USA,1,TOP3000,MATRIX,0.9963,55,256,1.2,[]
anl15_dps_gr_cal_fy3_cos,The number of companies with a calendarized 3 fiscal year dividend per share (DPS) estimation within GICS group grouping.,"{'id': 'analyst15', 'name': 'Earnings forecasts'}","{'id': 'analyst', 'name': 'Analyst'}","{'id': 'analyst-analyst-estimates', 'name': 'Analyst Estimates'}",USA,1,TOP3000,MATRIX,1.0,35,89,1.2,[]
anl15_dps_gr_cal_fy3_ests,The total number of calendarized 3 fiscal year dividend per share (DPS) estimation within GICS group grouping.,"{'id': 'analyst15', 'name': 'Earnings forecasts'}","{'id': 'analyst', 'name': 'Analyst'}","{'id': 'analyst-analyst-estimates', 'name': 'Analyst Estimates'}",USA,1,TOP3000,MATRIX,1.0,25,40,1.2,[]
anl15_dps_gr_cal_fy3_gro,The weighted year-over-year growth of dividend per share (DPS) estimation for the calendarized 3 fiscal years aggregated within GICS group grouping.,"{'id': 'analyst15', 'name': 'Earnings forecasts'}","{'id': 'analyst', 'name': 'Analyst'}","{'id': 'analyst-analyst-estimates', 'name': 'Analyst Estimates'}",USA,1,TOP3000,MATRIX,1.0,31,58,1.2,[]
anl15_dps_gr_cal_fy3_mean,The weighted average of dividend per share (DPS) estimation for the calendarized 3 fiscal year aggregated within GICS group grouping.,"{'id': 'analyst15', 'name': 'Earnings forecasts'}","{'id': 'analyst', 'name': 'Analyst'}","{'id': 'analyst-analyst-estimates', 'name': 'Analyst Estimates'}",USA,1,TOP3000,MATRIX,1.0,34,80,1.2,[]
anl15_dps_gr_cal_fy3_pe,The weighted average price/earnings ratio based on EPS estimation for the calendarized 3 fiscal years aggregated within GICS group grouping.,"{'id': 'analyst15', 'name': 'Earnings forecasts'}","{'id': 'analyst', 'name': 'Analyst'}","{'id': 'analyst-analyst-estimates', 'name': 'Analyst Estimates'}",USA,1,TOP3000,MATRIX,1.0,37,229,1.2,[]
anl15_dps_gr_cal_fy3_st_dev,The weighted average standard deviation of dividend per share (DPS) estimation for the calendarized 3 fiscal years aggregated within GICS group grouping.,"{'id': 'analyst15', 'name': 'Earnings forecasts'}","{'id': 'analyst', 'name': 'Analyst'}","{'id': 'analyst-analyst-estimates', 'name': 'Analyst Estimates'}",USA,1,TOP3000,MATRIX,0.9992,43,83,1.2,[]
anl15_dps_gr_cal_fy3_total,The total of dividend per share (DPS) estimation for the calendarized 3 fiscal years aggregated within GICS group grouping.,"{'id': 'analyst15', 'name': 'Earnings forecasts'}","{'id': 'analyst', 'name': 'Analyst'}","{'id': 'analyst-analyst-estimates', 'name': 'Analyst Estimates'}",USA,1,TOP3000,MATRIX,1.0,28,80,1.2,[]
anl15_dps_gr_fy1_cos_dn,The number of companies for which Dividend Per Share (DPS) estimation for the calendarized 1 fiscal year has been lowered from last month within GICS group grouping.,"{'id': 'analyst15', 'name': 'Earnings forecasts'}","{'id': 'analyst', 'name': 'Analyst'}","{'id': 'analyst-analyst-estimates', 'name': 'Analyst Estimates'}",USA,1,TOP3000,MATRIX,1.0,29,215,1.2,[]
anl15_dps_gr_fy1_cos_up,The number of companies for which dividend per share (DPS) estimation for the calendarized 1 fiscal year has been raised from last month within GICS group grouping.,"{'id': 'analyst15', 'name': 'Earnings forecasts'}","{'id': 'analyst', 'name': 'Analyst'}","{'id': 'analyst-analyst-estimates', 'name': 'Analyst Estimates'}",USA,1,TOP3000,MATRIX,1.0,52,157,1.2,[]
anl15_dps_gr_fy1_ests_dn,"Count of unique IDs of industry participants. Industry stands for an aggregate view of all  equity clearance activity for the date, symbol, and transaction type in question.","{'id': 'analyst15', 'name': 'Earnings forecasts'}","{'id': 'analyst', 'name': 'Analyst'}","{'id': 'analyst-analyst-estimates', 'name': 'Analyst Estimates'}",USA,1,TOP3000,MATRIX,0.9843,47,119,1.2,[]
anl15_dps_gr_fy1_ests_up,"Count of unique IDs of industry participants. Industry stands for an aggregate view of all  equity clearance activity for the date, symbol, and transaction type in question.","{'id': 'analyst15', 'name': 'Earnings forecasts'}","{'id': 'analyst', 'name': 'Analyst'}","{'id': 'analyst-analyst-estimates', 'name': 'Analyst Estimates'}",USA,1,TOP3000,MATRIX,0.9994,18,54,1.2,[]
anl15_dps_gr_fy2_cos_dn,The number of companies for which dividend per share (DPS) estimation for the calendarized 2 fiscal years has been lowered from last month within GICS group grouping.,"{'id': 'analyst15', 'name': 'Earnings forecasts'}","{'id': 'analyst', 'name': 'Analyst'}","{'id': 'analyst-analyst-estimates', 'name': 'Analyst Estimates'}",USA,1,TOP3000,MATRIX,1.0,54,284,1.2,[]
anl15_dps_gr_fy2_cos_up,The number of companies for which dividend per share (DPS) estimation for the calendarized 2 fiscal year has been raised from last month within GICS group grouping.,"{'id': 'analyst15', 'name': 'Earnings forecasts'}","{'id': 'analyst', 'name': 'Analyst'}","{'id': 'analyst-analyst-estimates', 'name': 'Analyst Estimates'}",USA,1,TOP3000,MATRIX,1.0,71,1608,1.2,[]
anl15_dps_gr_fy2_ests_dn,"Count of unique IDs of industry participants. Industry stands for an aggregate view of all  equity clearance activity for the date, symbol, and transaction type in question.","{'id': 'analyst15', 'name': 'Earnings forecasts'}","{'id': 'analyst', 'name': 'Analyst'}","{'id': 'analyst-analyst-estimates', 'name': 'Analyst Estimates'}",USA,1,TOP3000,MATRIX,0.9878,41,78,1.2,[]
anl15_dps_gr_fy2_ests_up,"Count of unique IDs of industry participants. Industry stands for an aggregate view of all  equity clearance activity for the date, symbol, and transaction type in question.","{'id': 'analyst15', 'name': 'Earnings forecasts'}","{'id': 'analyst', 'name': 'Analyst'}","{'id': 'analyst-analyst-estimates', 'name': 'Analyst Estimates'}",USA,1,TOP3000,MATRIX,1.0,43,139,1.2,[]
anl15_dps_gr_fy3_cos_dn,The number of companies for which dividend per share (DPS) estimation for the calendarized 3 fiscal years has been lowered from last month within GICS group grouping.,"{'id': 'analyst15', 'name': 'Earnings forecasts'}","{'id': 'analyst', 'name': 'Analyst'}","{'id': 'analyst-analyst-estimates', 'name': 'Analyst Estimates'}",USA,1,TOP3000,MATRIX,0.9909,22,321,1.2,[]
anl15_dps_gr_fy3_cos_up,The number of companies for which dividend per share (DPS) estimation for the calendarized 3 fiscal years has been raised from last month within GICS group grouping.,"{'id': 'analyst15', 'name': 'Earnings forecasts'}","{'id': 'analyst', 'name': 'Analyst'}","{'id': 'analyst-analyst-estimates', 'name': 'Analyst Estimates'}",USA,1,TOP3000,MATRIX,0.9976,22,234,1.2,[]
anl15_dps_gr_fy3_ests_dn,"Count of unique IDs of industry participants. Industry stands for an aggregate view of all  equity clearance activity for the date, symbol, and transaction type in question.","{'id': 'analyst15', 'name': 'Earnings forecasts'}","{'id': 'analyst', 'name': 'Analyst'}","{'id': 'analyst-analyst-estimates', 'name': 'Analyst Estimates'}",USA,1,TOP3000,MATRIX,0.9524,18,29,1.2,[]
anl15_dps_gr_fy3_ests_up,"Count of unique IDs of industry participants. Industry stands for an aggregate view of all  equity clearance activity for the date, symbol, and transaction type in question.","{'id': 'analyst15', 'name': 'Earnings forecasts'}","{'id': 'analyst', 'name': 'Analyst'}","{'id': 'analyst-analyst-estimates', 'name': 'Analyst Estimates'}",USA,1,TOP3000,MATRIX,0.9736,24,49,1.2,[]
anl15_dps_ind_12_m_1m_chg,The weighted 1-month percent change of 12-month forward dividend per share (DPS) estimation aggregated within GICS industry grouping.,"{'id': 'analyst15', 'name': 'Earnings forecasts'}","{'id': 'analyst', 'name': 'Analyst'}","{'id': 'analyst-analyst-estimates', 'name': 'Analyst Estimates'}",USA,1,TOP3000,MATRIX,0.9509,21,83,1.2,[]
anl15_dps_ind_12_m_3m_chg,The weighted 3-month percent change of 12-month forward dividend per share (DPS) estimation aggregated within GICS industry grouping.,"{'id': 'analyst15', 'name': 'Earnings forecasts'}","{'id': 'analyst', 'name': 'Analyst'}","{'id': 'analyst-analyst-estimates', 'name': 'Analyst Estimates'}",USA,1,TOP3000,MATRIX,0.9582,36,67,1.2,[]
anl15_dps_ind_12_m_6m_chg,The weighted 6-month percent change of 12-month forward dividend per share (DPS) estimation aggregated within GICS industry grouping.,"{'id': 'analyst15', 'name': 'Earnings forecasts'}","{'id': 'analyst', 'name': 'Analyst'}","{'id': 'analyst-analyst-estimates', 'name': 'Analyst Estimates'}",USA,1,TOP3000,MATRIX,0.958,29,56,1.2,[]
anl15_dps_ind_12_m_cos,The number of companies with a 12-month forward mean dividend per share (DPS) estimation within GICS industry grouping.,"{'id': 'analyst15', 'name': 'Earnings forecasts'}","{'id': 'analyst', 'name': 'Analyst'}","{'id': 'analyst-analyst-estimates', 'name': 'Analyst Estimates'}",USA,1,TOP3000,MATRIX,0.9926,60,656,1.2,[]
anl15_dps_ind_12_m_cos_dn,The number of companies for which 12-month forward mean dividend per share (DPS) estimation has been lowered from last month within GICS industry grouping.,"{'id': 'analyst15', 'name': 'Earnings forecasts'}","{'id': 'analyst', 'name': 'Analyst'}","{'id': 'analyst-analyst-estimates', 'name': 'Analyst Estimates'}",USA,1,TOP3000,MATRIX,0.927,54,96,1.2,[]
anl15_dps_ind_12_m_cos_up,The number of companies for which 12-month forward mean dividend per share (DPS) estimation has been raised from last month within GICS industry grouping.,"{'id': 'analyst15', 'name': 'Earnings forecasts'}","{'id': 'analyst', 'name': 'Analyst'}","{'id': 'analyst-analyst-estimates', 'name': 'Analyst Estimates'}",USA,1,TOP3000,MATRIX,0.9305,29,58,1.2,[]
anl15_dps_ind_12_m_ests,The 12-month forward pro-rated total number of estimates within GICS industry grouping.,"{'id': 'analyst15', 'name': 'Earnings forecasts'}","{'id': 'analyst', 'name': 'Analyst'}","{'id': 'analyst-analyst-estimates', 'name': 'Analyst Estimates'}",USA,1,TOP3000,MATRIX,0.9918,171,2544,1.2,[]
anl15_dps_ind_12_m_ests_dn,"Count of unique IDs of industry participants. Industry stands for an aggregate view of all  equity clearance activity for the date, symbol, and transaction type in question.","{'id': 'analyst15', 'name': 'Earnings forecasts'}","{'id': 'analyst', 'name': 'Analyst'}","{'id': 'analyst-analyst-estimates', 'name': 'Analyst Estimates'}",USA,1,TOP3000,MATRIX,0.777,12,230,1.2,[]
anl15_dps_ind_12_m_ests_up,"Count of unique IDs of industry participants. Industry stands for an aggregate view of all  equity clearance activity for the date, symbol, and transaction type in question.","{'id': 'analyst15', 'name': 'Earnings forecasts'}","{'id': 'analyst', 'name': 'Analyst'}","{'id': 'analyst-analyst-estimates', 'name': 'Analyst Estimates'}",USA,1,TOP3000,MATRIX,0.8469,17,34,1.2,[]
anl15_dps_ind_12_m_gro,The weighted 12-month forward year-over-year growth of dividend per share (DPS) estimation aggregated within GICS industry grouping.,"{'id': 'analyst15', 'name': 'Earnings forecasts'}","{'id': 'analyst', 'name': 'Analyst'}","{'id': 'analyst-analyst-estimates', 'name': 'Analyst Estimates'}",USA,1,TOP3000,MATRIX,0.9584,25,65,1.2,[]
anl15_dps_ind_12_m_mean,The weighted average of 12-month forward dividend per share (DPS) estimation aggregated within GICS industry grouping.,"{'id': 'analyst15', 'name': 'Earnings forecasts'}","{'id': 'analyst', 'name': 'Analyst'}","{'id': 'analyst-analyst-estimates', 'name': 'Analyst Estimates'}",USA,1,TOP3000,MATRIX,0.9627,52,308,1.2,[]
anl15_dps_ind_12_m_pe,The weighted average price/earnings ratio based on 12-month forward EPS estimation aggregated within GICS industry grouping.,"{'id': 'analyst15', 'name': 'Earnings forecasts'}","{'id': 'analyst', 'name': 'Analyst'}","{'id': 'analyst-analyst-estimates', 'name': 'Analyst Estimates'}",USA,1,TOP3000,MATRIX,0.9627,44,82,1.2,[]
anl15_dps_ind_12_m_st_dev,The weighted average standard deviation of 12-month forward dividend per share (DPS) estimation aggregated within GICS industry grouping.,"{'id': 'analyst15', 'name': 'Earnings forecasts'}","{'id': 'analyst', 'name': 'Analyst'}","{'id': 'analyst-analyst-estimates', 'name': 'Analyst Estimates'}",USA,1,TOP3000,MATRIX,0.9531,27,39,1.2,[]
anl15_dps_ind_12_m_total,The total of 12-month forward dividend per share (DPS) estimation aggregated within GICS industry grouping.,"{'id': 'analyst15', 'name': 'Earnings forecasts'}","{'id': 'analyst', 'name': 'Analyst'}","{'id': 'analyst-analyst-estimates', 'name': 'Analyst Estimates'}",USA,1,TOP3000,MATRIX,0.9627,37,67,1.2,[]
anl15_dps_ind_12_m_tr_mean,The weighted average of 12-month trailing dividend per share (DPS) aggregated within GICS industry grouping.,"{'id': 'analyst15', 'name': 'Earnings forecasts'}","{'id': 'analyst', 'name': 'Analyst'}","{'id': 'analyst-analyst-estimates', 'name': 'Analyst Estimates'}",USA,1,TOP3000,MATRIX,0.9628,46,104,1.2,[]
anl15_dps_ind_18_m_1m_chg,The weighted 1-month percent change of 18-month forward dividend per share (DPS) estimation aggregated within GICS industry grouping.,"{'id': 'analyst15', 'name': 'Earnings forecasts'}","{'id': 'analyst', 'name': 'Analyst'}","{'id': 'analyst-analyst-estimates', 'name': 'Analyst Estimates'}",USA,1,TOP3000,MATRIX,0.9502,35,401,1.2,[]
anl15_dps_ind_18_m_3m_chg,The weighted 3 month percent change of 18 month forward dividend per share (DPS) estimation aggregated within GICS industry grouping.,"{'id': 'analyst15', 'name': 'Earnings forecasts'}","{'id': 'analyst', 'name': 'Analyst'}","{'id': 'analyst-analyst-estimates', 'name': 'Analyst Estimates'}",USA,1,TOP3000,MATRIX,0.9568,24,58,1.2,[]
anl15_dps_ind_18_m_6m_chg,The weighted 6-month percent change of 18-month forward dividend per share (DPS) estimation aggregated within GICS industry grouping.,"{'id': 'analyst15', 'name': 'Earnings forecasts'}","{'id': 'analyst', 'name': 'Analyst'}","{'id': 'analyst-analyst-estimates', 'name': 'Analyst Estimates'}",USA,1,TOP3000,MATRIX,0.9626,29,226,1.2,[]
anl15_dps_ind_18_m_cos,The number of companies with an 18-month forward mean dividend per share (DPS) estimation within GICS industry grouping.,"{'id': 'analyst15', 'name': 'Earnings forecasts'}","{'id': 'analyst', 'name': 'Analyst'}","{'id': 'analyst-analyst-estimates', 'name': 'Analyst Estimates'}",USA,1,TOP3000,MATRIX,0.9922,44,118,1.2,[]
anl15_dps_ind_18_m_cos_dn,The number of companies for which 18-month forward mean dividend per share (DPS) estimation has been lowered from last month within GICS industry grouping.,"{'id': 'analyst15', 'name': 'Earnings forecasts'}","{'id': 'analyst', 'name': 'Analyst'}","{'id': 'analyst-analyst-estimates', 'name': 'Analyst Estimates'}",USA,1,TOP3000,MATRIX,0.9243,22,41,1.2,[]
anl15_dps_ind_18_m_cos_up,The number of companies for which 18-month forward mean dividend per share (DPS) estimation has been raised from last month within GICS industry grouping.,"{'id': 'analyst15', 'name': 'Earnings forecasts'}","{'id': 'analyst', 'name': 'Analyst'}","{'id': 'analyst-analyst-estimates', 'name': 'Analyst Estimates'}",USA,1,TOP3000,MATRIX,0.9302,17,45,1.2,[]
anl15_dps_ind_18_m_ests,The 18-month forward pro-rated total number of estimates within GICS industry grouping.,"{'id': 'analyst15', 'name': 'Earnings forecasts'}","{'id': 'analyst', 'name': 'Analyst'}","{'id': 'analyst-analyst-estimates', 'name': 'Analyst Estimates'}",USA,1,TOP3000,MATRIX,0.9914,84,867,1.2,[]
anl15_dps_ind_18_m_ests_dn,"Count of unique IDs of industry participants. Industry stands for an aggregate view of all  equity clearance activity for the date, symbol, and transaction type in question.","{'id': 'analyst15', 'name': 'Earnings forecasts'}","{'id': 'analyst', 'name': 'Analyst'}","{'id': 'analyst-analyst-estimates', 'name': 'Analyst Estimates'}",USA,1,TOP3000,MATRIX,0.7679,21,31,1.2,[]
anl15_dps_ind_18_m_ests_up,"Count of unique IDs of industry participants. Industry stands for an aggregate view of all  equity clearance activity for the date, symbol, and transaction type in question.","{'id': 'analyst15', 'name': 'Earnings forecasts'}","{'id': 'analyst', 'name': 'Analyst'}","{'id': 'analyst-analyst-estimates', 'name': 'Analyst Estimates'}",USA,1,TOP3000,MATRIX,0.8362,22,177,1.2,[]
anl15_dps_ind_18_m_gro,The weighted 18-month forward year-over-year growth of dividend per share (DPS) estimation aggregated within GICS industry grouping.,"{'id': 'analyst15', 'name': 'Earnings forecasts'}","{'id': 'analyst', 'name': 'Analyst'}","{'id': 'analyst-analyst-estimates', 'name': 'Analyst Estimates'}",USA,1,TOP3000,MATRIX,0.9558,26,328,1.2,[]
anl15_dps_ind_18_m_mean,The weighted average of 18-month forward dividend per share (DPS) estimation aggregated within GICS industry grouping.,"{'id': 'analyst15', 'name': 'Earnings forecasts'}","{'id': 'analyst', 'name': 'Analyst'}","{'id': 'analyst-analyst-estimates', 'name': 'Analyst Estimates'}",USA,1,TOP3000,MATRIX,0.963,35,243,1.2,[]
anl15_dps_ind_18_m_pe,The weighted average price/earnings ratio based on 18-month forward EPS estimation aggregated within GICS industry grouping.,"{'id': 'analyst15', 'name': 'Earnings forecasts'}","{'id': 'analyst', 'name': 'Analyst'}","{'id': 'analyst-analyst-estimates', 'name': 'Analyst Estimates'}",USA,1,TOP3000,MATRIX,0.9631,22,253,1.2,[]
anl15_dps_ind_18_m_st_dev,The weighted average standard deviation of 18-month forward dividend per share (DPS) estimation aggregated within GICS industry grouping.,"{'id': 'analyst15', 'name': 'Earnings forecasts'}","{'id': 'analyst', 'name': 'Analyst'}","{'id': 'analyst-analyst-estimates', 'name': 'Analyst Estimates'}",USA,1,TOP3000,MATRIX,0.9542,32,50,1.2,[]
anl15_dps_ind_18_m_total,The total of 18-month forward dividend per share (DPS) estimation aggregated within GICS industry grouping.,"{'id': 'analyst15', 'name': 'Earnings forecasts'}","{'id': 'analyst', 'name': 'Analyst'}","{'id': 'analyst-analyst-estimates', 'name': 'Analyst Estimates'}",USA,1,TOP3000,MATRIX,0.9631,27,51,1.2,[]
anl15_dps_ind_cal_fy0_gro,The weighted year-over-year growth of dividend per share (DPS) estimation for the current calendarized fiscal year aggregated within GICS industry grouping.,"{'id': 'analyst15', 'name': 'Earnings forecasts'}","{'id': 'analyst', 'name': 'Analyst'}","{'id': 'analyst-analyst-estimates', 'name': 'Analyst Estimates'}",USA,1,TOP3000,MATRIX,0.9283,35,128,1.2,[]
anl15_dps_ind_cal_fy0_pe,The weighted average price/earnings ratio based on EPS estimation for the current calendarized fiscal year aggregated within GICS industry grouping.,"{'id': 'analyst15', 'name': 'Earnings forecasts'}","{'id': 'analyst', 'name': 'Analyst'}","{'id': 'analyst-analyst-estimates', 'name': 'Analyst Estimates'}",USA,1,TOP3000,MATRIX,0.9546,27,157,1.2,[]
anl15_dps_ind_cal_fy0_total,The total of dividend per share (DPS) estimation for the current calendarized fiscal year aggregated within GICS industry grouping.,"{'id': 'analyst15', 'name': 'Earnings forecasts'}","{'id': 'analyst', 'name': 'Analyst'}","{'id': 'analyst-analyst-estimates', 'name': 'Analyst Estimates'}",USA,1,TOP3000,MATRIX,0.9546,19,24,1.2,[]
anl15_dps_ind_cal_fy0_val,The weighted average of dividend per share(DPS) estimation for the current calendarized fiscal year aggregated within GICS industry grouping.,"{'id': 'analyst15', 'name': 'Earnings forecasts'}","{'id': 'analyst', 'name': 'Analyst'}","{'id': 'analyst-analyst-estimates', 'name': 'Analyst Estimates'}",USA,1,TOP3000,MATRIX,0.9546,25,70,1.2,[]
anl15_dps_ind_cal_fy1_1m_chg,The weighted 1-month percent change of dividend per share (DPS) estimation for the calendarized 1 fiscal year aggregated within GICS industry grouping.,"{'id': 'analyst15', 'name': 'Earnings forecasts'}","{'id': 'analyst', 'name': 'Analyst'}","{'id': 'analyst-analyst-estimates', 'name': 'Analyst Estimates'}",USA,1,TOP3000,MATRIX,0.9377,37,111,1.2,[]
anl15_dps_ind_cal_fy1_3m_chg,The weighted 3-month percent change of dividend per share (DPS) estimation for the calendarized 1 fiscal year aggregated within GICS industry grouping.,"{'id': 'analyst15', 'name': 'Earnings forecasts'}","{'id': 'analyst', 'name': 'Analyst'}","{'id': 'analyst-analyst-estimates', 'name': 'Analyst Estimates'}",USA,1,TOP3000,MATRIX,0.9466,46,80,1.2,[]
anl15_dps_ind_cal_fy1_6m_chg,The weighted 6-month percent change of dividend per share (DPS) estimation for the calendarized one fiscal year aggregated within GICS industry grouping.,"{'id': 'analyst15', 'name': 'Earnings forecasts'}","{'id': 'analyst', 'name': 'Analyst'}","{'id': 'analyst-analyst-estimates', 'name': 'Analyst Estimates'}",USA,1,TOP3000,MATRIX,0.9484,26,45,1.2,[]
anl15_dps_ind_cal_fy1_cos,The number of companies with a calendarized 1 fiscal year dividend per share (DPS) estimation within GICS industry grouping.,"{'id': 'analyst15', 'name': 'Earnings forecasts'}","{'id': 'analyst', 'name': 'Analyst'}","{'id': 'analyst-analyst-estimates', 'name': 'Analyst Estimates'}",USA,1,TOP3000,MATRIX,0.9934,63,176,1.2,[]
anl15_dps_ind_cal_fy1_ests,The total number of calendarized 1 fiscal year dividend per share (DPS) estimation within GICS industry grouping.,"{'id': 'analyst15', 'name': 'Earnings forecasts'}","{'id': 'analyst', 'name': 'Analyst'}","{'id': 'analyst-analyst-estimates', 'name': 'Analyst Estimates'}",USA,1,TOP3000,MATRIX,0.9928,26,42,1.2,[]
anl15_dps_ind_cal_fy1_gro,The weighted year-over-year growth of dividend per share (DPS) estimation for the calendarized 1 fiscal year aggregated within GICS industry grouping.,"{'id': 'analyst15', 'name': 'Earnings forecasts'}","{'id': 'analyst', 'name': 'Analyst'}","{'id': 'analyst-analyst-estimates', 'name': 'Analyst Estimates'}",USA,1,TOP3000,MATRIX,0.946,45,154,1.2,[]
anl15_dps_ind_cal_fy1_mean,The weighted average of dividend per share (DPS) estimation for the calendarized 1 fiscal year aggregated within GICS industry grouping.,"{'id': 'analyst15', 'name': 'Earnings forecasts'}","{'id': 'analyst', 'name': 'Analyst'}","{'id': 'analyst-analyst-estimates', 'name': 'Analyst Estimates'}",USA,1,TOP3000,MATRIX,0.9581,54,522,1.2,[]
anl15_dps_ind_cal_fy1_pe,The weighted average price/earnings ratio based on EPS estimation for the calendarized one fiscal year aggregated within GICS industry grouping.,"{'id': 'analyst15', 'name': 'Earnings forecasts'}","{'id': 'analyst', 'name': 'Analyst'}","{'id': 'analyst-analyst-estimates', 'name': 'Analyst Estimates'}",USA,1,TOP3000,MATRIX,0.9581,32,49,1.2,[]
anl15_dps_ind_cal_fy1_st_dev,The weighted average standard deviation of dividend per share (DPS) estimation for the calendarized 1 fiscal year aggregated within GICS industry grouping.,"{'id': 'analyst15', 'name': 'Earnings forecasts'}","{'id': 'analyst', 'name': 'Analyst'}","{'id': 'analyst-analyst-estimates', 'name': 'Analyst Estimates'}",USA,1,TOP3000,MATRIX,0.9428,12,77,1.2,[]
anl15_dps_ind_cal_fy1_total,The total of dividend per share (DPS) estimation for the calendarized 1 fiscal year aggregated within GICS industry grouping.,"{'id': 'analyst15', 'name': 'Earnings forecasts'}","{'id': 'analyst', 'name': 'Analyst'}","{'id': 'analyst-analyst-estimates', 'name': 'Analyst Estimates'}",USA,1,TOP3000,MATRIX,0.9581,24,172,1.2,[]
anl15_dps_ind_cal_fy2_1m_chg,The weighted 1 month percent change of dividend per share (DPS) estimation for the calendarized 2 fiscal year aggregated within GICS industry grouping.,"{'id': 'analyst15', 'name': 'Earnings forecasts'}","{'id': 'analyst', 'name': 'Analyst'}","{'id': 'analyst-analyst-estimates', 'name': 'Analyst Estimates'}",USA,1,TOP3000,MATRIX,0.947,27,101,1.2,[]
anl15_dps_ind_cal_fy2_3m_chg,The weighted 3-month percent change of dividend per share (DPS) estimation for the calendarized 2 fiscal years aggregated within GICS industry grouping.,"{'id': 'analyst15', 'name': 'Earnings forecasts'}","{'id': 'analyst', 'name': 'Analyst'}","{'id': 'analyst-analyst-estimates', 'name': 'Analyst Estimates'}",USA,1,TOP3000,MATRIX,0.9544,27,352,1.2,[]
anl15_dps_ind_cal_fy2_6m_chg,The weighted 6-month percent change of dividend per share (DPS) estimation for the calendarized 2 fiscal years aggregated within GICS industry grouping.,"{'id': 'analyst15', 'name': 'Earnings forecasts'}","{'id': 'analyst', 'name': 'Analyst'}","{'id': 'analyst-analyst-estimates', 'name': 'Analyst Estimates'}",USA,1,TOP3000,MATRIX,0.9535,41,114,1.2,[]
anl15_dps_ind_cal_fy2_cos,The number of companies with a calendarized 2 fiscal year dividend per share (DPS) estimation within GICS industry grouping.,"{'id': 'analyst15', 'name': 'Earnings forecasts'}","{'id': 'analyst', 'name': 'Analyst'}","{'id': 'analyst-analyst-estimates', 'name': 'Analyst Estimates'}",USA,1,TOP3000,MATRIX,0.993,69,524,1.2,[]
anl15_dps_ind_cal_fy2_ests,The total number of calendarized 2 fiscal year dividend per share (DPS) estimation within GICS industry grouping.,"{'id': 'analyst15', 'name': 'Earnings forecasts'}","{'id': 'analyst', 'name': 'Analyst'}","{'id': 'analyst-analyst-estimates', 'name': 'Analyst Estimates'}",USA,1,TOP3000,MATRIX,0.993,56,163,1.2,[]
anl15_dps_ind_cal_fy2_gro,The weighted year-over-year growth of dividend per share (DPS) estimation for the calendarized 2 fiscal years aggregated within GICS industry grouping.,"{'id': 'analyst15', 'name': 'Earnings forecasts'}","{'id': 'analyst', 'name': 'Analyst'}","{'id': 'analyst-analyst-estimates', 'name': 'Analyst Estimates'}",USA,1,TOP3000,MATRIX,0.9505,20,52,1.2,[]
anl15_dps_ind_cal_fy2_mean,The weighted average of dividend per share (DPS) estimation for the calendarized 2 fiscal year aggregated within GICS industry grouping.,"{'id': 'analyst15', 'name': 'Earnings forecasts'}","{'id': 'analyst', 'name': 'Analyst'}","{'id': 'analyst-analyst-estimates', 'name': 'Analyst Estimates'}",USA,1,TOP3000,MATRIX,0.9616,39,93,1.2,[]
anl15_dps_ind_cal_fy2_pe,The weighted average price/earnings ratio based on EPS estimation for the calendarized 2 fiscal years aggregated within GICS industry grouping.,"{'id': 'analyst15', 'name': 'Earnings forecasts'}","{'id': 'analyst', 'name': 'Analyst'}","{'id': 'analyst-analyst-estimates', 'name': 'Analyst Estimates'}",USA,1,TOP3000,MATRIX,0.9616,26,51,1.2,[]
anl15_dps_ind_cal_fy2_st_dev,The weighted average standard deviation of dividend per share (DPS) estimation for the calendarized 2 fiscal years aggregated within GICS industry grouping.,"{'id': 'analyst15', 'name': 'Earnings forecasts'}","{'id': 'analyst', 'name': 'Analyst'}","{'id': 'analyst-analyst-estimates', 'name': 'Analyst Estimates'}",USA,1,TOP3000,MATRIX,0.9512,48,335,1.2,[]
anl15_dps_ind_cal_fy2_total,The total of dividend per share (DPS) estimation for the calendarized 2 fiscal year aggregated within GICS industry grouping.,"{'id': 'analyst15', 'name': 'Earnings forecasts'}","{'id': 'analyst', 'name': 'Analyst'}","{'id': 'analyst-analyst-estimates', 'name': 'Analyst Estimates'}",USA,1,TOP3000,MATRIX,0.9616,28,75,1.2,[]
anl15_dps_ind_cal_fy3_1m_chg,The weighted 1-month percent change of dividend per share (DPS) estimation for the calendarized 3 fiscal years aggregated within GICS industry grouping.,"{'id': 'analyst15', 'name': 'Earnings forecasts'}","{'id': 'analyst', 'name': 'Analyst'}","{'id': 'analyst-analyst-estimates', 'name': 'Analyst Estimates'}",USA,1,TOP3000,MATRIX,0.9228,24,245,1.2,[]
anl15_dps_ind_cal_fy3_3m_chg,The weighted 3-month percent change of dividend per share (DPS) estimation for the calendarized 3 fiscal year aggregated within GICS industry grouping.,"{'id': 'analyst15', 'name': 'Earnings forecasts'}","{'id': 'analyst', 'name': 'Analyst'}","{'id': 'analyst-analyst-estimates', 'name': 'Analyst Estimates'}",USA,1,TOP3000,MATRIX,0.9276,16,260,1.2,[]
anl15_dps_ind_cal_fy3_6m_chg,The weighted 6-month percent change of dividend per share (DPS) estimation for the calendarized 3 fiscal years aggregated within GICS industry grouping.,"{'id': 'analyst15', 'name': 'Earnings forecasts'}","{'id': 'analyst', 'name': 'Analyst'}","{'id': 'analyst-analyst-estimates', 'name': 'Analyst Estimates'}",USA,1,TOP3000,MATRIX,0.9076,22,40,1.2,[]
anl15_dps_ind_cal_fy3_cos,The number of companies with a calendarized three fiscal year dividend per share (DPS) estimation within GICS industry grouping.,"{'id': 'analyst15', 'name': 'Earnings forecasts'}","{'id': 'analyst', 'name': 'Analyst'}","{'id': 'analyst-analyst-estimates', 'name': 'Analyst Estimates'}",USA,1,TOP3000,MATRIX,0.989,41,80,1.2,[]
anl15_dps_ind_cal_fy3_ests,The total number of calendarized 3 fiscal year dividend per share (DPS) estimation within GICS industry grouping.,"{'id': 'analyst15', 'name': 'Earnings forecasts'}","{'id': 'analyst', 'name': 'Analyst'}","{'id': 'analyst-analyst-estimates', 'name': 'Analyst Estimates'}",USA,1,TOP3000,MATRIX,0.989,44,748,1.2,[]
anl15_dps_ind_cal_fy3_gro,The weighted year-over-year growth of dividend per share (DPS) estimation for the calendarized 3 fiscal years aggregated within GICS industry grouping.,"{'id': 'analyst15', 'name': 'Earnings forecasts'}","{'id': 'analyst', 'name': 'Analyst'}","{'id': 'analyst-analyst-estimates', 'name': 'Analyst Estimates'}",USA,1,TOP3000,MATRIX,0.9481,26,68,1.2,[]
anl15_dps_ind_cal_fy3_mean,The weighted average of dividend per share (DPS) estimation for the calendarized 3 fiscal year aggregated within GICS industry grouping.,"{'id': 'analyst15', 'name': 'Earnings forecasts'}","{'id': 'analyst', 'name': 'Analyst'}","{'id': 'analyst-analyst-estimates', 'name': 'Analyst Estimates'}",USA,1,TOP3000,MATRIX,0.9593,26,369,1.2,[]
anl15_dps_ind_cal_fy3_pe,The weighted average price/earnings ratio based on EPS estimation for the calendarized 3 fiscal years aggregated within GICS industry grouping.,"{'id': 'analyst15', 'name': 'Earnings forecasts'}","{'id': 'analyst', 'name': 'Analyst'}","{'id': 'analyst-analyst-estimates', 'name': 'Analyst Estimates'}",USA,1,TOP3000,MATRIX,0.9593,37,287,1.2,[]
anl15_dps_ind_cal_fy3_st_dev,The weighted average standard deviation of dividend per share (DPS) estimation for the calendarized 3 fiscal years aggregated within GICS industry grouping.,"{'id': 'analyst15', 'name': 'Earnings forecasts'}","{'id': 'analyst', 'name': 'Analyst'}","{'id': 'analyst-analyst-estimates', 'name': 'Analyst Estimates'}",USA,1,TOP3000,MATRIX,0.9279,57,152,1.2,[]
anl15_dps_ind_cal_fy3_total,The total of dividend per share (DPS) estimation for the calendarized 3 fiscal years aggregated within GICS industry grouping.,"{'id': 'analyst15', 'name': 'Earnings forecasts'}","{'id': 'analyst', 'name': 'Analyst'}","{'id': 'analyst-analyst-estimates', 'name': 'Analyst Estimates'}",USA,1,TOP3000,MATRIX,0.9593,22,59,1.2,[]
anl15_dps_ind_fy1_cos_dn,The number of companies for which dividend per share (DPS) estimation for the calendarized 1 fiscal year has been lowered from last month within GICS industry grouping.,"{'id': 'analyst15', 'name': 'Earnings forecasts'}","{'id': 'analyst', 'name': 'Analyst'}","{'id': 'analyst-analyst-estimates', 'name': 'Analyst Estimates'}",USA,1,TOP3000,MATRIX,0.9047,55,116,1.2,[]
anl15_dps_ind_fy1_cos_up,The number of companies for which dividend per share (DPS) estimation for the calendarized 1 fiscal year has been raised from last month within GICS industry grouping.,"{'id': 'analyst15', 'name': 'Earnings forecasts'}","{'id': 'analyst', 'name': 'Analyst'}","{'id': 'analyst-analyst-estimates', 'name': 'Analyst Estimates'}",USA,1,TOP3000,MATRIX,0.9135,36,72,1.2,[]
anl15_dps_ind_fy1_ests_dn,"Count of unique IDs of industry participants. Industry stands for an aggregate view of all  equity clearance activity for the date, symbol, and transaction type in question.","{'id': 'analyst15', 'name': 'Earnings forecasts'}","{'id': 'analyst', 'name': 'Analyst'}","{'id': 'analyst-analyst-estimates', 'name': 'Analyst Estimates'}",USA,1,TOP3000,MATRIX,0.8588,21,83,1.2,[]
anl15_dps_ind_fy1_ests_up,"Count of unique IDs of industry participants. Industry stands for an aggregate view of all  equity clearance activity for the date, symbol, and transaction type in question.","{'id': 'analyst15', 'name': 'Earnings forecasts'}","{'id': 'analyst', 'name': 'Analyst'}","{'id': 'analyst-analyst-estimates', 'name': 'Analyst Estimates'}",USA,1,TOP3000,MATRIX,0.8871,23,58,1.2,[]
anl15_dps_ind_fy2_cos_dn,The number of companies for which dividend per share (DPS) estimation for the calendarized 2 fiscal year has been lowered from last month within GICS industry grouping.,"{'id': 'analyst15', 'name': 'Earnings forecasts'}","{'id': 'analyst', 'name': 'Analyst'}","{'id': 'analyst-analyst-estimates', 'name': 'Analyst Estimates'}",USA,1,TOP3000,MATRIX,0.92,38,151,1.2,[]
anl15_dps_ind_fy2_cos_up,The number of companies for which dividend per share (DPS) estimation for the calendarized 2 fiscal years has been raised from last month within GICS industry grouping.,"{'id': 'analyst15', 'name': 'Earnings forecasts'}","{'id': 'analyst', 'name': 'Analyst'}","{'id': 'analyst-analyst-estimates', 'name': 'Analyst Estimates'}",USA,1,TOP3000,MATRIX,0.9252,24,61,1.2,[]
anl15_dps_ind_fy2_ests_dn,"Count of unique IDs of industry participants. Industry stands for an aggregate view of all  equity clearance activity for the date, symbol, and transaction type in question.","{'id': 'analyst15', 'name': 'Earnings forecasts'}","{'id': 'analyst', 'name': 'Analyst'}","{'id': 'analyst-analyst-estimates', 'name': 'Analyst Estimates'}",USA,1,TOP3000,MATRIX,0.8742,40,182,1.2,[]
anl15_dps_ind_fy2_ests_up,"Count of unique IDs of industry participants. Industry stands for an aggregate view of all  equity clearance activity for the date, symbol, and transaction type in question.","{'id': 'analyst15', 'name': 'Earnings forecasts'}","{'id': 'analyst', 'name': 'Analyst'}","{'id': 'analyst-analyst-estimates', 'name': 'Analyst Estimates'}",USA,1,TOP3000,MATRIX,0.9,18,26,1.2,[]
anl15_dps_ind_fy3_cos_dn,The number of companies for which dividend per share (DPS) estimation for the calendarized 3 fiscal years has been lowered from last month within GICS industry grouping.,"{'id': 'analyst15', 'name': 'Earnings forecasts'}","{'id': 'analyst', 'name': 'Analyst'}","{'id': 'analyst-analyst-estimates', 'name': 'Analyst Estimates'}",USA,1,TOP3000,MATRIX,0.883,27,67,1.2,[]
anl15_dps_ind_fy3_cos_up,The number of companies for which dividend per share (DPS) estimation for the calendarized 3 fiscal year has been raised from last month within GICS industry grouping.,"{'id': 'analyst15', 'name': 'Earnings forecasts'}","{'id': 'analyst', 'name': 'Analyst'}","{'id': 'analyst-analyst-estimates', 'name': 'Analyst Estimates'}",USA,1,TOP3000,MATRIX,0.8941,38,341,1.2,[]
anl15_dps_ind_fy3_ests_dn,"Count of unique IDs of industry participants. Industry stands for an aggregate view of all  equity clearance activity for the date, symbol, and transaction type in question.","{'id': 'analyst15', 'name': 'Earnings forecasts'}","{'id': 'analyst', 'name': 'Analyst'}","{'id': 'analyst-analyst-estimates', 'name': 'Analyst Estimates'}",USA,1,TOP3000,MATRIX,0.8137,11,33,1.2,[]
anl15_dps_ind_fy3_ests_up,"Count of unique IDs of industry participants. Industry stands for an aggregate view of all  equity clearance activity for the date, symbol, and transaction type in question.","{'id': 'analyst15', 'name': 'Earnings forecasts'}","{'id': 'analyst', 'name': 'Analyst'}","{'id': 'analyst-analyst-estimates', 'name': 'Analyst Estimates'}",USA,1,TOP3000,MATRIX,0.8471,17,134,1.2,[]
anl15_dps_s_12_m_1m_chg,The weighted 1-month percent change of 12-month forward dividend per share (DPS) estimation aggregated within GICS sector grouping.,"{'id': 'analyst15', 'name': 'Earnings forecasts'}","{'id': 'analyst', 'name': 'Analyst'}","{'id': 'analyst-analyst-estimates', 'name': 'Analyst Estimates'}",USA,1,TOP3000,MATRIX,1.0,30,324,1.2,[]
anl15_dps_s_12_m_3m_chg,The weighted 3-month percent change of 12-month forward dividend per share (DPS) estimation aggregated within GICS sector grouping.,"{'id': 'analyst15', 'name': 'Earnings forecasts'}","{'id': 'analyst', 'name': 'Analyst'}","{'id': 'analyst-analyst-estimates', 'name': 'Analyst Estimates'}",USA,1,TOP3000,MATRIX,1.0,28,38,1.2,[]
anl15_dps_s_12_m_6m_chg,The weighted 6-month percent change of 12-month forward dividend per share (DPS) estimation aggregated within GICS sector grouping.,"{'id': 'analyst15', 'name': 'Earnings forecasts'}","{'id': 'analyst', 'name': 'Analyst'}","{'id': 'analyst-analyst-estimates', 'name': 'Analyst Estimates'}",USA,1,TOP3000,MATRIX,1.0,39,440,1.2,[]
anl15_dps_s_12_m_cos,The number of companies with a 12-month forward mean dividend per share (DPS) estimation within GICS sector grouping.,"{'id': 'analyst15', 'name': 'Earnings forecasts'}","{'id': 'analyst', 'name': 'Analyst'}","{'id': 'analyst-analyst-estimates', 'name': 'Analyst Estimates'}",USA,1,TOP3000,MATRIX,1.0,44,80,1.2,[]
anl15_dps_s_12_m_cos_dn,The number of companies for which 12-month forward mean dividend per share (DPS) estimation has been lowered from last month within GICS sector grouping.,"{'id': 'analyst15', 'name': 'Earnings forecasts'}","{'id': 'analyst', 'name': 'Analyst'}","{'id': 'analyst-analyst-estimates', 'name': 'Analyst Estimates'}",USA,1,TOP3000,MATRIX,1.0,65,136,1.2,[]
anl15_dps_s_12_m_cos_up,The number of companies for which 12-month forward mean dividend per share (DPS) estimation has been raised from last month within GICS sector grouping.,"{'id': 'analyst15', 'name': 'Earnings forecasts'}","{'id': 'analyst', 'name': 'Analyst'}","{'id': 'analyst-analyst-estimates', 'name': 'Analyst Estimates'}",USA,1,TOP3000,MATRIX,1.0,59,102,1.2,[]
anl15_dps_s_12_m_ests,The 12-month forward pro-rated total number of estimates within GICS sector grouping.,"{'id': 'analyst15', 'name': 'Earnings forecasts'}","{'id': 'analyst', 'name': 'Analyst'}","{'id': 'analyst-analyst-estimates', 'name': 'Analyst Estimates'}",USA,1,TOP3000,MATRIX,1.0,65,1087,1.2,[]
anl15_dps_s_12_m_ests_dn,"Count of unique IDs of industry participants. Industry stands for an aggregate view of all  equity clearance activity for the date, symbol, and transaction type in question.","{'id': 'analyst15', 'name': 'Earnings forecasts'}","{'id': 'analyst', 'name': 'Analyst'}","{'id': 'analyst-analyst-estimates', 'name': 'Analyst Estimates'}",USA,1,TOP3000,MATRIX,0.9628,81,755,1.2,[]
anl15_dps_s_12_m_ests_up,"Count of unique IDs of industry participants. Industry stands for an aggregate view of all  equity clearance activity for the date, symbol, and transaction type in question.","{'id': 'analyst15', 'name': 'Earnings forecasts'}","{'id': 'analyst', 'name': 'Analyst'}","{'id': 'analyst-analyst-estimates', 'name': 'Analyst Estimates'}",USA,1,TOP3000,MATRIX,1.0,38,413,1.2,[]
anl15_dps_s_12_m_gro,The weighted 12-month forward year-over-year growth of dividend per share (DPS) estimation aggregated within GICS sector grouping.,"{'id': 'analyst15', 'name': 'Earnings forecasts'}","{'id': 'analyst', 'name': 'Analyst'}","{'id': 'analyst-analyst-estimates', 'name': 'Analyst Estimates'}",USA,1,TOP3000,MATRIX,1.0,39,90,1.2,[]
anl15_dps_s_12_m_mean,The weighted average of 12-month forward dividend per share (DPS) estimation aggregated within GICS sector grouping.,"{'id': 'analyst15', 'name': 'Earnings forecasts'}","{'id': 'analyst', 'name': 'Analyst'}","{'id': 'analyst-analyst-estimates', 'name': 'Analyst Estimates'}",USA,1,TOP3000,MATRIX,1.0,43,262,1.2,[]
anl15_dps_s_12_m_pe,The weighted average price/earnings ratio based on 12-month forward EPS estimation aggregated within GICS sector grouping.,"{'id': 'analyst15', 'name': 'Earnings forecasts'}","{'id': 'analyst', 'name': 'Analyst'}","{'id': 'analyst-analyst-estimates', 'name': 'Analyst Estimates'}",USA,1,TOP3000,MATRIX,1.0,43,83,1.2,[]
anl15_dps_s_12_m_st_dev,The weighted average standard deviation of 12-month forward dividend per share (DPS) estimation aggregated within GICS sector grouping.,"{'id': 'analyst15', 'name': 'Earnings forecasts'}","{'id': 'analyst', 'name': 'Analyst'}","{'id': 'analyst-analyst-estimates', 'name': 'Analyst Estimates'}",USA,1,TOP3000,MATRIX,1.0,21,156,1.2,[]
anl15_dps_s_12_m_total,The total of 12-month forward dividend per share (DPS) estimation aggregated within GICS sector grouping.,"{'id': 'analyst15', 'name': 'Earnings forecasts'}","{'id': 'analyst', 'name': 'Analyst'}","{'id': 'analyst-analyst-estimates', 'name': 'Analyst Estimates'}",USA,1,TOP3000,MATRIX,1.0,57,135,1.2,[]
anl15_dps_s_12_m_tr_mean,The weighted average of 12-month trailing dividend per share (DPS) aggregated within GICS sector grouping.,"{'id': 'analyst15', 'name': 'Earnings forecasts'}","{'id': 'analyst', 'name': 'Analyst'}","{'id': 'analyst-analyst-estimates', 'name': 'Analyst Estimates'}",USA,1,TOP3000,MATRIX,1.0,42,72,1.2,[]
anl15_dps_s_18_m_1m_chg,The weighted 1-month percent change of 18-month forward dividend per share (DPS) estimation aggregated within GICS sector grouping.,"{'id': 'analyst15', 'name': 'Earnings forecasts'}","{'id': 'analyst', 'name': 'Analyst'}","{'id': 'analyst-analyst-estimates', 'name': 'Analyst Estimates'}",USA,1,TOP3000,MATRIX,1.0,23,64,1.2,[]
anl15_dps_s_18_m_3m_chg,The weighted 3-month percent change of 18-month forward dividend per share (DPS) estimation aggregated within GICS sector grouping.,"{'id': 'analyst15', 'name': 'Earnings forecasts'}","{'id': 'analyst', 'name': 'Analyst'}","{'id': 'analyst-analyst-estimates', 'name': 'Analyst Estimates'}",USA,1,TOP3000,MATRIX,1.0,36,86,1.2,[]
anl15_dps_s_18_m_6m_chg,The weighted 6-month percent change of 18-month forward dividend per share (DPS) estimation aggregated within GICS sector grouping.,"{'id': 'analyst15', 'name': 'Earnings forecasts'}","{'id': 'analyst', 'name': 'Analyst'}","{'id': 'analyst-analyst-estimates', 'name': 'Analyst Estimates'}",USA,1,TOP3000,MATRIX,1.0,42,82,1.2,[]
anl15_dps_s_18_m_cos,The number of companies with an 18-month forward mean dividend per share (DPS) estimation within GICS sector grouping.,"{'id': 'analyst15', 'name': 'Earnings forecasts'}","{'id': 'analyst', 'name': 'Analyst'}","{'id': 'analyst-analyst-estimates', 'name': 'Analyst Estimates'}",USA,1,TOP3000,MATRIX,1.0,68,169,1.2,[]
anl15_dps_s_18_m_cos_dn,The number of companies for which 18-month forward mean dividend per share (DPS) estimation has been lowered from last month within GICS sector grouping.,"{'id': 'analyst15', 'name': 'Earnings forecasts'}","{'id': 'analyst', 'name': 'Analyst'}","{'id': 'analyst-analyst-estimates', 'name': 'Analyst Estimates'}",USA,1,TOP3000,MATRIX,1.0,36,75,1.2,[]
anl15_dps_s_18_m_cos_up,The number of companies for which 18-month forward mean dividend per share (DPS) estimation has been raised from last month within GICS sector grouping.,"{'id': 'analyst15', 'name': 'Earnings forecasts'}","{'id': 'analyst', 'name': 'Analyst'}","{'id': 'analyst-analyst-estimates', 'name': 'Analyst Estimates'}",USA,1,TOP3000,MATRIX,1.0,23,38,1.2,[]
anl15_dps_s_18_m_ests,The 18-month forward pro-rated total number of estimates within GICS sector grouping.,"{'id': 'analyst15', 'name': 'Earnings forecasts'}","{'id': 'analyst', 'name': 'Analyst'}","{'id': 'analyst-analyst-estimates', 'name': 'Analyst Estimates'}",USA,1,TOP3000,MATRIX,1.0,30,205,1.2,[]
anl15_dps_s_18_m_ests_dn,"Count of unique IDs of industry participants. Industry stands for an aggregate view of all  equity clearance activity for the date, symbol, and transaction type in question.","{'id': 'analyst15', 'name': 'Earnings forecasts'}","{'id': 'analyst', 'name': 'Analyst'}","{'id': 'analyst-analyst-estimates', 'name': 'Analyst Estimates'}",USA,1,TOP3000,MATRIX,0.9481,60,306,1.2,[]
anl15_dps_s_18_m_ests_up,"Count of unique IDs of industry participants. Industry stands for an aggregate view of all  equity clearance activity for the date, symbol, and transaction type in question.","{'id': 'analyst15', 'name': 'Earnings forecasts'}","{'id': 'analyst', 'name': 'Analyst'}","{'id': 'analyst-analyst-estimates', 'name': 'Analyst Estimates'}",USA,1,TOP3000,MATRIX,0.9977,51,380,1.2,[]
anl15_dps_s_18_m_gro,The weighted 18-month forward year-over-year growth of dividend per share (DPS) estimation aggregated within GICS sector grouping.,"{'id': 'analyst15', 'name': 'Earnings forecasts'}","{'id': 'analyst', 'name': 'Analyst'}","{'id': 'analyst-analyst-estimates', 'name': 'Analyst Estimates'}",USA,1,TOP3000,MATRIX,1.0,35,58,1.2,[]
anl15_dps_s_18_m_mean,The weighted average of 18-month forward dividend per share (DPS) estimation aggregated within GICS sector grouping.,"{'id': 'analyst15', 'name': 'Earnings forecasts'}","{'id': 'analyst', 'name': 'Analyst'}","{'id': 'analyst-analyst-estimates', 'name': 'Analyst Estimates'}",USA,1,TOP3000,MATRIX,1.0,30,333,1.2,[]
anl15_dps_s_18_m_pe,The weighted average price/earnings ratio based on 18-month forward EPS estimation aggregated within GICS sector grouping.,"{'id': 'analyst15', 'name': 'Earnings forecasts'}","{'id': 'analyst', 'name': 'Analyst'}","{'id': 'analyst-analyst-estimates', 'name': 'Analyst Estimates'}",USA,1,TOP3000,MATRIX,1.0,37,88,1.2,[]
anl15_dps_s_18_m_st_dev,The weighted average standard deviation of 18-month forward dividend per share (DPS) estimation aggregated within GICS sector grouping.,"{'id': 'analyst15', 'name': 'Earnings forecasts'}","{'id': 'analyst', 'name': 'Analyst'}","{'id': 'analyst-analyst-estimates', 'name': 'Analyst Estimates'}",USA,1,TOP3000,MATRIX,1.0,39,288,1.2,[]
anl15_dps_s_18_m_total,The total of 18-month forward dividend per share (DPS) estimation aggregated within GICS sector grouping.,"{'id': 'analyst15', 'name': 'Earnings forecasts'}","{'id': 'analyst', 'name': 'Analyst'}","{'id': 'analyst-analyst-estimates', 'name': 'Analyst Estimates'}",USA,1,TOP3000,MATRIX,1.0,14,211,1.2,[]
anl15_dps_s_cal_fy0_gro,The weighted year-over-year growth of dividend per share (DPS) estimation for the current calendarized fiscal year aggregated within GICS sector grouping.,"{'id': 'analyst15', 'name': 'Earnings forecasts'}","{'id': 'analyst', 'name': 'Analyst'}","{'id': 'analyst-analyst-estimates', 'name': 'Analyst Estimates'}",USA,1,TOP3000,MATRIX,1.0,50,171,1.2,[]
anl15_dps_s_cal_fy0_pe,The weighted average price/earnings ratio based on EPS estimation for the current calendarized fiscal year aggregated within GICS sector grouping.,"{'id': 'analyst15', 'name': 'Earnings forecasts'}","{'id': 'analyst', 'name': 'Analyst'}","{'id': 'analyst-analyst-estimates', 'name': 'Analyst Estimates'}",USA,1,TOP3000,MATRIX,1.0,27,167,1.2,[]
anl15_dps_s_cal_fy0_total,The total of dividend per share (DPS) estimation for the current calendarized fiscal year aggregated within GICS sector grouping.,"{'id': 'analyst15', 'name': 'Earnings forecasts'}","{'id': 'analyst', 'name': 'Analyst'}","{'id': 'analyst-analyst-estimates', 'name': 'Analyst Estimates'}",USA,1,TOP3000,MATRIX,1.0,55,159,1.2,[]
anl15_dps_s_cal_fy0_val,The weighted average of dividend per share (DPS) estimation for the current calendarized fiscal year aggregated within GICS sector grouping.,"{'id': 'analyst15', 'name': 'Earnings forecasts'}","{'id': 'analyst', 'name': 'Analyst'}","{'id': 'analyst-analyst-estimates', 'name': 'Analyst Estimates'}",USA,1,TOP3000,MATRIX,1.0,52,383,1.2,[]
anl15_dps_s_cal_fy1_1m_chg,The weighted 1-month percent change of dividend per share (DPS) estimation for the calendarized 1 fiscal year aggregated within GICS sector grouping.,"{'id': 'analyst15', 'name': 'Earnings forecasts'}","{'id': 'analyst', 'name': 'Analyst'}","{'id': 'analyst-analyst-estimates', 'name': 'Analyst Estimates'}",USA,1,TOP3000,MATRIX,1.0,42,64,1.2,[]
anl15_dps_s_cal_fy1_3m_chg,The weighted 3-month percent change of dividend per share (DPS) estimation for the calendarized 1 fiscal year aggregated within GICS sector grouping.,"{'id': 'analyst15', 'name': 'Earnings forecasts'}","{'id': 'analyst', 'name': 'Analyst'}","{'id': 'analyst-analyst-estimates', 'name': 'Analyst Estimates'}",USA,1,TOP3000,MATRIX,1.0,23,48,1.2,[]
anl15_dps_s_cal_fy1_6m_chg,The weighted 6 month percent change of dividend per share (DPS) estimation for the calendarized 1 fiscal year aggregated within GICS sector grouping.,"{'id': 'analyst15', 'name': 'Earnings forecasts'}","{'id': 'analyst', 'name': 'Analyst'}","{'id': 'analyst-analyst-estimates', 'name': 'Analyst Estimates'}",USA,1,TOP3000,MATRIX,1.0,49,467,1.2,[]
anl15_dps_s_cal_fy1_cos,The number of companies with a calendarized 1 fiscal year dividend per share (DPS) estimation within GICS sector grouping.,"{'id': 'analyst15', 'name': 'Earnings forecasts'}","{'id': 'analyst', 'name': 'Analyst'}","{'id': 'analyst-analyst-estimates', 'name': 'Analyst Estimates'}",USA,1,TOP3000,MATRIX,1.0,34,270,1.2,[]
anl15_dps_s_cal_fy1_ests,The total number of calendarized 1-fiscal-year dividend per share (DPS) estimation within GICS sector grouping.,"{'id': 'analyst15', 'name': 'Earnings forecasts'}","{'id': 'analyst', 'name': 'Analyst'}","{'id': 'analyst-analyst-estimates', 'name': 'Analyst Estimates'}",USA,1,TOP3000,MATRIX,1.0,21,41,1.2,[]
anl15_dps_s_cal_fy1_gro,The weighted year-over-year growth of dividend per share (DPS) estimation for the calendarized 1 fiscal year aggregated within GICS sector grouping.,"{'id': 'analyst15', 'name': 'Earnings forecasts'}","{'id': 'analyst', 'name': 'Analyst'}","{'id': 'analyst-analyst-estimates', 'name': 'Analyst Estimates'}",USA,1,TOP3000,MATRIX,1.0,48,276,1.2,[]
anl15_dps_s_cal_fy1_mean,The weighted average of dividend per share (DPS) estimation for the calendarized 1 fiscal year aggregated within GICS sector grouping.,"{'id': 'analyst15', 'name': 'Earnings forecasts'}","{'id': 'analyst', 'name': 'Analyst'}","{'id': 'analyst-analyst-estimates', 'name': 'Analyst Estimates'}",USA,1,TOP3000,MATRIX,1.0,35,70,1.2,[]
anl15_dps_s_cal_fy1_pe,The weighted average price/earnings ratio based on EPS estimation for the calendarized 1 fiscal year aggregated within GICS sector grouping.,"{'id': 'analyst15', 'name': 'Earnings forecasts'}","{'id': 'analyst', 'name': 'Analyst'}","{'id': 'analyst-analyst-estimates', 'name': 'Analyst Estimates'}",USA,1,TOP3000,MATRIX,1.0,36,83,1.2,[]
anl15_dps_s_cal_fy1_st_dev,The weighted average standard deviation of dividend per share (DPS) estimation for the calendarized 1 fiscal year aggregated within GICS sector grouping.,"{'id': 'analyst15', 'name': 'Earnings forecasts'}","{'id': 'analyst', 'name': 'Analyst'}","{'id': 'analyst-analyst-estimates', 'name': 'Analyst Estimates'}",USA,1,TOP3000,MATRIX,1.0,46,270,1.2,[]
anl15_dps_s_cal_fy1_total,The total of dividend per share (DPS) estimation for the calendarized 1 fiscal year aggregated within GICS sector grouping.,"{'id': 'analyst15', 'name': 'Earnings forecasts'}","{'id': 'analyst', 'name': 'Analyst'}","{'id': 'analyst-analyst-estimates', 'name': 'Analyst Estimates'}",USA,1,TOP3000,MATRIX,1.0,29,61,1.2,[]
anl15_dps_s_cal_fy2_1m_chg,The weighted 1-month percent change of dividend per share (DPS) estimation for the calendarized 2 fiscal year aggregated within GICS sector grouping.,"{'id': 'analyst15', 'name': 'Earnings forecasts'}","{'id': 'analyst', 'name': 'Analyst'}","{'id': 'analyst-analyst-estimates', 'name': 'Analyst Estimates'}",USA,1,TOP3000,MATRIX,1.0,30,57,1.2,[]
anl15_dps_s_cal_fy2_3m_chg,The weighted 3-month percent change of dividend per share (DPS) estimation for the calendarized 2 fiscal year aggregated within GICS sector grouping.,"{'id': 'analyst15', 'name': 'Earnings forecasts'}","{'id': 'analyst', 'name': 'Analyst'}","{'id': 'analyst-analyst-estimates', 'name': 'Analyst Estimates'}",USA,1,TOP3000,MATRIX,1.0,31,47,1.2,[]
anl15_dps_s_cal_fy2_6m_chg,The weighted 6-month percent change of dividend per share (DPS) estimation for the calendarized 2 fiscal years aggregated within GICS sector grouping.,"{'id': 'analyst15', 'name': 'Earnings forecasts'}","{'id': 'analyst', 'name': 'Analyst'}","{'id': 'analyst-analyst-estimates', 'name': 'Analyst Estimates'}",USA,1,TOP3000,MATRIX,1.0,52,156,1.2,[]
anl15_dps_s_cal_fy2_cos,The number of companies with a calendarized 2 fiscal year dividend per share (DPS) estimation within GICS sector grouping.,"{'id': 'analyst15', 'name': 'Earnings forecasts'}","{'id': 'analyst', 'name': 'Analyst'}","{'id': 'analyst-analyst-estimates', 'name': 'Analyst Estimates'}",USA,1,TOP3000,MATRIX,1.0,66,173,1.2,[]
anl15_dps_s_cal_fy2_ests,The total number of calendarized 2 fiscal year dividend per share (DPS) estimation within GICS sector grouping.,"{'id': 'analyst15', 'name': 'Earnings forecasts'}","{'id': 'analyst', 'name': 'Analyst'}","{'id': 'analyst-analyst-estimates', 'name': 'Analyst Estimates'}",USA,1,TOP3000,MATRIX,1.0,33,216,1.2,[]
anl15_dps_s_cal_fy2_gro,The weighted year-over-year growth of dividend per share (DPS) estimation for the calendarized 2 fiscal years aggregated within GICS sector grouping.,"{'id': 'analyst15', 'name': 'Earnings forecasts'}","{'id': 'analyst', 'name': 'Analyst'}","{'id': 'analyst-analyst-estimates', 'name': 'Analyst Estimates'}",USA,1,TOP3000,MATRIX,1.0,26,43,1.2,[]
anl15_dps_s_cal_fy2_mean,The weighted average of dividend per share (DPS) estimation for the calendarized 2 fiscal years aggregated within GICS sector grouping.,"{'id': 'analyst15', 'name': 'Earnings forecasts'}","{'id': 'analyst', 'name': 'Analyst'}","{'id': 'analyst-analyst-estimates', 'name': 'Analyst Estimates'}",USA,1,TOP3000,MATRIX,1.0,29,182,1.2,[]
anl15_dps_s_cal_fy2_pe,The weighted average price/earnings ratio based on EPS estimation for the calendarized 2 fiscal years aggregated within GICS sector grouping.,"{'id': 'analyst15', 'name': 'Earnings forecasts'}","{'id': 'analyst', 'name': 'Analyst'}","{'id': 'analyst-analyst-estimates', 'name': 'Analyst Estimates'}",USA,1,TOP3000,MATRIX,1.0,38,151,1.2,[]
anl15_dps_s_cal_fy2_st_dev,The weighted average standard deviation of dividend per share (DPS) estimation for the calendarized 2 fiscal year aggregated within GICS sector grouping.,"{'id': 'analyst15', 'name': 'Earnings forecasts'}","{'id': 'analyst', 'name': 'Analyst'}","{'id': 'analyst-analyst-estimates', 'name': 'Analyst Estimates'}",USA,1,TOP3000,MATRIX,1.0,28,47,1.2,[]
anl15_dps_s_cal_fy2_total,The total of dividend per share (DPS) estimation for the calendarized 2 fiscal years aggregated within GICS sector grouping.,"{'id': 'analyst15', 'name': 'Earnings forecasts'}","{'id': 'analyst', 'name': 'Analyst'}","{'id': 'analyst-analyst-estimates', 'name': 'Analyst Estimates'}",USA,1,TOP3000,MATRIX,1.0,29,42,1.2,[]
anl15_dps_s_cal_fy3_1m_chg,The weighted 1-month percent change of dividend per share (DPS) estimation for the calendarized 3 fiscal year aggregated within GICS sector grouping.,"{'id': 'analyst15', 'name': 'Earnings forecasts'}","{'id': 'analyst', 'name': 'Analyst'}","{'id': 'analyst-analyst-estimates', 'name': 'Analyst Estimates'}",USA,1,TOP3000,MATRIX,1.0,33,72,1.2,[]
anl15_dps_s_cal_fy3_3m_chg,The weighted 3-month percent change of dividend per share (DPS) estimation for the calendarized 3 fiscal years aggregated within GICS sector grouping.,"{'id': 'analyst15', 'name': 'Earnings forecasts'}","{'id': 'analyst', 'name': 'Analyst'}","{'id': 'analyst-analyst-estimates', 'name': 'Analyst Estimates'}",USA,1,TOP3000,MATRIX,1.0,35,116,1.2,[]
anl15_dps_s_cal_fy3_6m_chg,The weighted 6-month percent change of dividend per share (DPS) estimation for the calendarized 3 fiscal years aggregated within GICS sector grouping.,"{'id': 'analyst15', 'name': 'Earnings forecasts'}","{'id': 'analyst', 'name': 'Analyst'}","{'id': 'analyst-analyst-estimates', 'name': 'Analyst Estimates'}",USA,1,TOP3000,MATRIX,1.0,17,38,1.2,[]
anl15_dps_s_cal_fy3_cos,The number of companies with a calendarized 3 fiscal years dividend per share (DPS) estimation within GICS sector grouping.,"{'id': 'analyst15', 'name': 'Earnings forecasts'}","{'id': 'analyst', 'name': 'Analyst'}","{'id': 'analyst-analyst-estimates', 'name': 'Analyst Estimates'}",USA,1,TOP3000,MATRIX,1.0,70,270,1.2,[]
anl15_dps_s_cal_fy3_ests,The total number of calendarized 3 fiscal year dividend per share (DPS) estimation within GICS sector grouping.,"{'id': 'analyst15', 'name': 'Earnings forecasts'}","{'id': 'analyst', 'name': 'Analyst'}","{'id': 'analyst-analyst-estimates', 'name': 'Analyst Estimates'}",USA,1,TOP3000,MATRIX,1.0,30,74,1.2,[]
anl15_dps_s_cal_fy3_gro,The weighted year-over-year growth of dividend per share (DPS) estimation for the calendarized 3 fiscal years aggregated within GICS sector grouping.,"{'id': 'analyst15', 'name': 'Earnings forecasts'}","{'id': 'analyst', 'name': 'Analyst'}","{'id': 'analyst-analyst-estimates', 'name': 'Analyst Estimates'}",USA,1,TOP3000,MATRIX,1.0,36,82,1.2,[]
anl15_dps_s_cal_fy3_mean,The weighted average of dividend per share (DPS) estimation for the calendarized 3 fiscal years aggregated within GICS sector grouping.,"{'id': 'analyst15', 'name': 'Earnings forecasts'}","{'id': 'analyst', 'name': 'Analyst'}","{'id': 'analyst-analyst-estimates', 'name': 'Analyst Estimates'}",USA,1,TOP3000,MATRIX,1.0,27,85,1.2,[]
anl15_dps_s_cal_fy3_pe,The weighted average price/earnings ratio based on EPS estimation for the calendarized 3 fiscal years aggregated within GICS sector grouping.,"{'id': 'analyst15', 'name': 'Earnings forecasts'}","{'id': 'analyst', 'name': 'Analyst'}","{'id': 'analyst-analyst-estimates', 'name': 'Analyst Estimates'}",USA,1,TOP3000,MATRIX,1.0,37,60,1.2,[]
anl15_dps_s_cal_fy3_st_dev,The weighted average standard deviation of dividend per share (DPS) estimation for the calendarized 3 fiscal years aggregated within GICS sector grouping.,"{'id': 'analyst15', 'name': 'Earnings forecasts'}","{'id': 'analyst', 'name': 'Analyst'}","{'id': 'analyst-analyst-estimates', 'name': 'Analyst Estimates'}",USA,1,TOP3000,MATRIX,1.0,36,63,1.2,[]
anl15_dps_s_cal_fy3_total,The total of dividend per share (DPS) estimation for the calendarized 3 fiscal years aggregated within GICS sector grouping.,"{'id': 'analyst15', 'name': 'Earnings forecasts'}","{'id': 'analyst', 'name': 'Analyst'}","{'id': 'analyst-analyst-estimates', 'name': 'Analyst Estimates'}",USA,1,TOP3000,MATRIX,1.0,16,32,1.2,[]
anl15_dps_s_fy1_cos_dn,The number of companies for which dividend per share (DPS) estimation for the calendarized 1 fiscal year has been lowered from last month within GICS sector grouping.,"{'id': 'analyst15', 'name': 'Earnings forecasts'}","{'id': 'analyst', 'name': 'Analyst'}","{'id': 'analyst-analyst-estimates', 'name': 'Analyst Estimates'}",USA,1,TOP3000,MATRIX,1.0,32,54,1.2,[]
anl15_dps_s_fy1_cos_up,The number of companies for which dividend per share (DPS) estimation for the calendarized 1 fiscal year has been raised from last month within GICS sector grouping.,"{'id': 'analyst15', 'name': 'Earnings forecasts'}","{'id': 'analyst', 'name': 'Analyst'}","{'id': 'analyst-analyst-estimates', 'name': 'Analyst Estimates'}",USA,1,TOP3000,MATRIX,1.0,41,98,1.2,[]
anl15_dps_s_fy1_ests_dn,"Count of unique IDs of industry participants. Industry stands for an aggregate view of all  equity clearance activity for the date, symbol, and transaction type in question.","{'id': 'analyst15', 'name': 'Earnings forecasts'}","{'id': 'analyst', 'name': 'Analyst'}","{'id': 'analyst-analyst-estimates', 'name': 'Analyst Estimates'}",USA,1,TOP3000,MATRIX,1.0,121,834,1.2,[]
anl15_dps_s_fy1_ests_up,"Count of unique IDs of industry participants. Industry stands for an aggregate view of all  equity clearance activity for the date, symbol, and transaction type in question.","{'id': 'analyst15', 'name': 'Earnings forecasts'}","{'id': 'analyst', 'name': 'Analyst'}","{'id': 'analyst-analyst-estimates', 'name': 'Analyst Estimates'}",USA,1,TOP3000,MATRIX,1.0,32,67,1.2,[]
anl15_dps_s_fy2_cos_dn,The number of companies for which dividend per share (DPS) estimation for the calendarized 2 fiscal year has been lowered from last month within GICS sector grouping.,"{'id': 'analyst15', 'name': 'Earnings forecasts'}","{'id': 'analyst', 'name': 'Analyst'}","{'id': 'analyst-analyst-estimates', 'name': 'Analyst Estimates'}",USA,1,TOP3000,MATRIX,1.0,61,352,1.2,[]
anl15_dps_s_fy2_cos_up,The number of companies for which dividend per share (DPS) estimation for the calendarized 2 fiscal years has been raised from last month within GICS sector grouping.,"{'id': 'analyst15', 'name': 'Earnings forecasts'}","{'id': 'analyst', 'name': 'Analyst'}","{'id': 'analyst-analyst-estimates', 'name': 'Analyst Estimates'}",USA,1,TOP3000,MATRIX,1.0,46,122,1.2,[]
anl15_dps_s_fy2_ests_dn,"Count of unique IDs of industry participants. Industry stands for an aggregate view of all  equity clearance activity for the date, symbol, and transaction type in question.","{'id': 'analyst15', 'name': 'Earnings forecasts'}","{'id': 'analyst', 'name': 'Analyst'}","{'id': 'analyst-analyst-estimates', 'name': 'Analyst Estimates'}",USA,1,TOP3000,MATRIX,1.0,83,205,1.2,[]
anl15_dps_s_fy2_ests_up,"Count of unique IDs of industry participants. Industry stands for an aggregate view of all  equity clearance activity for the date, symbol, and transaction type in question.","{'id': 'analyst15', 'name': 'Earnings forecasts'}","{'id': 'analyst', 'name': 'Analyst'}","{'id': 'analyst-analyst-estimates', 'name': 'Analyst Estimates'}",USA,1,TOP3000,MATRIX,1.0,82,606,1.2,[]
anl15_dps_s_fy3_cos_dn,The number of companies for which dividend per share (DPS) estimation for the calendarized 3 fiscal years has been lowered from last month within GICS sector grouping.,"{'id': 'analyst15', 'name': 'Earnings forecasts'}","{'id': 'analyst', 'name': 'Analyst'}","{'id': 'analyst-analyst-estimates', 'name': 'Analyst Estimates'}",USA,1,TOP3000,MATRIX,1.0,36,214,1.2,[]
anl15_dps_s_fy3_cos_up,The number of companies for which dividend per share (DPS) estimation for the calendarized 3 fiscal years has been raised from last month within GICS sector grouping.,"{'id': 'analyst15', 'name': 'Earnings forecasts'}","{'id': 'analyst', 'name': 'Analyst'}","{'id': 'analyst-analyst-estimates', 'name': 'Analyst Estimates'}",USA,1,TOP3000,MATRIX,1.0,31,367,1.2,[]
anl15_dps_s_fy3_ests_dn,"Count of unique IDs of industry participants. Industry stands for an aggregate view of all  equity clearance activity for the date, symbol, and transaction type in question.","{'id': 'analyst15', 'name': 'Earnings forecasts'}","{'id': 'analyst', 'name': 'Analyst'}","{'id': 'analyst-analyst-estimates', 'name': 'Analyst Estimates'}",USA,1,TOP3000,MATRIX,0.9869,50,121,1.2,[]
anl15_dps_s_fy3_ests_up,"Count of unique IDs of industry participants. Industry stands for an aggregate view of all  equity clearance activity for the date, symbol, and transaction type in question.","{'id': 'analyst15', 'name': 'Earnings forecasts'}","{'id': 'analyst', 'name': 'Analyst'}","{'id': 'analyst-analyst-estimates', 'name': 'Analyst Estimates'}",USA,1,TOP3000,MATRIX,0.9969,37,193,1.2,[]
anl15_dpsgics_gr_12_m_1m_chg,The weighted 1-month percent change of 12-month forward dividend per share (DPS) estimation aggregated within GICS group grouping.,"{'id': 'analyst15', 'name': 'Earnings forecasts'}","{'id': 'analyst', 'name': 'Analyst'}","{'id': 'analyst-analyst-estimates', 'name': 'Analyst Estimates'}",USA,1,TOP3000,MATRIX,1.0,36,104,1.2,[]
anl15_dpsgics_gr_12_m_3m_chg,The weighted 3-month percent change of 12-month forward dividend per share (DPS) estimation aggregated within GICS group grouping.,"{'id': 'analyst15', 'name': 'Earnings forecasts'}","{'id': 'analyst', 'name': 'Analyst'}","{'id': 'analyst-analyst-estimates', 'name': 'Analyst Estimates'}",USA,1,TOP3000,MATRIX,1.0,35,104,1.2,[]
anl15_dpsgics_gr_12_m_6m_chg,The weighted 6-month percent change of 12-month forward dividend per share (DPS) estimation aggregated within GICS group grouping.,"{'id': 'analyst15', 'name': 'Earnings forecasts'}","{'id': 'analyst', 'name': 'Analyst'}","{'id': 'analyst-analyst-estimates', 'name': 'Analyst Estimates'}",USA,1,TOP3000,MATRIX,1.0,43,74,1.2,[]
anl15_dpsgics_gr_12_m_cos,The number of companies with a 12-month forward mean dividend per share (DPS) estimation within GICS group grouping.,"{'id': 'analyst15', 'name': 'Earnings forecasts'}","{'id': 'analyst', 'name': 'Analyst'}","{'id': 'analyst-analyst-estimates', 'name': 'Analyst Estimates'}",USA,1,TOP3000,MATRIX,1.0,59,128,1.2,[]
anl15_dpsgics_gr_12_m_cos_dn,The number of companies for which 12-month forward mean dividend per share (DPS) estimation has been lowered from last month within GICS group grouping.,"{'id': 'analyst15', 'name': 'Earnings forecasts'}","{'id': 'analyst', 'name': 'Analyst'}","{'id': 'analyst-analyst-estimates', 'name': 'Analyst Estimates'}",USA,1,TOP3000,MATRIX,1.0,45,369,1.2,[]
anl15_dpsgics_gr_12_m_cos_up,The number of companies for which 12-month forward mean dividend per share (DPS) estimation has been raised from last month within GICS group grouping.,"{'id': 'analyst15', 'name': 'Earnings forecasts'}","{'id': 'analyst', 'name': 'Analyst'}","{'id': 'analyst-analyst-estimates', 'name': 'Analyst Estimates'}",USA,1,TOP3000,MATRIX,1.0,32,65,1.2,[]
anl15_dpsgics_gr_12_m_ests,The 12-month forward pro-rated total number of estimates within GICS group grouping.,"{'id': 'analyst15', 'name': 'Earnings forecasts'}","{'id': 'analyst', 'name': 'Analyst'}","{'id': 'analyst-analyst-estimates', 'name': 'Analyst Estimates'}",USA,1,TOP3000,MATRIX,1.0,26,249,1.2,[]
anl15_dpsgics_gr_12_m_ests_dn,"Count of unique IDs of industry participants. Industry stands for an aggregate view of all  equity clearance activity for the date, symbol, and transaction type in question.","{'id': 'analyst15', 'name': 'Earnings forecasts'}","{'id': 'analyst', 'name': 'Analyst'}","{'id': 'analyst-analyst-estimates', 'name': 'Analyst Estimates'}",USA,1,TOP3000,MATRIX,0.9132,31,48,1.2,[]
anl15_dpsgics_gr_12_m_ests_up,"Count of unique IDs of industry participants. Industry stands for an aggregate view of all  equity clearance activity for the date, symbol, and transaction type in question.","{'id': 'analyst15', 'name': 'Earnings forecasts'}","{'id': 'analyst', 'name': 'Analyst'}","{'id': 'analyst-analyst-estimates', 'name': 'Analyst Estimates'}",USA,1,TOP3000,MATRIX,0.9811,26,174,1.2,[]
anl15_dpsgics_gr_12_m_gro,The weighted 12-month forward year-over-year growth of dividend per share (DPS) estimation aggregated within GICS group grouping.,"{'id': 'analyst15', 'name': 'Earnings forecasts'}","{'id': 'analyst', 'name': 'Analyst'}","{'id': 'analyst-analyst-estimates', 'name': 'Analyst Estimates'}",USA,1,TOP3000,MATRIX,1.0,47,330,1.2,[]
anl15_dpsgics_gr_12_m_mean,The weighted average of 12-month forward dividend per share (DPS) estimation aggregated within GICS group grouping.,"{'id': 'analyst15', 'name': 'Earnings forecasts'}","{'id': 'analyst', 'name': 'Analyst'}","{'id': 'analyst-analyst-estimates', 'name': 'Analyst Estimates'}",USA,1,TOP3000,MATRIX,1.0,24,153,1.2,[]
anl15_dpsgics_gr_12_m_pe,The weighted average price/earnings ratio based on 12-month forward EPS estimation aggregated within GICS group grouping.,"{'id': 'analyst15', 'name': 'Earnings forecasts'}","{'id': 'analyst', 'name': 'Analyst'}","{'id': 'analyst-analyst-estimates', 'name': 'Analyst Estimates'}",USA,1,TOP3000,MATRIX,1.0,30,59,1.2,[]
anl15_dpsgics_gr_12_m_st_dev,The weighted average standard deviation of 12-month forward dividend per share (DPS) estimation aggregated within GICS group grouping.,"{'id': 'analyst15', 'name': 'Earnings forecasts'}","{'id': 'analyst', 'name': 'Analyst'}","{'id': 'analyst-analyst-estimates', 'name': 'Analyst Estimates'}",USA,1,TOP3000,MATRIX,1.0,39,254,1.2,[]
anl15_dpsgics_gr_12_m_total,The total of 12-month forward dividend per share (DPS) estimation aggregated within GICS group grouping.,"{'id': 'analyst15', 'name': 'Earnings forecasts'}","{'id': 'analyst', 'name': 'Analyst'}","{'id': 'analyst-analyst-estimates', 'name': 'Analyst Estimates'}",USA,1,TOP3000,MATRIX,1.0,29,38,1.2,[]
anl15_dpsgics_gr_12_m_tr_mean,The weighted average of 12-month trailing dividend per share (DPS) aggregated within GICS group grouping.,"{'id': 'analyst15', 'name': 'Earnings forecasts'}","{'id': 'analyst', 'name': 'Analyst'}","{'id': 'analyst-analyst-estimates', 'name': 'Analyst Estimates'}",USA,1,TOP3000,MATRIX,1.0,24,482,1.2,[]
anl15_dpsgics_gr_18_m_1m_chg,The weighted 1 month percent change of 18 month forward dividend per share (DPS) estimation aggregated within GICS group grouping.,"{'id': 'analyst15', 'name': 'Earnings forecasts'}","{'id': 'analyst', 'name': 'Analyst'}","{'id': 'analyst-analyst-estimates', 'name': 'Analyst Estimates'}",USA,1,TOP3000,MATRIX,1.0,28,214,1.2,[]
anl15_dpsgics_gr_18_m_3m_chg,The weighted 3-month percent change of 18-month forward dividend per share (DPS) estimation aggregated within GICS group grouping.,"{'id': 'analyst15', 'name': 'Earnings forecasts'}","{'id': 'analyst', 'name': 'Analyst'}","{'id': 'analyst-analyst-estimates', 'name': 'Analyst Estimates'}",USA,1,TOP3000,MATRIX,1.0,36,92,1.2,[]
anl15_dpsgics_gr_18_m_6m_chg,The weighted 6-month percent change of 18-month forward dividend per share (DPS) estimation aggregated within GICS group grouping.,"{'id': 'analyst15', 'name': 'Earnings forecasts'}","{'id': 'analyst', 'name': 'Analyst'}","{'id': 'analyst-analyst-estimates', 'name': 'Analyst Estimates'}",USA,1,TOP3000,MATRIX,1.0,48,397,1.2,[]
anl15_dpsgics_gr_18_m_cos,The number of companies with an 18-month forward mean dividend per share (DPS) estimation within GICS group grouping.,"{'id': 'analyst15', 'name': 'Earnings forecasts'}","{'id': 'analyst', 'name': 'Analyst'}","{'id': 'analyst-analyst-estimates', 'name': 'Analyst Estimates'}",USA,1,TOP3000,MATRIX,1.0,49,306,1.2,[]
anl15_dpsgics_gr_18_m_cos_dn,The number of companies for which 18-month forward mean dividend per share (DPS) estimation has been lowered from last month within GICS group grouping.,"{'id': 'analyst15', 'name': 'Earnings forecasts'}","{'id': 'analyst', 'name': 'Analyst'}","{'id': 'analyst-analyst-estimates', 'name': 'Analyst Estimates'}",USA,1,TOP3000,MATRIX,1.0,21,179,1.2,[]
anl15_dpsgics_gr_18_m_cos_up,The number of companies for which 18-month forward mean dividend per share (DPS) estimation has been raised from last month within GICS group grouping.,"{'id': 'analyst15', 'name': 'Earnings forecasts'}","{'id': 'analyst', 'name': 'Analyst'}","{'id': 'analyst-analyst-estimates', 'name': 'Analyst Estimates'}",USA,1,TOP3000,MATRIX,1.0,18,38,1.2,[]
anl15_dpsgics_gr_18_m_ests,The 18 month forward pro-rated total number of estimates within GICS group grouping.,"{'id': 'analyst15', 'name': 'Earnings forecasts'}","{'id': 'analyst', 'name': 'Analyst'}","{'id': 'analyst-analyst-estimates', 'name': 'Analyst Estimates'}",USA,1,TOP3000,MATRIX,1.0,40,269,1.2,[]
anl15_dpsgics_gr_18_m_ests_dn,"Count of unique IDs of industry participants. Industry stands for an aggregate view of all  equity clearance activity for the date, symbol, and transaction type in question.","{'id': 'analyst15', 'name': 'Earnings forecasts'}","{'id': 'analyst', 'name': 'Analyst'}","{'id': 'analyst-analyst-estimates', 'name': 'Analyst Estimates'}",USA,1,TOP3000,MATRIX,0.9016,32,50,1.2,[]
anl15_dpsgics_gr_18_m_ests_up,"Count of unique IDs of industry participants. Industry stands for an aggregate view of all  equity clearance activity for the date, symbol, and transaction type in question.","{'id': 'analyst15', 'name': 'Earnings forecasts'}","{'id': 'analyst', 'name': 'Analyst'}","{'id': 'analyst-analyst-estimates', 'name': 'Analyst Estimates'}",USA,1,TOP3000,MATRIX,0.9702,28,454,1.2,[]
anl15_dpsgics_gr_18_m_gro,The weighted 18-month forward year-over-year growth of dividend per share (DPS) estimation aggregated within GICS group grouping.,"{'id': 'analyst15', 'name': 'Earnings forecasts'}","{'id': 'analyst', 'name': 'Analyst'}","{'id': 'analyst-analyst-estimates', 'name': 'Analyst Estimates'}",USA,1,TOP3000,MATRIX,1.0,33,48,1.2,[]
anl15_dpsgics_gr_18_m_mean,The weighted average of 18-month forward dividend per share (DPS) estimation aggregated within GICS group grouping.,"{'id': 'analyst15', 'name': 'Earnings forecasts'}","{'id': 'analyst', 'name': 'Analyst'}","{'id': 'analyst-analyst-estimates', 'name': 'Analyst Estimates'}",USA,1,TOP3000,MATRIX,1.0,40,773,1.2,[]
anl15_dpsgics_gr_18_m_pe,The weighted average price/earnings ratio based on 18-month forward EPS estimation aggregated within GICS group grouping.,"{'id': 'analyst15', 'name': 'Earnings forecasts'}","{'id': 'analyst', 'name': 'Analyst'}","{'id': 'analyst-analyst-estimates', 'name': 'Analyst Estimates'}",USA,1,TOP3000,MATRIX,1.0,50,114,1.2,[]
anl15_dpsgics_gr_18_m_st_dev,The weighted average standard deviation of 18-month forward dividend per share (DPS) estimation aggregated within GICS group grouping.,"{'id': 'analyst15', 'name': 'Earnings forecasts'}","{'id': 'analyst', 'name': 'Analyst'}","{'id': 'analyst-analyst-estimates', 'name': 'Analyst Estimates'}",USA,1,TOP3000,MATRIX,1.0,42,755,1.2,[]
anl15_dpsgics_gr_18_m_total,The total of 18-month forward dividend per share (DPS) estimation aggregated within GICS group grouping.,"{'id': 'analyst15', 'name': 'Earnings forecasts'}","{'id': 'analyst', 'name': 'Analyst'}","{'id': 'analyst-analyst-estimates', 'name': 'Analyst Estimates'}",USA,1,TOP3000,MATRIX,1.0,47,168,1.2,[]
anl15_dpsgics_gr_cal_fy0_gro,The weighted year-over-year growth of dividend per share (DPS) estimation for the current calendarized fiscal year aggregated within GICS group grouping.,"{'id': 'analyst15', 'name': 'Earnings forecasts'}","{'id': 'analyst', 'name': 'Analyst'}","{'id': 'analyst-analyst-estimates', 'name': 'Analyst Estimates'}",USA,1,TOP3000,MATRIX,1.0,21,42,1.2,[]
anl15_dpsgics_gr_cal_fy0_pe,The weighted average price/earnings ratio based on EPS estimation for the current calendarized fiscal year aggregated within GICS group grouping.,"{'id': 'analyst15', 'name': 'Earnings forecasts'}","{'id': 'analyst', 'name': 'Analyst'}","{'id': 'analyst-analyst-estimates', 'name': 'Analyst Estimates'}",USA,1,TOP3000,MATRIX,1.0,28,44,1.2,[]
anl15_dpsgics_gr_cal_fy0_total,The total of dividend per share (DPS) estimation for the current calendarized fiscal year aggregated within GICS group grouping.,"{'id': 'analyst15', 'name': 'Earnings forecasts'}","{'id': 'analyst', 'name': 'Analyst'}","{'id': 'analyst-analyst-estimates', 'name': 'Analyst Estimates'}",USA,1,TOP3000,MATRIX,1.0,27,46,1.2,[]
anl15_dpsgics_gr_cal_fy0_val,The weighted average of dividend per share (DPS) estimation for the current calendarized fiscal year aggregated within GICS group grouping.,"{'id': 'analyst15', 'name': 'Earnings forecasts'}","{'id': 'analyst', 'name': 'Analyst'}","{'id': 'analyst-analyst-estimates', 'name': 'Analyst Estimates'}",USA,1,TOP3000,MATRIX,1.0,19,147,1.2,[]
anl15_dpsgics_gr_cal_fy1_1m_chg,The weighted 1-month percent change of dividend per share (DPS) estimation for the calendarized 1 fiscal year aggregated within GICS group grouping.,"{'id': 'analyst15', 'name': 'Earnings forecasts'}","{'id': 'analyst', 'name': 'Analyst'}","{'id': 'analyst-analyst-estimates', 'name': 'Analyst Estimates'}",USA,1,TOP3000,MATRIX,1.0,32,80,1.2,[]
anl15_dpsgics_gr_cal_fy1_3m_chg,The weighted 3-month percent change of dividend per share (DPS) estimation for the calendarized 1 fiscal year aggregated within GICS group grouping.,"{'id': 'analyst15', 'name': 'Earnings forecasts'}","{'id': 'analyst', 'name': 'Analyst'}","{'id': 'analyst-analyst-estimates', 'name': 'Analyst Estimates'}",USA,1,TOP3000,MATRIX,1.0,19,45,1.2,[]
anl15_dpsgics_gr_cal_fy1_6m_chg,The weighted 6-month percent change of dividend per share (DPS) estimation for the calendarized 1 fiscal year aggregated within GICS group grouping.,"{'id': 'analyst15', 'name': 'Earnings forecasts'}","{'id': 'analyst', 'name': 'Analyst'}","{'id': 'analyst-analyst-estimates', 'name': 'Analyst Estimates'}",USA,1,TOP3000,MATRIX,1.0,21,30,1.2,[]
anl15_dpsgics_gr_cal_fy1_cos,The number of companies with a calendarized 1 fiscal year dividend per share (DPS) estimation within GICS group grouping.,"{'id': 'analyst15', 'name': 'Earnings forecasts'}","{'id': 'analyst', 'name': 'Analyst'}","{'id': 'analyst-analyst-estimates', 'name': 'Analyst Estimates'}",USA,1,TOP3000,MATRIX,1.0,32,48,1.2,[]
anl15_dpsgics_gr_cal_fy1_ests,The total number of calendarized one fiscal year dividend per share (DPS) estimation within GICS group grouping.,"{'id': 'analyst15', 'name': 'Earnings forecasts'}","{'id': 'analyst', 'name': 'Analyst'}","{'id': 'analyst-analyst-estimates', 'name': 'Analyst Estimates'}",USA,1,TOP3000,MATRIX,1.0,23,455,1.2,[]
anl15_dpsgics_gr_cal_fy1_gro,The weighted year-over-year growth of dividend per share (DPS) estimation for the calendarized 1 fiscal year aggregated within GICS group grouping.,"{'id': 'analyst15', 'name': 'Earnings forecasts'}","{'id': 'analyst', 'name': 'Analyst'}","{'id': 'analyst-analyst-estimates', 'name': 'Analyst Estimates'}",USA,1,TOP3000,MATRIX,1.0,48,105,1.2,[]
anl15_dpsgics_gr_cal_fy1_mean,The weighted average of dividend per share (DPS) estimation for the calendarized 1 fiscal year aggregated within GICS group grouping.,"{'id': 'analyst15', 'name': 'Earnings forecasts'}","{'id': 'analyst', 'name': 'Analyst'}","{'id': 'analyst-analyst-estimates', 'name': 'Analyst Estimates'}",USA,1,TOP3000,MATRIX,1.0,33,78,1.2,[]
anl15_dpsgics_gr_cal_fy1_pe,The weighted average price/earnings ratio based on EPS estimation for the calendarized 1 fiscal year aggregated within GICS group grouping.,"{'id': 'analyst15', 'name': 'Earnings forecasts'}","{'id': 'analyst', 'name': 'Analyst'}","{'id': 'analyst-analyst-estimates', 'name': 'Analyst Estimates'}",USA,1,TOP3000,MATRIX,1.0,41,501,1.2,[]
anl15_dpsgics_gr_cal_fy1_st_dev,The weighted average standard deviation of dividend per share (DPS) estimation for the calendarized 1 fiscal year aggregated within GICS group grouping.,"{'id': 'analyst15', 'name': 'Earnings forecasts'}","{'id': 'analyst', 'name': 'Analyst'}","{'id': 'analyst-analyst-estimates', 'name': 'Analyst Estimates'}",USA,1,TOP3000,MATRIX,1.0,39,347,1.2,[]
anl15_dpsgics_gr_cal_fy1_total,The total of dividend per share (DPS) estimation for the calendarized 1 fiscal year aggregated within GICS group grouping.,"{'id': 'analyst15', 'name': 'Earnings forecasts'}","{'id': 'analyst', 'name': 'Analyst'}","{'id': 'analyst-analyst-estimates', 'name': 'Analyst Estimates'}",USA,1,TOP3000,MATRIX,1.0,15,49,1.2,[]
anl15_dpsgics_gr_cal_fy2_1m_chg,The weighted 1-month percent change of dividend per share (DPS) estimation for the calendarized 2 fiscal year aggregated within GICS group grouping.,"{'id': 'analyst15', 'name': 'Earnings forecasts'}","{'id': 'analyst', 'name': 'Analyst'}","{'id': 'analyst-analyst-estimates', 'name': 'Analyst Estimates'}",USA,1,TOP3000,MATRIX,1.0,34,311,1.2,[]
anl15_dpsgics_gr_cal_fy2_3m_chg,The weighted 3-month percent change of dividend per share (DPS) estimation for the calendarized 2 fiscal years aggregated within GICS group grouping.,"{'id': 'analyst15', 'name': 'Earnings forecasts'}","{'id': 'analyst', 'name': 'Analyst'}","{'id': 'analyst-analyst-estimates', 'name': 'Analyst Estimates'}",USA,1,TOP3000,MATRIX,1.0,23,57,1.2,[]
anl15_dpsgics_gr_cal_fy2_6m_chg,The weighted 6-month percent change of dividend per share (DPS) estimation for the calendarized 2 fiscal years aggregated within GICS group grouping.,"{'id': 'analyst15', 'name': 'Earnings forecasts'}","{'id': 'analyst', 'name': 'Analyst'}","{'id': 'analyst-analyst-estimates', 'name': 'Analyst Estimates'}",USA,1,TOP3000,MATRIX,1.0,59,164,1.2,[]
anl15_dpsgics_gr_cal_fy2_cos,The number of companies with a calendarized 2-fiscal-year dividend per share (DPS) estimation within GICS group grouping.,"{'id': 'analyst15', 'name': 'Earnings forecasts'}","{'id': 'analyst', 'name': 'Analyst'}","{'id': 'analyst-analyst-estimates', 'name': 'Analyst Estimates'}",USA,1,TOP3000,MATRIX,1.0,28,57,1.2,[]
anl15_dpsgics_gr_cal_fy2_ests,The total number of calendarized 2 fiscal year dividend per share (DPS) estimation within GICS group grouping.,"{'id': 'analyst15', 'name': 'Earnings forecasts'}","{'id': 'analyst', 'name': 'Analyst'}","{'id': 'analyst-analyst-estimates', 'name': 'Analyst Estimates'}",USA,1,TOP3000,MATRIX,1.0,34,53,1.2,[]
anl15_dpsgics_gr_cal_fy2_gro,The weighted year-over-year growth of dividend per share (DPS) estimation for the calendarized 2 fiscal years aggregated within GICS group grouping.,"{'id': 'analyst15', 'name': 'Earnings forecasts'}","{'id': 'analyst', 'name': 'Analyst'}","{'id': 'analyst-analyst-estimates', 'name': 'Analyst Estimates'}",USA,1,TOP3000,MATRIX,1.0,28,314,1.2,[]
anl15_dpsgics_gr_cal_fy2_mean,The weighted average of dividend per share (DPS) estimation for the calendarized two fiscal years aggregated within GICS group grouping.,"{'id': 'analyst15', 'name': 'Earnings forecasts'}","{'id': 'analyst', 'name': 'Analyst'}","{'id': 'analyst-analyst-estimates', 'name': 'Analyst Estimates'}",USA,1,TOP3000,MATRIX,1.0,24,28,1.2,[]
anl15_dpsgics_gr_cal_fy2_pe,The weighted average price/earnings ratio based on EPS estimation for the calendarized 2 fiscal years aggregated within GICS group grouping.,"{'id': 'analyst15', 'name': 'Earnings forecasts'}","{'id': 'analyst', 'name': 'Analyst'}","{'id': 'analyst-analyst-estimates', 'name': 'Analyst Estimates'}",USA,1,TOP3000,MATRIX,1.0,30,763,1.2,[]
anl15_dpsgics_gr_cal_fy2_st_dev,The weighted average standard deviation of dividend per share (DPS) estimation for the calendarized 2 fiscal years aggregated within GICS group grouping.,"{'id': 'analyst15', 'name': 'Earnings forecasts'}","{'id': 'analyst', 'name': 'Analyst'}","{'id': 'analyst-analyst-estimates', 'name': 'Analyst Estimates'}",USA,1,TOP3000,MATRIX,1.0,44,450,1.2,[]
anl15_dpsgics_gr_cal_fy2_total,The total of dividend per share (DPS) estimation for the calendarized 2 fiscal year aggregated within GICS group grouping.,"{'id': 'analyst15', 'name': 'Earnings forecasts'}","{'id': 'analyst', 'name': 'Analyst'}","{'id': 'analyst-analyst-estimates', 'name': 'Analyst Estimates'}",USA,1,TOP3000,MATRIX,1.0,16,40,1.2,[]
anl15_dpsgics_gr_cal_fy3_1m_chg,The weighted 1-month percent change of dividend per share (DPS) estimation for the calendarized 3 fiscal years aggregated within GICS group grouping.,"{'id': 'analyst15', 'name': 'Earnings forecasts'}","{'id': 'analyst', 'name': 'Analyst'}","{'id': 'analyst-analyst-estimates', 'name': 'Analyst Estimates'}",USA,1,TOP3000,MATRIX,1.0,40,462,1.2,[]
anl15_dpsgics_gr_cal_fy3_3m_chg,The weighted 3-month percent change of dividend per share (DPS) estimation for the calendarized 3 fiscal year aggregated within GICS group grouping.,"{'id': 'analyst15', 'name': 'Earnings forecasts'}","{'id': 'analyst', 'name': 'Analyst'}","{'id': 'analyst-analyst-estimates', 'name': 'Analyst Estimates'}",USA,1,TOP3000,MATRIX,1.0,22,842,1.2,[]
anl15_dpsgics_gr_cal_fy3_6m_chg,The weighted 6-month percent change of dividend per share (DPS) estimation for the calendarized 3 fiscal years aggregated within GICS group grouping.,"{'id': 'analyst15', 'name': 'Earnings forecasts'}","{'id': 'analyst', 'name': 'Analyst'}","{'id': 'analyst-analyst-estimates', 'name': 'Analyst Estimates'}",USA,1,TOP3000,MATRIX,1.0,38,61,1.2,[]
anl15_dpsgics_gr_cal_fy3_cos,The number of companies with a calendarized 3 fiscal year dividend per share (DPS) estimation within GICS group grouping.,"{'id': 'analyst15', 'name': 'Earnings forecasts'}","{'id': 'analyst', 'name': 'Analyst'}","{'id': 'analyst-analyst-estimates', 'name': 'Analyst Estimates'}",USA,1,TOP3000,MATRIX,1.0,47,101,1.2,[]
anl15_dpsgics_gr_cal_fy3_ests,The total number of calendarized 3 fiscal year dividend per share (DPS) estimation within GICS group grouping.,"{'id': 'analyst15', 'name': 'Earnings forecasts'}","{'id': 'analyst', 'name': 'Analyst'}","{'id': 'analyst-analyst-estimates', 'name': 'Analyst Estimates'}",USA,1,TOP3000,MATRIX,1.0,28,43,1.2,[]
anl15_dpsgics_gr_cal_fy3_gro,The weighted year-over-year growth of dividend per share (DPS) estimation for the calendarized 3 fiscal year aggregated within GICS group grouping.,"{'id': 'analyst15', 'name': 'Earnings forecasts'}","{'id': 'analyst', 'name': 'Analyst'}","{'id': 'analyst-analyst-estimates', 'name': 'Analyst Estimates'}",USA,1,TOP3000,MATRIX,1.0,26,714,1.2,[]
anl15_dpsgics_gr_cal_fy3_mean,The weighted average of dividend per share (DPS) estimation for the calendarized 3 fiscal year aggregated within GICS group grouping.,"{'id': 'analyst15', 'name': 'Earnings forecasts'}","{'id': 'analyst', 'name': 'Analyst'}","{'id': 'analyst-analyst-estimates', 'name': 'Analyst Estimates'}",USA,1,TOP3000,MATRIX,1.0,33,266,1.2,[]
anl15_dpsgics_gr_cal_fy3_pe,The weighted average price/earnings ratio based on EPS estimation for the calendarized 3 fiscal years aggregated within GICS group grouping.,"{'id': 'analyst15', 'name': 'Earnings forecasts'}","{'id': 'analyst', 'name': 'Analyst'}","{'id': 'analyst-analyst-estimates', 'name': 'Analyst Estimates'}",USA,1,TOP3000,MATRIX,1.0,13,37,1.2,[]
anl15_dpsgics_gr_cal_fy3_st_dev,The weighted average standard deviation of dividend per share (DPS) estimation for the calendarized 3 fiscal year aggregated within GICS group grouping.,"{'id': 'analyst15', 'name': 'Earnings forecasts'}","{'id': 'analyst', 'name': 'Analyst'}","{'id': 'analyst-analyst-estimates', 'name': 'Analyst Estimates'}",USA,1,TOP3000,MATRIX,1.0,24,31,1.2,[]
anl15_dpsgics_gr_cal_fy3_total,The total of dividend per share (DPS) estimation for the calendarized 3 fiscal year aggregated within GICS group grouping.,"{'id': 'analyst15', 'name': 'Earnings forecasts'}","{'id': 'analyst', 'name': 'Analyst'}","{'id': 'analyst-analyst-estimates', 'name': 'Analyst Estimates'}",USA,1,TOP3000,MATRIX,1.0,20,45,1.2,[]
anl15_dpsgics_gr_fy1_cos_dn,The number of companies for which dividend per share (DPS) estimation for the calendarized 1 fiscal year has been lowered from last month within GICS group grouping.,"{'id': 'analyst15', 'name': 'Earnings forecasts'}","{'id': 'analyst', 'name': 'Analyst'}","{'id': 'analyst-analyst-estimates', 'name': 'Analyst Estimates'}",USA,1,TOP3000,MATRIX,1.0,29,65,1.2,[]
anl15_dpsgics_gr_fy1_cos_up,The number of companies for which dividend per share (DPS) estimation for the calendarized 1 fiscal year has been raised from last month within GICS group grouping.,"{'id': 'analyst15', 'name': 'Earnings forecasts'}","{'id': 'analyst', 'name': 'Analyst'}","{'id': 'analyst-analyst-estimates', 'name': 'Analyst Estimates'}",USA,1,TOP3000,MATRIX,1.0,39,163,1.2,[]
anl15_dpsgics_gr_fy1_ests_dn,"Count of unique IDs of industry participants. Industry stands for an aggregate view of all  equity clearance activity for the date, symbol, and transaction type in question.","{'id': 'analyst15', 'name': 'Earnings forecasts'}","{'id': 'analyst', 'name': 'Analyst'}","{'id': 'analyst-analyst-estimates', 'name': 'Analyst Estimates'}",USA,1,TOP3000,MATRIX,0.9888,53,136,1.2,[]
anl15_dpsgics_gr_fy1_ests_up,"Count of unique IDs of industry participants. Industry stands for an aggregate view of all  equity clearance activity for the date, symbol, and transaction type in question.","{'id': 'analyst15', 'name': 'Earnings forecasts'}","{'id': 'analyst', 'name': 'Analyst'}","{'id': 'analyst-analyst-estimates', 'name': 'Analyst Estimates'}",USA,1,TOP3000,MATRIX,1.0,19,29,1.2,[]
anl15_dpsgics_gr_fy2_cos_dn,The number of companies for which dividend per share (DPS) estimation for the calendarized 2 fiscal years has been lowered from last month within GICS group grouping.,"{'id': 'analyst15', 'name': 'Earnings forecasts'}","{'id': 'analyst', 'name': 'Analyst'}","{'id': 'analyst-analyst-estimates', 'name': 'Analyst Estimates'}",USA,1,TOP3000,MATRIX,1.0,35,100,1.2,[]
anl15_dpsgics_gr_fy2_cos_up,The number of companies for which dividend per share (DPS) estimation for the calendarized 2 fiscal years has been raised from last month within GICS group grouping.,"{'id': 'analyst15', 'name': 'Earnings forecasts'}","{'id': 'analyst', 'name': 'Analyst'}","{'id': 'analyst-analyst-estimates', 'name': 'Analyst Estimates'}",USA,1,TOP3000,MATRIX,1.0,26,71,1.2,[]
anl15_dpsgics_gr_fy2_ests_dn,"Count of unique IDs of industry participants. Industry stands for an aggregate view of all  equity clearance activity for the date, symbol, and transaction type in question.","{'id': 'analyst15', 'name': 'Earnings forecasts'}","{'id': 'analyst', 'name': 'Analyst'}","{'id': 'analyst-analyst-estimates', 'name': 'Analyst Estimates'}",USA,1,TOP3000,MATRIX,0.9927,38,322,1.2,[]
anl15_dpsgics_gr_fy2_ests_up,"Count of unique IDs of industry participants. Industry stands for an aggregate view of all  equity clearance activity for the date, symbol, and transaction type in question.","{'id': 'analyst15', 'name': 'Earnings forecasts'}","{'id': 'analyst', 'name': 'Analyst'}","{'id': 'analyst-analyst-estimates', 'name': 'Analyst Estimates'}",USA,1,TOP3000,MATRIX,1.0,32,86,1.2,[]
anl15_dpsgics_gr_fy3_cos_dn,The number of companies for which dividend per share (DPS) estimation for the calendarized 3 fiscal year has been lowered from last month within GICS group grouping.,"{'id': 'analyst15', 'name': 'Earnings forecasts'}","{'id': 'analyst', 'name': 'Analyst'}","{'id': 'analyst-analyst-estimates', 'name': 'Analyst Estimates'}",USA,1,TOP3000,MATRIX,0.9961,38,71,1.2,[]
anl15_dpsgics_gr_fy3_cos_up,The number of companies for which dividend per share (DPS) estimation for the calendarized 3 fiscal year has been raised from last month within GICS group grouping.,"{'id': 'analyst15', 'name': 'Earnings forecasts'}","{'id': 'analyst', 'name': 'Analyst'}","{'id': 'analyst-analyst-estimates', 'name': 'Analyst Estimates'}",USA,1,TOP3000,MATRIX,1.0,23,29,1.2,[]
anl15_dpsgics_gr_fy3_ests_dn,"Count of unique IDs of industry participants. Industry stands for an aggregate view of all  equity clearance activity for the date, symbol, and transaction type in question.","{'id': 'analyst15', 'name': 'Earnings forecasts'}","{'id': 'analyst', 'name': 'Analyst'}","{'id': 'analyst-analyst-estimates', 'name': 'Analyst Estimates'}",USA,1,TOP3000,MATRIX,0.9531,28,38,1.2,[]
anl15_dpsgics_gr_fy3_ests_up,"Count of unique IDs of industry participants. Industry stands for an aggregate view of all  equity clearance activity for the date, symbol, and transaction type in question.","{'id': 'analyst15', 'name': 'Earnings forecasts'}","{'id': 'analyst', 'name': 'Analyst'}","{'id': 'analyst-analyst-estimates', 'name': 'Analyst Estimates'}",USA,1,TOP3000,MATRIX,0.977,26,49,1.2,[]
anl15_dpsgics_ind_12_m_1m_chg,The weighted 1-month percent change of 12-month forward dividend per share (DPS) estimation aggregated within GICS industry grouping.,"{'id': 'analyst15', 'name': 'Earnings forecasts'}","{'id': 'analyst', 'name': 'Analyst'}","{'id': 'analyst-analyst-estimates', 'name': 'Analyst Estimates'}",USA,1,TOP3000,MATRIX,0.9556,54,1289,1.2,[]
anl15_dpsgics_ind_12_m_3m_chg,The weighted 3-month percent change of 12-month forward dividend per share (DPS) estimation aggregated within GICS industry grouping.,"{'id': 'analyst15', 'name': 'Earnings forecasts'}","{'id': 'analyst', 'name': 'Analyst'}","{'id': 'analyst-analyst-estimates', 'name': 'Analyst Estimates'}",USA,1,TOP3000,MATRIX,0.9633,18,308,1.2,[]
anl15_dpsgics_ind_12_m_6m_chg,The weighted 6-month percent change of 12-month forward dividend per share (DPS) estimation aggregated within GICS industry grouping.,"{'id': 'analyst15', 'name': 'Earnings forecasts'}","{'id': 'analyst', 'name': 'Analyst'}","{'id': 'analyst-analyst-estimates', 'name': 'Analyst Estimates'}",USA,1,TOP3000,MATRIX,0.9631,24,251,1.2,[]
anl15_dpsgics_ind_12_m_cos,The number of companies with a 12-month forward mean dividend per share (DPS) estimation within GICS industry grouping.,"{'id': 'analyst15', 'name': 'Earnings forecasts'}","{'id': 'analyst', 'name': 'Analyst'}","{'id': 'analyst-analyst-estimates', 'name': 'Analyst Estimates'}",USA,1,TOP3000,MATRIX,0.9992,64,255,1.2,[]
anl15_dpsgics_ind_12_m_cos_dn,The number of companies for which 12-month forward mean dividend per share (DPS) estimation has been lowered from last month within GICS industry grouping.,"{'id': 'analyst15', 'name': 'Earnings forecasts'}","{'id': 'analyst', 'name': 'Analyst'}","{'id': 'analyst-analyst-estimates', 'name': 'Analyst Estimates'}",USA,1,TOP3000,MATRIX,0.9306,38,204,1.2,[]
anl15_dpsgics_ind_12_m_cos_up,The number of companies for which 12-month forward mean dividend per share (DPS) estimation has been raised from last month within GICS industry grouping.,"{'id': 'analyst15', 'name': 'Earnings forecasts'}","{'id': 'analyst', 'name': 'Analyst'}","{'id': 'analyst-analyst-estimates', 'name': 'Analyst Estimates'}",USA,1,TOP3000,MATRIX,0.9343,36,554,1.2,[]
anl15_dpsgics_ind_12_m_ests,The 12-month forward pro-rated total number of estimates within GICS industry grouping.,"{'id': 'analyst15', 'name': 'Earnings forecasts'}","{'id': 'analyst', 'name': 'Analyst'}","{'id': 'analyst-analyst-estimates', 'name': 'Analyst Estimates'}",USA,1,TOP3000,MATRIX,0.9982,76,418,1.2,[]
anl15_dpsgics_ind_12_m_ests_dn,"Count of unique IDs of industry participants. Industry stands for an aggregate view of all  equity clearance activity for the date, symbol, and transaction type in question.","{'id': 'analyst15', 'name': 'Earnings forecasts'}","{'id': 'analyst', 'name': 'Analyst'}","{'id': 'analyst-analyst-estimates', 'name': 'Analyst Estimates'}",USA,1,TOP3000,MATRIX,0.7705,34,64,1.2,[]
anl15_dpsgics_ind_12_m_ests_up,"Count of unique IDs of industry participants. Industry stands for an aggregate view of all  equity clearance activity for the date, symbol, and transaction type in question.","{'id': 'analyst15', 'name': 'Earnings forecasts'}","{'id': 'analyst', 'name': 'Analyst'}","{'id': 'analyst-analyst-estimates', 'name': 'Analyst Estimates'}",USA,1,TOP3000,MATRIX,0.8452,16,121,1.2,[]
anl15_dpsgics_ind_12_m_gro,The weighted 12-month forward year-over-year growth of dividend per share (DPS) estimation aggregated within GICS industry grouping.,"{'id': 'analyst15', 'name': 'Earnings forecasts'}","{'id': 'analyst', 'name': 'Analyst'}","{'id': 'analyst-analyst-estimates', 'name': 'Analyst Estimates'}",USA,1,TOP3000,MATRIX,0.9635,26,108,1.2,[]
anl15_dpsgics_ind_12_m_mean,The weighted average of 12-month forward dividend per share (DPS) estimation aggregated within GICS industry grouping.,"{'id': 'analyst15', 'name': 'Earnings forecasts'}","{'id': 'analyst', 'name': 'Analyst'}","{'id': 'analyst-analyst-estimates', 'name': 'Analyst Estimates'}",USA,1,TOP3000,MATRIX,0.9681,43,99,1.2,[]
anl15_dpsgics_ind_12_m_pe,The weighted average price/earnings ratio based on 12-month forward EPS estimation aggregated within GICS industry grouping.,"{'id': 'analyst15', 'name': 'Earnings forecasts'}","{'id': 'analyst', 'name': 'Analyst'}","{'id': 'analyst-analyst-estimates', 'name': 'Analyst Estimates'}",USA,1,TOP3000,MATRIX,0.9681,34,690,1.2,[]
anl15_dpsgics_ind_12_m_st_dev,The weighted average standard deviation of 12-month forward dividend per share (DPS) estimation aggregated within GICS industry grouping.,"{'id': 'analyst15', 'name': 'Earnings forecasts'}","{'id': 'analyst', 'name': 'Analyst'}","{'id': 'analyst-analyst-estimates', 'name': 'Analyst Estimates'}",USA,1,TOP3000,MATRIX,0.9577,45,218,1.2,[]
anl15_dpsgics_ind_12_m_total,The total of 12-month forward dividend per share (DPS) estimation aggregated within GICS industry grouping.,"{'id': 'analyst15', 'name': 'Earnings forecasts'}","{'id': 'analyst', 'name': 'Analyst'}","{'id': 'analyst-analyst-estimates', 'name': 'Analyst Estimates'}",USA,1,TOP3000,MATRIX,0.9681,23,41,1.2,[]
anl15_dpsgics_ind_12_m_tr_mean,The weighted average of 12-month trailing dividend per share (DPS) aggregated within GICS industry grouping.,"{'id': 'analyst15', 'name': 'Earnings forecasts'}","{'id': 'analyst', 'name': 'Analyst'}","{'id': 'analyst-analyst-estimates', 'name': 'Analyst Estimates'}",USA,1,TOP3000,MATRIX,0.9682,62,341,1.2,[]
anl15_dpsgics_ind_18_m_1m_chg,The weighted 1-month percent change of 18-month forward dividend per share (DPS) estimation aggregated within GICS industry grouping.,"{'id': 'analyst15', 'name': 'Earnings forecasts'}","{'id': 'analyst', 'name': 'Analyst'}","{'id': 'analyst-analyst-estimates', 'name': 'Analyst Estimates'}",USA,1,TOP3000,MATRIX,0.9546,13,201,1.2,[]
anl15_dpsgics_ind_18_m_3m_chg,The weighted 3-month percent change of 18-month forward dividend per share (DPS) estimation aggregated within GICS industry grouping.,"{'id': 'analyst15', 'name': 'Earnings forecasts'}","{'id': 'analyst', 'name': 'Analyst'}","{'id': 'analyst-analyst-estimates', 'name': 'Analyst Estimates'}",USA,1,TOP3000,MATRIX,0.9614,32,64,1.2,[]
anl15_dpsgics_ind_18_m_6m_chg,The weighted 6-month percent change of 18-month forward dividend per share (DPS) estimation aggregated within GICS industry grouping.,"{'id': 'analyst15', 'name': 'Earnings forecasts'}","{'id': 'analyst', 'name': 'Analyst'}","{'id': 'analyst-analyst-estimates', 'name': 'Analyst Estimates'}",USA,1,TOP3000,MATRIX,0.9669,30,109,1.2,[]
anl15_dpsgics_ind_18_m_cos,The number of companies with an 18-month forward mean dividend per share (DPS) estimation within GICS industry grouping.,"{'id': 'analyst15', 'name': 'Earnings forecasts'}","{'id': 'analyst', 'name': 'Analyst'}","{'id': 'analyst-analyst-estimates', 'name': 'Analyst Estimates'}",USA,1,TOP3000,MATRIX,0.9987,37,72,1.2,[]
anl15_dpsgics_ind_18_m_cos_dn,The number of companies for which 18-month forward mean dividend per share (DPS) estimation has been lowered from last month within GICS industry grouping.,"{'id': 'analyst15', 'name': 'Earnings forecasts'}","{'id': 'analyst', 'name': 'Analyst'}","{'id': 'analyst-analyst-estimates', 'name': 'Analyst Estimates'}",USA,1,TOP3000,MATRIX,0.9274,30,63,1.2,[]
anl15_dpsgics_ind_18_m_cos_up,The number of companies for which 18-month forward mean dividend per share (DPS) estimation has been raised from last month within GICS industry grouping.,"{'id': 'analyst15', 'name': 'Earnings forecasts'}","{'id': 'analyst', 'name': 'Analyst'}","{'id': 'analyst-analyst-estimates', 'name': 'Analyst Estimates'}",USA,1,TOP3000,MATRIX,0.9338,11,36,1.2,[]
anl15_dpsgics_ind_18_m_ests,The 18-month forward pro-rated total number of estimates within GICS industry grouping.,"{'id': 'analyst15', 'name': 'Earnings forecasts'}","{'id': 'analyst', 'name': 'Analyst'}","{'id': 'analyst-analyst-estimates', 'name': 'Analyst Estimates'}",USA,1,TOP3000,MATRIX,0.9978,81,470,1.2,[]
anl15_dpsgics_ind_18_m_ests_dn,"Count of unique IDs of industry participants. Industry stands for an aggregate view of all  equity clearance activity for the date, symbol, and transaction type in question.","{'id': 'analyst15', 'name': 'Earnings forecasts'}","{'id': 'analyst', 'name': 'Analyst'}","{'id': 'analyst-analyst-estimates', 'name': 'Analyst Estimates'}",USA,1,TOP3000,MATRIX,0.7611,14,463,1.2,[]
anl15_dpsgics_ind_18_m_ests_up,"Count of unique IDs of industry participants. Industry stands for an aggregate view of all  equity clearance activity for the date, symbol, and transaction type in question.","{'id': 'analyst15', 'name': 'Earnings forecasts'}","{'id': 'analyst', 'name': 'Analyst'}","{'id': 'analyst-analyst-estimates', 'name': 'Analyst Estimates'}",USA,1,TOP3000,MATRIX,0.8339,13,46,1.2,[]
anl15_dpsgics_ind_18_m_gro,The weighted 18-month forward year-over-year growth of dividend per share (DPS) estimation aggregated within GICS industry grouping.,"{'id': 'analyst15', 'name': 'Earnings forecasts'}","{'id': 'analyst', 'name': 'Analyst'}","{'id': 'analyst-analyst-estimates', 'name': 'Analyst Estimates'}",USA,1,TOP3000,MATRIX,0.9604,40,81,1.2,[]
anl15_dpsgics_ind_18_m_mean,The weighted average of 18-month forward dividend per share (DPS) estimation aggregated within GICS industry grouping.,"{'id': 'analyst15', 'name': 'Earnings forecasts'}","{'id': 'analyst', 'name': 'Analyst'}","{'id': 'analyst-analyst-estimates', 'name': 'Analyst Estimates'}",USA,1,TOP3000,MATRIX,0.9683,24,77,1.2,[]
anl15_dpsgics_ind_18_m_pe,The weighted average price/earnings ratio based on 18-month forward EPS estimation aggregated within GICS industry grouping.,"{'id': 'analyst15', 'name': 'Earnings forecasts'}","{'id': 'analyst', 'name': 'Analyst'}","{'id': 'analyst-analyst-estimates', 'name': 'Analyst Estimates'}",USA,1,TOP3000,MATRIX,0.9685,39,269,1.2,[]
anl15_dpsgics_ind_18_m_st_dev,The weighted average standard deviation of 18-month forward dividend per share (DPS) estimation aggregated within GICS industry grouping.,"{'id': 'analyst15', 'name': 'Earnings forecasts'}","{'id': 'analyst', 'name': 'Analyst'}","{'id': 'analyst-analyst-estimates', 'name': 'Analyst Estimates'}",USA,1,TOP3000,MATRIX,0.9587,35,64,1.2,[]
anl15_dpsgics_ind_18_m_total,The total of 18 month forward dividend per share (DPS) estimation aggregated within GICS industry grouping.,"{'id': 'analyst15', 'name': 'Earnings forecasts'}","{'id': 'analyst', 'name': 'Analyst'}","{'id': 'analyst-analyst-estimates', 'name': 'Analyst Estimates'}",USA,1,TOP3000,MATRIX,0.9685,22,63,1.2,[]
anl15_dpsgics_ind_cal_fy0_gro,The weighted year-over-year growth of dividend per share (DPS) estimation for the current calendarized fiscal year aggregated within GICS industry grouping.,"{'id': 'analyst15', 'name': 'Earnings forecasts'}","{'id': 'analyst', 'name': 'Analyst'}","{'id': 'analyst-analyst-estimates', 'name': 'Analyst Estimates'}",USA,1,TOP3000,MATRIX,0.9322,51,201,1.2,[]
anl15_dpsgics_ind_cal_fy0_pe,The weighted average price/earnings ratio based on EPS estimation for the current calendarized fiscal year aggregated within GICS industry grouping.,"{'id': 'analyst15', 'name': 'Earnings forecasts'}","{'id': 'analyst', 'name': 'Analyst'}","{'id': 'analyst-analyst-estimates', 'name': 'Analyst Estimates'}",USA,1,TOP3000,MATRIX,0.9596,26,46,1.2,[]
anl15_dpsgics_ind_cal_fy0_total,The total of dividend per share (DPS) estimation for the current calendarized fiscal year aggregated within GICS industry grouping.,"{'id': 'analyst15', 'name': 'Earnings forecasts'}","{'id': 'analyst', 'name': 'Analyst'}","{'id': 'analyst-analyst-estimates', 'name': 'Analyst Estimates'}",USA,1,TOP3000,MATRIX,0.9596,24,257,1.2,[]
anl15_dpsgics_ind_cal_fy0_val,The weighted average of dividend per share (DPS) estimation for the current calendarized fiscal year aggregated within GICS industry grouping.,"{'id': 'analyst15', 'name': 'Earnings forecasts'}","{'id': 'analyst', 'name': 'Analyst'}","{'id': 'analyst-analyst-estimates', 'name': 'Analyst Estimates'}",USA,1,TOP3000,MATRIX,0.9596,52,307,1.2,[]
anl15_dpsgics_ind_cal_fy1_1m_chg,The weighted 1-month percent change of dividend per share (DPS) estimation for the calendarized 1 fiscal year aggregated within GICS industry grouping.,"{'id': 'analyst15', 'name': 'Earnings forecasts'}","{'id': 'analyst', 'name': 'Analyst'}","{'id': 'analyst-analyst-estimates', 'name': 'Analyst Estimates'}",USA,1,TOP3000,MATRIX,0.9415,14,175,1.2,[]
anl15_dpsgics_ind_cal_fy1_3m_chg,The weighted 3-month percent change of dividend per share (DPS) estimation for the calendarized 1 fiscal year aggregated within GICS industry grouping.,"{'id': 'analyst15', 'name': 'Earnings forecasts'}","{'id': 'analyst', 'name': 'Analyst'}","{'id': 'analyst-analyst-estimates', 'name': 'Analyst Estimates'}",USA,1,TOP3000,MATRIX,0.9508,24,59,1.2,[]
anl15_dpsgics_ind_cal_fy1_6m_chg,The weighted 6-month percent change of dividend per share (DPS) estimation for the calendarized 1 fiscal year aggregated within GICS industry grouping.,"{'id': 'analyst15', 'name': 'Earnings forecasts'}","{'id': 'analyst', 'name': 'Analyst'}","{'id': 'analyst-analyst-estimates', 'name': 'Analyst Estimates'}",USA,1,TOP3000,MATRIX,0.9527,22,43,1.2,[]
anl15_dpsgics_ind_cal_fy1_cos,The number of companies with a calendarized one fiscal year dividend per share (DPS) estimation within GICS industry grouping.,"{'id': 'analyst15', 'name': 'Earnings forecasts'}","{'id': 'analyst', 'name': 'Analyst'}","{'id': 'analyst-analyst-estimates', 'name': 'Analyst Estimates'}",USA,1,TOP3000,MATRIX,1.0,51,440,1.2,[]
anl15_dpsgics_ind_cal_fy1_ests,The total number of calendarized 1 fiscal year dividend per share (DPS) estimation within GICS industry grouping.,"{'id': 'analyst15', 'name': 'Earnings forecasts'}","{'id': 'analyst', 'name': 'Analyst'}","{'id': 'analyst-analyst-estimates', 'name': 'Analyst Estimates'}",USA,1,TOP3000,MATRIX,0.9995,26,56,1.2,[]
anl15_dpsgics_ind_cal_fy1_gro,The weighted year-over-year growth of dividend per share (DPS) estimation for the calendarized 1 fiscal year aggregated within GICS industry grouping.,"{'id': 'analyst15', 'name': 'Earnings forecasts'}","{'id': 'analyst', 'name': 'Analyst'}","{'id': 'analyst-analyst-estimates', 'name': 'Analyst Estimates'}",USA,1,TOP3000,MATRIX,0.95,29,86,1.2,[]
anl15_dpsgics_ind_cal_fy1_mean,The weighted average of dividend per share (DPS) estimation for the calendarized 1 fiscal year aggregated within GICS industry grouping.,"{'id': 'analyst15', 'name': 'Earnings forecasts'}","{'id': 'analyst', 'name': 'Analyst'}","{'id': 'analyst-analyst-estimates', 'name': 'Analyst Estimates'}",USA,1,TOP3000,MATRIX,0.9633,30,40,1.2,[]
anl15_dpsgics_ind_cal_fy1_pe,The weighted average price/earnings ratio based on EPS estimation for the calendarized 1 fiscal year aggregated within GICS industry grouping.,"{'id': 'analyst15', 'name': 'Earnings forecasts'}","{'id': 'analyst', 'name': 'Analyst'}","{'id': 'analyst-analyst-estimates', 'name': 'Analyst Estimates'}",USA,1,TOP3000,MATRIX,0.9633,23,35,1.2,[]
anl15_dpsgics_ind_cal_fy1_st_dev,The weighted average standard deviation of dividend per share (DPS) estimation for the calendarized 1 fiscal year aggregated within GICS industry grouping.,"{'id': 'analyst15', 'name': 'Earnings forecasts'}","{'id': 'analyst', 'name': 'Analyst'}","{'id': 'analyst-analyst-estimates', 'name': 'Analyst Estimates'}",USA,1,TOP3000,MATRIX,0.9465,39,385,1.2,[]
anl15_dpsgics_ind_cal_fy1_total,The total of dividend per share (DPS) estimation for the calendarized 1 fiscal year aggregated within GICS industry grouping.,"{'id': 'analyst15', 'name': 'Earnings forecasts'}","{'id': 'analyst', 'name': 'Analyst'}","{'id': 'analyst-analyst-estimates', 'name': 'Analyst Estimates'}",USA,1,TOP3000,MATRIX,0.9633,35,94,1.2,[]
anl15_dpsgics_ind_cal_fy2_1m_chg,The weighted 1-month percent change of dividend per share (DPS) estimation for the calendarized 2 fiscal year aggregated within GICS industry grouping.,"{'id': 'analyst15', 'name': 'Earnings forecasts'}","{'id': 'analyst', 'name': 'Analyst'}","{'id': 'analyst-analyst-estimates', 'name': 'Analyst Estimates'}",USA,1,TOP3000,MATRIX,0.9512,11,225,1.2,[]
anl15_dpsgics_ind_cal_fy2_3m_chg,The weighted three-month percent change of dividend per share (DPS) estimation for the calendarized two fiscal years aggregated within GICS industry grouping.,"{'id': 'analyst15', 'name': 'Earnings forecasts'}","{'id': 'analyst', 'name': 'Analyst'}","{'id': 'analyst-analyst-estimates', 'name': 'Analyst Estimates'}",USA,1,TOP3000,MATRIX,0.959,27,45,1.2,[]
anl15_dpsgics_ind_cal_fy2_6m_chg,The weighted six month percent change of dividend per share (DPS) estimation for the calendarized 2 fiscal year aggregated within GICS industry grouping.,"{'id': 'analyst15', 'name': 'Earnings forecasts'}","{'id': 'analyst', 'name': 'Analyst'}","{'id': 'analyst-analyst-estimates', 'name': 'Analyst Estimates'}",USA,1,TOP3000,MATRIX,0.9577,30,79,1.2,[]
anl15_dpsgics_ind_cal_fy2_cos,The number of companies with a calendarized 2 fiscal year dividend per share (DPS) estimation within GICS industry grouping.,"{'id': 'analyst15', 'name': 'Earnings forecasts'}","{'id': 'analyst', 'name': 'Analyst'}","{'id': 'analyst-analyst-estimates', 'name': 'Analyst Estimates'}",USA,1,TOP3000,MATRIX,0.9996,70,161,1.2,[]
anl15_dpsgics_ind_cal_fy2_ests,The total number of calendarized 2 fiscal year dividend per share (DPS) estimation within GICS industry grouping.,"{'id': 'analyst15', 'name': 'Earnings forecasts'}","{'id': 'analyst', 'name': 'Analyst'}","{'id': 'analyst-analyst-estimates', 'name': 'Analyst Estimates'}",USA,1,TOP3000,MATRIX,0.9996,59,190,1.2,[]
anl15_dpsgics_ind_cal_fy2_gro,The weighted year-over-year growth of dividend per share (DPS) estimation for the calendarized 2 fiscal years aggregated within GICS industry grouping.,"{'id': 'analyst15', 'name': 'Earnings forecasts'}","{'id': 'analyst', 'name': 'Analyst'}","{'id': 'analyst-analyst-estimates', 'name': 'Analyst Estimates'}",USA,1,TOP3000,MATRIX,0.9551,31,60,1.2,[]
anl15_dpsgics_ind_cal_fy2_mean,The weighted average of dividend per share (DPS) estimation for the calendarized 2 fiscal years aggregated within GICS industry grouping.,"{'id': 'analyst15', 'name': 'Earnings forecasts'}","{'id': 'analyst', 'name': 'Analyst'}","{'id': 'analyst-analyst-estimates', 'name': 'Analyst Estimates'}",USA,1,TOP3000,MATRIX,0.9669,26,39,1.2,[]
anl15_dpsgics_ind_cal_fy2_pe,The weighted average price/earnings ratio based on EPS estimation for the calendarized 2 fiscal years aggregated within GICS industry grouping.,"{'id': 'analyst15', 'name': 'Earnings forecasts'}","{'id': 'analyst', 'name': 'Analyst'}","{'id': 'analyst-analyst-estimates', 'name': 'Analyst Estimates'}",USA,1,TOP3000,MATRIX,0.9669,35,245,1.2,[]
anl15_dpsgics_ind_cal_fy2_st_dev,The weighted average standard deviation of dividend per share (DPS) estimation for the calendarized 2 fiscal years aggregated within GICS industry grouping.,"{'id': 'analyst15', 'name': 'Earnings forecasts'}","{'id': 'analyst', 'name': 'Analyst'}","{'id': 'analyst-analyst-estimates', 'name': 'Analyst Estimates'}",USA,1,TOP3000,MATRIX,0.9557,43,623,1.2,[]
anl15_dpsgics_ind_cal_fy2_total,The total of dividend per share (DPS) estimation for the calendarized 2 fiscal years aggregated within GICS industry grouping.,"{'id': 'analyst15', 'name': 'Earnings forecasts'}","{'id': 'analyst', 'name': 'Analyst'}","{'id': 'analyst-analyst-estimates', 'name': 'Analyst Estimates'}",USA,1,TOP3000,MATRIX,0.9669,39,67,1.2,[]
anl15_dpsgics_ind_cal_fy3_1m_chg,The weighted 1-month percent change of dividend per share (DPS) estimation for the calendarized 3 fiscal years aggregated within GICS industry grouping.,"{'id': 'analyst15', 'name': 'Earnings forecasts'}","{'id': 'analyst', 'name': 'Analyst'}","{'id': 'analyst-analyst-estimates', 'name': 'Analyst Estimates'}",USA,1,TOP3000,MATRIX,0.9246,19,44,1.2,[]
anl15_dpsgics_ind_cal_fy3_3m_chg,The weighted 3-month percent change of dividend per share (DPS) estimation for the calendarized 3 fiscal year aggregated within GICS industry grouping.,"{'id': 'analyst15', 'name': 'Earnings forecasts'}","{'id': 'analyst', 'name': 'Analyst'}","{'id': 'analyst-analyst-estimates', 'name': 'Analyst Estimates'}",USA,1,TOP3000,MATRIX,0.9292,17,34,1.2,[]
anl15_dpsgics_ind_cal_fy3_6m_chg,The weighted 6-month percent change of dividend per share (DPS) estimation for the calendarized 3 fiscal years aggregated within GICS industry grouping.,"{'id': 'analyst15', 'name': 'Earnings forecasts'}","{'id': 'analyst', 'name': 'Analyst'}","{'id': 'analyst-analyst-estimates', 'name': 'Analyst Estimates'}",USA,1,TOP3000,MATRIX,0.9078,14,23,1.2,[]
anl15_dpsgics_ind_cal_fy3_cos,The number of companies with a calendarized 3 fiscal year dividend per share (DPS) estimation within GICS industry grouping.,"{'id': 'analyst15', 'name': 'Earnings forecasts'}","{'id': 'analyst', 'name': 'Analyst'}","{'id': 'analyst-analyst-estimates', 'name': 'Analyst Estimates'}",USA,1,TOP3000,MATRIX,0.9952,52,363,1.2,[]
anl15_dpsgics_ind_cal_fy3_ests,The total number of calendarized three fiscal year dividend per share (DPS) estimations within GICS industry grouping.,"{'id': 'analyst15', 'name': 'Earnings forecasts'}","{'id': 'analyst', 'name': 'Analyst'}","{'id': 'analyst-analyst-estimates', 'name': 'Analyst Estimates'}",USA,1,TOP3000,MATRIX,0.9952,48,99,1.2,[]
anl15_dpsgics_ind_cal_fy3_gro,The weighted year-over-year growth of dividend per share (DPS) estimation for the calendarized 3 fiscal years aggregated within GICS industry grouping.,"{'id': 'analyst15', 'name': 'Earnings forecasts'}","{'id': 'analyst', 'name': 'Analyst'}","{'id': 'analyst-analyst-estimates', 'name': 'Analyst Estimates'}",USA,1,TOP3000,MATRIX,0.9521,46,103,1.2,[]
anl15_dpsgics_ind_cal_fy3_mean,The weighted average of dividend per share (DPS) estimation for the calendarized 3 fiscal years aggregated within GICS industry grouping.,"{'id': 'analyst15', 'name': 'Earnings forecasts'}","{'id': 'analyst', 'name': 'Analyst'}","{'id': 'analyst-analyst-estimates', 'name': 'Analyst Estimates'}",USA,1,TOP3000,MATRIX,0.9642,30,133,1.2,[]
anl15_dpsgics_ind_cal_fy3_pe,The weighted average price/earnings ratio based on EPS estimation for the calendarized 3 fiscal years aggregated within GICS industry grouping.,"{'id': 'analyst15', 'name': 'Earnings forecasts'}","{'id': 'analyst', 'name': 'Analyst'}","{'id': 'analyst-analyst-estimates', 'name': 'Analyst Estimates'}",USA,1,TOP3000,MATRIX,0.9642,30,64,1.2,[]
anl15_dpsgics_ind_cal_fy3_st_dev,The weighted average standard deviation of dividend per share (DPS) estimation for the calendarized 3 fiscal years aggregated within GICS industry grouping.,"{'id': 'analyst15', 'name': 'Earnings forecasts'}","{'id': 'analyst', 'name': 'Analyst'}","{'id': 'analyst-analyst-estimates', 'name': 'Analyst Estimates'}",USA,1,TOP3000,MATRIX,0.9294,48,137,1.2,[]
anl15_dpsgics_ind_cal_fy3_total,The total of dividend per share (DPS) estimation for the calendarized 3 fiscal years aggregated within GICS industry grouping.,"{'id': 'analyst15', 'name': 'Earnings forecasts'}","{'id': 'analyst', 'name': 'Analyst'}","{'id': 'analyst-analyst-estimates', 'name': 'Analyst Estimates'}",USA,1,TOP3000,MATRIX,0.9642,22,76,1.2,[]
anl15_dpsgics_ind_fy1_cos_dn,The number of companies for which dividend per share (DPS) estimation for the calendarized one fiscal year has been lowered from last month within GICS industry grouping.,"{'id': 'analyst15', 'name': 'Earnings forecasts'}","{'id': 'analyst', 'name': 'Analyst'}","{'id': 'analyst-analyst-estimates', 'name': 'Analyst Estimates'}",USA,1,TOP3000,MATRIX,0.9074,64,536,1.2,[]
anl15_dpsgics_ind_fy1_cos_up,The number of companies for which dividend per share (DPS) estimation for the calendarized 1 fiscal year has been raised from last month within GICS industry grouping.,"{'id': 'analyst15', 'name': 'Earnings forecasts'}","{'id': 'analyst', 'name': 'Analyst'}","{'id': 'analyst-analyst-estimates', 'name': 'Analyst Estimates'}",USA,1,TOP3000,MATRIX,0.9164,33,497,1.2,[]
anl15_dpsgics_ind_fy1_ests_dn,"Count of unique IDs of industry participants. Industry stands for an aggregate view of all  equity clearance activity for the date, symbol, and transaction type in question.","{'id': 'analyst15', 'name': 'Earnings forecasts'}","{'id': 'analyst', 'name': 'Analyst'}","{'id': 'analyst-analyst-estimates', 'name': 'Analyst Estimates'}",USA,1,TOP3000,MATRIX,0.8576,22,731,1.2,[]
anl15_dpsgics_ind_fy1_ests_up,"Count of unique IDs of industry participants. Industry stands for an aggregate view of all  equity clearance activity for the date, symbol, and transaction type in question.","{'id': 'analyst15', 'name': 'Earnings forecasts'}","{'id': 'analyst', 'name': 'Analyst'}","{'id': 'analyst-analyst-estimates', 'name': 'Analyst Estimates'}",USA,1,TOP3000,MATRIX,0.8878,27,276,1.2,[]
anl15_dpsgics_ind_fy2_cos_dn,The number of companies for which dividend per share (DPS) estimation for the calendarized 2 fiscal years has been lowered from last month within GICS industry grouping.,"{'id': 'analyst15', 'name': 'Earnings forecasts'}","{'id': 'analyst', 'name': 'Analyst'}","{'id': 'analyst-analyst-estimates', 'name': 'Analyst Estimates'}",USA,1,TOP3000,MATRIX,0.9232,35,58,1.2,[]
anl15_dpsgics_ind_fy2_cos_up,The number of companies for which dividend per share (DPS) estimation for the calendarized 2 fiscal years has been raised from last month within GICS industry grouping.,"{'id': 'analyst15', 'name': 'Earnings forecasts'}","{'id': 'analyst', 'name': 'Analyst'}","{'id': 'analyst-analyst-estimates', 'name': 'Analyst Estimates'}",USA,1,TOP3000,MATRIX,0.9286,33,50,1.2,[]
anl15_dpsgics_ind_fy2_ests_dn,"Count of unique IDs of industry participants. Industry stands for an aggregate view of all  equity clearance activity for the date, symbol, and transaction type in question.","{'id': 'analyst15', 'name': 'Earnings forecasts'}","{'id': 'analyst', 'name': 'Analyst'}","{'id': 'analyst-analyst-estimates', 'name': 'Analyst Estimates'}",USA,1,TOP3000,MATRIX,0.873,30,71,1.2,[]
anl15_dpsgics_ind_fy2_ests_up,"Count of unique IDs of industry participants. Industry stands for an aggregate view of all  equity clearance activity for the date, symbol, and transaction type in question.","{'id': 'analyst15', 'name': 'Earnings forecasts'}","{'id': 'analyst', 'name': 'Analyst'}","{'id': 'analyst-analyst-estimates', 'name': 'Analyst Estimates'}",USA,1,TOP3000,MATRIX,0.9014,11,26,1.2,[]
anl15_dpsgics_ind_fy3_cos_dn,The number of companies for which dividend per share (DPS) estimation for the calendarized 3 fiscal years has been lowered from last month within GICS industry grouping.,"{'id': 'analyst15', 'name': 'Earnings forecasts'}","{'id': 'analyst', 'name': 'Analyst'}","{'id': 'analyst-analyst-estimates', 'name': 'Analyst Estimates'}",USA,1,TOP3000,MATRIX,0.8831,39,64,1.2,[]
anl15_dpsgics_ind_fy3_cos_up,The number of companies for which dividend per share (DPS) estimation for the calendarized 3 fiscal year has been raised from last month within GICS industry grouping.,"{'id': 'analyst15', 'name': 'Earnings forecasts'}","{'id': 'analyst', 'name': 'Analyst'}","{'id': 'analyst-analyst-estimates', 'name': 'Analyst Estimates'}",USA,1,TOP3000,MATRIX,0.8946,17,34,1.2,[]
anl15_dpsgics_ind_fy3_ests_dn,"Count of unique IDs of industry participants. Industry stands for an aggregate view of all  equity clearance activity for the date, symbol, and transaction type in question.","{'id': 'analyst15', 'name': 'Earnings forecasts'}","{'id': 'analyst', 'name': 'Analyst'}","{'id': 'analyst-analyst-estimates', 'name': 'Analyst Estimates'}",USA,1,TOP3000,MATRIX,0.8095,22,37,1.2,[]
anl15_dpsgics_ind_fy3_ests_up,"Count of unique IDs of industry participants. Industry stands for an aggregate view of all  equity clearance activity for the date, symbol, and transaction type in question.","{'id': 'analyst15', 'name': 'Earnings forecasts'}","{'id': 'analyst', 'name': 'Analyst'}","{'id': 'analyst-analyst-estimates', 'name': 'Analyst Estimates'}",USA,1,TOP3000,MATRIX,0.8451,47,121,1.2,[]
anl15_dpsgics_s_12_m_1m_chg,The weighted 1-month percent change of 12-month forward dividend per share (DPS) estimation aggregated within GICS sector grouping.,"{'id': 'analyst15', 'name': 'Earnings forecasts'}","{'id': 'analyst', 'name': 'Analyst'}","{'id': 'analyst-analyst-estimates', 'name': 'Analyst Estimates'}",USA,1,TOP3000,MATRIX,1.0,19,240,1.2,[]
anl15_dpsgics_s_12_m_3m_chg,The weighted 3-month percent change of 12-month forward dividend per share (DPS) estimation aggregated within GICS sector grouping.,"{'id': 'analyst15', 'name': 'Earnings forecasts'}","{'id': 'analyst', 'name': 'Analyst'}","{'id': 'analyst-analyst-estimates', 'name': 'Analyst Estimates'}",USA,1,TOP3000,MATRIX,1.0,37,80,1.2,[]
anl15_dpsgics_s_12_m_6m_chg,The weighted 6-month percent change of 12-month forward dividend per share (DPS) estimation aggregated within GICS sector grouping.,"{'id': 'analyst15', 'name': 'Earnings forecasts'}","{'id': 'analyst', 'name': 'Analyst'}","{'id': 'analyst-analyst-estimates', 'name': 'Analyst Estimates'}",USA,1,TOP3000,MATRIX,1.0,39,94,1.2,[]
anl15_dpsgics_s_12_m_cos,The number of companies with a 12-month forward mean dividend per share (DPS) estimation within GICS sector grouping.,"{'id': 'analyst15', 'name': 'Earnings forecasts'}","{'id': 'analyst', 'name': 'Analyst'}","{'id': 'analyst-analyst-estimates', 'name': 'Analyst Estimates'}",USA,1,TOP3000,MATRIX,1.0,41,83,1.2,[]
anl15_dpsgics_s_12_m_cos_dn,The number of companies for which 12-month forward mean dividend per share (DPS) estimation has been lowered from last month within GICS sector grouping.,"{'id': 'analyst15', 'name': 'Earnings forecasts'}","{'id': 'analyst', 'name': 'Analyst'}","{'id': 'analyst-analyst-estimates', 'name': 'Analyst Estimates'}",USA,1,TOP3000,MATRIX,1.0,31,73,1.2,[]
anl15_dpsgics_s_12_m_cos_up,The number of companies for which 12-month forward mean dividend per share (DPS) estimation has been raised from last month within GICS sector grouping.,"{'id': 'analyst15', 'name': 'Earnings forecasts'}","{'id': 'analyst', 'name': 'Analyst'}","{'id': 'analyst-analyst-estimates', 'name': 'Analyst Estimates'}",USA,1,TOP3000,MATRIX,1.0,33,63,1.2,[]
anl15_dpsgics_s_12_m_ests,The 12-month forward pro-rated total number of estimates within GICS sector grouping.,"{'id': 'analyst15', 'name': 'Earnings forecasts'}","{'id': 'analyst', 'name': 'Analyst'}","{'id': 'analyst-analyst-estimates', 'name': 'Analyst Estimates'}",USA,1,TOP3000,MATRIX,1.0,31,323,1.2,[]
anl15_dpsgics_s_12_m_ests_dn,"Count of unique IDs of industry participants. Industry stands for an aggregate view of all  equity clearance activity for the date, symbol, and transaction type in question.","{'id': 'analyst15', 'name': 'Earnings forecasts'}","{'id': 'analyst', 'name': 'Analyst'}","{'id': 'analyst-analyst-estimates', 'name': 'Analyst Estimates'}",USA,1,TOP3000,MATRIX,0.9644,70,131,1.2,[]
anl15_dpsgics_s_12_m_ests_up,"Count of unique IDs of industry participants. Industry stands for an aggregate view of all  equity clearance activity for the date, symbol, and transaction type in question.","{'id': 'analyst15', 'name': 'Earnings forecasts'}","{'id': 'analyst', 'name': 'Analyst'}","{'id': 'analyst-analyst-estimates', 'name': 'Analyst Estimates'}",USA,1,TOP3000,MATRIX,1.0,51,89,1.2,[]
anl15_dpsgics_s_12_m_gro,The weighted 12-month forward year-over-year growth of dividend per share (DPS) estimation aggregated within GICS sector grouping.,"{'id': 'analyst15', 'name': 'Earnings forecasts'}","{'id': 'analyst', 'name': 'Analyst'}","{'id': 'analyst-analyst-estimates', 'name': 'Analyst Estimates'}",USA,1,TOP3000,MATRIX,1.0,39,68,1.2,[]
anl15_dpsgics_s_12_m_mean,The weighted average of 12 month forward dividend per share (DPS) estimation aggregated within GICS sector grouping.,"{'id': 'analyst15', 'name': 'Earnings forecasts'}","{'id': 'analyst', 'name': 'Analyst'}","{'id': 'analyst-analyst-estimates', 'name': 'Analyst Estimates'}",USA,1,TOP3000,MATRIX,1.0,29,202,1.2,[]
anl15_dpsgics_s_12_m_pe,The weighted average price/earnings ratio based on 12-month forward EPS estimation aggregated within GICS sector grouping.,"{'id': 'analyst15', 'name': 'Earnings forecasts'}","{'id': 'analyst', 'name': 'Analyst'}","{'id': 'analyst-analyst-estimates', 'name': 'Analyst Estimates'}",USA,1,TOP3000,MATRIX,1.0,48,138,1.2,[]
anl15_dpsgics_s_12_m_st_dev,The weighted average standard deviation of 12-month forward dividend per share (DPS) estimation aggregated within GICS sector grouping.,"{'id': 'analyst15', 'name': 'Earnings forecasts'}","{'id': 'analyst', 'name': 'Analyst'}","{'id': 'analyst-analyst-estimates', 'name': 'Analyst Estimates'}",USA,1,TOP3000,MATRIX,1.0,28,42,1.2,[]
anl15_dpsgics_s_12_m_total,The total of 12-month forward dividend per share (DPS) estimation aggregated within GICS sector grouping.,"{'id': 'analyst15', 'name': 'Earnings forecasts'}","{'id': 'analyst', 'name': 'Analyst'}","{'id': 'analyst-analyst-estimates', 'name': 'Analyst Estimates'}",USA,1,TOP3000,MATRIX,1.0,17,35,1.2,[]
anl15_dpsgics_s_12_m_tr_mean,The weighted average of 12-month trailing dividend per share (DPS) aggregated within GICS sector grouping.,"{'id': 'analyst15', 'name': 'Earnings forecasts'}","{'id': 'analyst', 'name': 'Analyst'}","{'id': 'analyst-analyst-estimates', 'name': 'Analyst Estimates'}",USA,1,TOP3000,MATRIX,1.0,29,55,1.2,[]
anl15_dpsgics_s_18_m_1m_chg,The weighted 1-month percent change of 18-month forward dividend per share (DPS) estimation aggregated within GICS sector grouping.,"{'id': 'analyst15', 'name': 'Earnings forecasts'}","{'id': 'analyst', 'name': 'Analyst'}","{'id': 'analyst-analyst-estimates', 'name': 'Analyst Estimates'}",USA,1,TOP3000,MATRIX,1.0,37,84,1.2,[]
anl15_dpsgics_s_18_m_3m_chg,The weighted 3-month percent change of 18-month forward dividend per share (DPS) estimation aggregated within GICS sector grouping.,"{'id': 'analyst15', 'name': 'Earnings forecasts'}","{'id': 'analyst', 'name': 'Analyst'}","{'id': 'analyst-analyst-estimates', 'name': 'Analyst Estimates'}",USA,1,TOP3000,MATRIX,1.0,31,77,1.2,[]
anl15_dpsgics_s_18_m_6m_chg,The weighted 6-month percent change of 18-month forward dividend per share (DPS) estimation aggregated within GICS sector grouping.,"{'id': 'analyst15', 'name': 'Earnings forecasts'}","{'id': 'analyst', 'name': 'Analyst'}","{'id': 'analyst-analyst-estimates', 'name': 'Analyst Estimates'}",USA,1,TOP3000,MATRIX,1.0,31,97,1.2,[]
anl15_dpsgics_s_18_m_cos,The number of companies with an 18-month forward mean Dividend Per Share (DPS) estimation within GICS sector grouping.,"{'id': 'analyst15', 'name': 'Earnings forecasts'}","{'id': 'analyst', 'name': 'Analyst'}","{'id': 'analyst-analyst-estimates', 'name': 'Analyst Estimates'}",USA,1,TOP3000,MATRIX,1.0,69,695,1.2,[]
anl15_dpsgics_s_18_m_cos_dn,The number of companies for which 18-month forward mean dividend per share (DPS) estimation has been lowered from last month within GICS sector grouping.,"{'id': 'analyst15', 'name': 'Earnings forecasts'}","{'id': 'analyst', 'name': 'Analyst'}","{'id': 'analyst-analyst-estimates', 'name': 'Analyst Estimates'}",USA,1,TOP3000,MATRIX,1.0,41,92,1.2,[]
anl15_dpsgics_s_18_m_cos_up,The number of companies for which 18-month forward mean dividend per share (DPS) estimation has been raised from last month within GICS sector grouping.,"{'id': 'analyst15', 'name': 'Earnings forecasts'}","{'id': 'analyst', 'name': 'Analyst'}","{'id': 'analyst-analyst-estimates', 'name': 'Analyst Estimates'}",USA,1,TOP3000,MATRIX,1.0,55,169,1.2,[]
anl15_dpsgics_s_18_m_ests,The 18-month forward pro-rated total number of estimates within GICS sector grouping.,"{'id': 'analyst15', 'name': 'Earnings forecasts'}","{'id': 'analyst', 'name': 'Analyst'}","{'id': 'analyst-analyst-estimates', 'name': 'Analyst Estimates'}",USA,1,TOP3000,MATRIX,1.0,21,124,1.2,[]
anl15_dpsgics_s_18_m_ests_dn,"Count of unique IDs of industry participants. Industry stands for an aggregate view of all  equity clearance activity for the date, symbol, and transaction type in question.","{'id': 'analyst15', 'name': 'Earnings forecasts'}","{'id': 'analyst', 'name': 'Analyst'}","{'id': 'analyst-analyst-estimates', 'name': 'Analyst Estimates'}",USA,1,TOP3000,MATRIX,0.9484,51,483,1.2,[]
anl15_dpsgics_s_18_m_ests_up,"Count of unique IDs of industry participants. Industry stands for an aggregate view of all  equity clearance activity for the date, symbol, and transaction type in question.","{'id': 'analyst15', 'name': 'Earnings forecasts'}","{'id': 'analyst', 'name': 'Analyst'}","{'id': 'analyst-analyst-estimates', 'name': 'Analyst Estimates'}",USA,1,TOP3000,MATRIX,1.0,55,600,1.2,[]
anl15_dpsgics_s_18_m_gro,The weighted 18-month forward year-over-year growth of dividend per share (DPS) estimation aggregated within GICS sector grouping.,"{'id': 'analyst15', 'name': 'Earnings forecasts'}","{'id': 'analyst', 'name': 'Analyst'}","{'id': 'analyst-analyst-estimates', 'name': 'Analyst Estimates'}",USA,1,TOP3000,MATRIX,1.0,40,325,1.2,[]
anl15_dpsgics_s_18_m_mean,The weighted average of 18-month forward dividend per share (DPS) estimation aggregated within GICS sector grouping.,"{'id': 'analyst15', 'name': 'Earnings forecasts'}","{'id': 'analyst', 'name': 'Analyst'}","{'id': 'analyst-analyst-estimates', 'name': 'Analyst Estimates'}",USA,1,TOP3000,MATRIX,1.0,25,227,1.2,[]
anl15_dpsgics_s_18_m_pe,The weighted average price/earnings ratio based on 18-month forward EPS estimation aggregated within GICS sector grouping.,"{'id': 'analyst15', 'name': 'Earnings forecasts'}","{'id': 'analyst', 'name': 'Analyst'}","{'id': 'analyst-analyst-estimates', 'name': 'Analyst Estimates'}",USA,1,TOP3000,MATRIX,1.0,30,46,1.2,[]
anl15_dpsgics_s_18_m_st_dev,The weighted average standard deviation of 18 month forward dividend per share (DPS) estimation aggregated within GICS sector grouping.,"{'id': 'analyst15', 'name': 'Earnings forecasts'}","{'id': 'analyst', 'name': 'Analyst'}","{'id': 'analyst-analyst-estimates', 'name': 'Analyst Estimates'}",USA,1,TOP3000,MATRIX,1.0,36,284,1.2,[]
anl15_dpsgics_s_18_m_total,The total of 18-month forward dividend per share (DPS) estimation aggregated within GICS sector grouping.,"{'id': 'analyst15', 'name': 'Earnings forecasts'}","{'id': 'analyst', 'name': 'Analyst'}","{'id': 'analyst-analyst-estimates', 'name': 'Analyst Estimates'}",USA,1,TOP3000,MATRIX,1.0,46,87,1.2,[]
anl15_dpsgics_s_cal_fy0_gro,The weighted year-over-year growth of dividend per share (DPS) estimation for the current calendarized fiscal year aggregated within GICS sector grouping.,"{'id': 'analyst15', 'name': 'Earnings forecasts'}","{'id': 'analyst', 'name': 'Analyst'}","{'id': 'analyst-analyst-estimates', 'name': 'Analyst Estimates'}",USA,1,TOP3000,MATRIX,1.0,29,63,1.2,[]
anl15_dpsgics_s_cal_fy0_pe,The weighted average price/earnings ratio based on EPS estimation for the current calendarized fiscal year aggregated within GICS sector grouping.,"{'id': 'analyst15', 'name': 'Earnings forecasts'}","{'id': 'analyst', 'name': 'Analyst'}","{'id': 'analyst-analyst-estimates', 'name': 'Analyst Estimates'}",USA,1,TOP3000,MATRIX,1.0,36,493,1.2,[]
anl15_dpsgics_s_cal_fy0_total,The total of dividend per share (DPS) estimation for the current calendarized fiscal year aggregated within GICS sector grouping.,"{'id': 'analyst15', 'name': 'Earnings forecasts'}","{'id': 'analyst', 'name': 'Analyst'}","{'id': 'analyst-analyst-estimates', 'name': 'Analyst Estimates'}",USA,1,TOP3000,MATRIX,1.0,59,151,1.2,[]
anl15_dpsgics_s_cal_fy0_val,The weighted average of dividend per share (DPS) estimation for the current calendarized fiscal year aggregated within GICS sector grouping.,"{'id': 'analyst15', 'name': 'Earnings forecasts'}","{'id': 'analyst', 'name': 'Analyst'}","{'id': 'analyst-analyst-estimates', 'name': 'Analyst Estimates'}",USA,1,TOP3000,MATRIX,1.0,27,66,1.2,[]
anl15_dpsgics_s_cal_fy1_1m_chg,The weighted one-month percent change of dividend per share (DPS) estimation for the calendarized one fiscal year aggregated within GICS sector grouping.,"{'id': 'analyst15', 'name': 'Earnings forecasts'}","{'id': 'analyst', 'name': 'Analyst'}","{'id': 'analyst-analyst-estimates', 'name': 'Analyst Estimates'}",USA,1,TOP3000,MATRIX,1.0,39,224,1.2,[]
anl15_dpsgics_s_cal_fy1_3m_chg,The weighted 3-month percent change of dividend per share (DPS) estimation for the calendarized 1 fiscal year aggregated within GICS sector grouping.,"{'id': 'analyst15', 'name': 'Earnings forecasts'}","{'id': 'analyst', 'name': 'Analyst'}","{'id': 'analyst-analyst-estimates', 'name': 'Analyst Estimates'}",USA,1,TOP3000,MATRIX,1.0,46,221,1.2,[]
anl15_dpsgics_s_cal_fy1_6m_chg,The weighted 6-month percent change of dividend per share (DPS) estimation for the calendarized 1 fiscal year aggregated within GICS sector grouping.,"{'id': 'analyst15', 'name': 'Earnings forecasts'}","{'id': 'analyst', 'name': 'Analyst'}","{'id': 'analyst-analyst-estimates', 'name': 'Analyst Estimates'}",USA,1,TOP3000,MATRIX,1.0,38,70,1.2,[]
anl15_dpsgics_s_cal_fy1_cos,The number of companies with a calendarized 1 fiscal year dividend per share (DPS) estimation within GICS sector grouping.,"{'id': 'analyst15', 'name': 'Earnings forecasts'}","{'id': 'analyst', 'name': 'Analyst'}","{'id': 'analyst-analyst-estimates', 'name': 'Analyst Estimates'}",USA,1,TOP3000,MATRIX,1.0,30,163,1.2,[]
anl15_dpsgics_s_cal_fy1_ests,The total number of calendarized 1 fiscal year dividend per share (DPS) estimation within GICS sector grouping.,"{'id': 'analyst15', 'name': 'Earnings forecasts'}","{'id': 'analyst', 'name': 'Analyst'}","{'id': 'analyst-analyst-estimates', 'name': 'Analyst Estimates'}",USA,1,TOP3000,MATRIX,1.0,39,166,1.2,[]
anl15_dpsgics_s_cal_fy1_gro,The weighted year-over-year growth of dividend per share (DPS) estimation for the calendarized 1 fiscal year aggregated within GICS sector grouping.,"{'id': 'analyst15', 'name': 'Earnings forecasts'}","{'id': 'analyst', 'name': 'Analyst'}","{'id': 'analyst-analyst-estimates', 'name': 'Analyst Estimates'}",USA,1,TOP3000,MATRIX,1.0,49,97,1.2,[]
anl15_dpsgics_s_cal_fy1_mean,The weighted average of dividend per share (DPS) estimation for the calendarized 1 fiscal year aggregated within GICS sector grouping.,"{'id': 'analyst15', 'name': 'Earnings forecasts'}","{'id': 'analyst', 'name': 'Analyst'}","{'id': 'analyst-analyst-estimates', 'name': 'Analyst Estimates'}",USA,1,TOP3000,MATRIX,1.0,37,143,1.2,[]
anl15_dpsgics_s_cal_fy1_pe,The weighted average price/earnings ratio based on EPS estimation for the calendarized 1 fiscal year aggregated within GICS sector grouping.,"{'id': 'analyst15', 'name': 'Earnings forecasts'}","{'id': 'analyst', 'name': 'Analyst'}","{'id': 'analyst-analyst-estimates', 'name': 'Analyst Estimates'}",USA,1,TOP3000,MATRIX,1.0,41,93,1.2,[]
anl15_dpsgics_s_cal_fy1_st_dev,The weighted average standard deviation of dividend per share (DPS) estimation for the calendarized 1 fiscal year aggregated within GICS sector grouping.,"{'id': 'analyst15', 'name': 'Earnings forecasts'}","{'id': 'analyst', 'name': 'Analyst'}","{'id': 'analyst-analyst-estimates', 'name': 'Analyst Estimates'}",USA,1,TOP3000,MATRIX,1.0,40,374,1.2,[]
anl15_dpsgics_s_cal_fy1_total,The total of dividend per share (DPS) estimation for the calendarized 1 fiscal year aggregated within GICS sector grouping.,"{'id': 'analyst15', 'name': 'Earnings forecasts'}","{'id': 'analyst', 'name': 'Analyst'}","{'id': 'analyst-analyst-estimates', 'name': 'Analyst Estimates'}",USA,1,TOP3000,MATRIX,1.0,22,177,1.2,[]
anl15_dpsgics_s_cal_fy2_1m_chg,The weighted 1-month percent change of dividend per share (DPS) estimation for the calendarized 2 fiscal year aggregated within GICS sector grouping.,"{'id': 'analyst15', 'name': 'Earnings forecasts'}","{'id': 'analyst', 'name': 'Analyst'}","{'id': 'analyst-analyst-estimates', 'name': 'Analyst Estimates'}",USA,1,TOP3000,MATRIX,1.0,32,57,1.2,[]
anl15_dpsgics_s_cal_fy2_3m_chg,The weighted 3-month percent change of dividend per share (DPS) estimation for the calendarized 2 fiscal years aggregated within GICS sector grouping.,"{'id': 'analyst15', 'name': 'Earnings forecasts'}","{'id': 'analyst', 'name': 'Analyst'}","{'id': 'analyst-analyst-estimates', 'name': 'Analyst Estimates'}",USA,1,TOP3000,MATRIX,1.0,16,21,1.2,[]
anl15_dpsgics_s_cal_fy2_6m_chg,The weighted 6-month percent change of dividend per share (DPS) estimation for the calendarized 2 fiscal years aggregated within GICS sector grouping.,"{'id': 'analyst15', 'name': 'Earnings forecasts'}","{'id': 'analyst', 'name': 'Analyst'}","{'id': 'analyst-analyst-estimates', 'name': 'Analyst Estimates'}",USA,1,TOP3000,MATRIX,1.0,74,1155,1.2,[]
anl15_dpsgics_s_cal_fy2_cos,The number of companies with a calendarized 2 fiscal year dividend per share (DPS) estimation within GICS sector grouping.,"{'id': 'analyst15', 'name': 'Earnings forecasts'}","{'id': 'analyst', 'name': 'Analyst'}","{'id': 'analyst-analyst-estimates', 'name': 'Analyst Estimates'}",USA,1,TOP3000,MATRIX,1.0,29,181,1.2,[]
anl15_dpsgics_s_cal_fy2_ests,The total number of calendarized two fiscal year dividend per share (DPS) estimation within GICS sector grouping.,"{'id': 'analyst15', 'name': 'Earnings forecasts'}","{'id': 'analyst', 'name': 'Analyst'}","{'id': 'analyst-analyst-estimates', 'name': 'Analyst Estimates'}",USA,1,TOP3000,MATRIX,1.0,40,162,1.2,[]
anl15_dpsgics_s_cal_fy2_gro,The weighted year-over-year growth of dividend per share (DPS) estimation for the calendarized 2 fiscal years aggregated within GICS sector grouping.,"{'id': 'analyst15', 'name': 'Earnings forecasts'}","{'id': 'analyst', 'name': 'Analyst'}","{'id': 'analyst-analyst-estimates', 'name': 'Analyst Estimates'}",USA,1,TOP3000,MATRIX,1.0,29,61,1.2,[]
anl15_dpsgics_s_cal_fy2_mean,The weighted average of dividend per share (DPS) estimation for the calendarized 2 fiscal year aggregated within GICS sector grouping.,"{'id': 'analyst15', 'name': 'Earnings forecasts'}","{'id': 'analyst', 'name': 'Analyst'}","{'id': 'analyst-analyst-estimates', 'name': 'Analyst Estimates'}",USA,1,TOP3000,MATRIX,1.0,36,241,1.2,[]
anl15_dpsgics_s_cal_fy2_pe,The weighted average price/earnings ratio based on EPS estimation for the calendarized 2 fiscal years aggregated within GICS sector grouping.,"{'id': 'analyst15', 'name': 'Earnings forecasts'}","{'id': 'analyst', 'name': 'Analyst'}","{'id': 'analyst-analyst-estimates', 'name': 'Analyst Estimates'}",USA,1,TOP3000,MATRIX,1.0,32,473,1.2,[]
anl15_dpsgics_s_cal_fy2_st_dev,The weighted average standard deviation of dividend per share (DPS) estimation for the calendarized 2 fiscal years aggregated within GICS sector grouping.,"{'id': 'analyst15', 'name': 'Earnings forecasts'}","{'id': 'analyst', 'name': 'Analyst'}","{'id': 'analyst-analyst-estimates', 'name': 'Analyst Estimates'}",USA,1,TOP3000,MATRIX,1.0,47,252,1.2,[]
anl15_dpsgics_s_cal_fy2_total,The total of dividend per share (DPS) estimation for the calendarized 2 fiscal years aggregated within GICS sector grouping.,"{'id': 'analyst15', 'name': 'Earnings forecasts'}","{'id': 'analyst', 'name': 'Analyst'}","{'id': 'analyst-analyst-estimates', 'name': 'Analyst Estimates'}",USA,1,TOP3000,MATRIX,1.0,59,1106,1.2,[]
anl15_dpsgics_s_cal_fy3_1m_chg,The weighted 1-month percent change of dividend per share (DPS) estimation for the calendarized 3 fiscal years aggregated within GICS sector grouping.,"{'id': 'analyst15', 'name': 'Earnings forecasts'}","{'id': 'analyst', 'name': 'Analyst'}","{'id': 'analyst-analyst-estimates', 'name': 'Analyst Estimates'}",USA,1,TOP3000,MATRIX,1.0,29,48,1.2,[]
anl15_dpsgics_s_cal_fy3_3m_chg,The weighted 3-month percent change of dividend per share (DPS) estimation for the calendarized 3 fiscal year aggregated within GICS sector grouping.,"{'id': 'analyst15', 'name': 'Earnings forecasts'}","{'id': 'analyst', 'name': 'Analyst'}","{'id': 'analyst-analyst-estimates', 'name': 'Analyst Estimates'}",USA,1,TOP3000,MATRIX,1.0,41,79,1.2,[]
anl15_dpsgics_s_cal_fy3_6m_chg,The weighted 6-month percent change of dividend per share (DPS) estimation for the calendarized 3 fiscal years aggregated within GICS sector grouping.,"{'id': 'analyst15', 'name': 'Earnings forecasts'}","{'id': 'analyst', 'name': 'Analyst'}","{'id': 'analyst-analyst-estimates', 'name': 'Analyst Estimates'}",USA,1,TOP3000,MATRIX,1.0,91,2168,1.2,[]
anl15_dpsgics_s_cal_fy3_cos,The number of companies with a calendarized 3 fiscal year dividend per share (DPS) estimation within GICS sector grouping.,"{'id': 'analyst15', 'name': 'Earnings forecasts'}","{'id': 'analyst', 'name': 'Analyst'}","{'id': 'analyst-analyst-estimates', 'name': 'Analyst Estimates'}",USA,1,TOP3000,MATRIX,1.0,62,379,1.2,[]
anl15_dpsgics_s_cal_fy3_ests,The total number of calendarized 3 fiscal year dividend per share (DPS) estimation within GICS sector grouping.,"{'id': 'analyst15', 'name': 'Earnings forecasts'}","{'id': 'analyst', 'name': 'Analyst'}","{'id': 'analyst-analyst-estimates', 'name': 'Analyst Estimates'}",USA,1,TOP3000,MATRIX,1.0,50,104,1.2,[]
anl15_dpsgics_s_cal_fy3_gro,The weighted year-over-year growth of dividend per share (DPS) estimation for the calendarized 3 fiscal year aggregated within GICS sector grouping.,"{'id': 'analyst15', 'name': 'Earnings forecasts'}","{'id': 'analyst', 'name': 'Analyst'}","{'id': 'analyst-analyst-estimates', 'name': 'Analyst Estimates'}",USA,1,TOP3000,MATRIX,1.0,66,155,1.2,[]
anl15_dpsgics_s_cal_fy3_mean,The weighted average of dividend per share (DPS) estimation for the calendarized three fiscal years aggregated within GICS sector grouping.,"{'id': 'analyst15', 'name': 'Earnings forecasts'}","{'id': 'analyst', 'name': 'Analyst'}","{'id': 'analyst-analyst-estimates', 'name': 'Analyst Estimates'}",USA,1,TOP3000,MATRIX,1.0,43,419,1.2,[]
anl15_dpsgics_s_cal_fy3_pe,The weighted average price/earnings ratio based on EPS estimation for the calendarized 3 fiscal year aggregated within GICS sector grouping.,"{'id': 'analyst15', 'name': 'Earnings forecasts'}","{'id': 'analyst', 'name': 'Analyst'}","{'id': 'analyst-analyst-estimates', 'name': 'Analyst Estimates'}",USA,1,TOP3000,MATRIX,1.0,17,37,1.2,[]
anl15_dpsgics_s_cal_fy3_st_dev,The weighted average standard deviation of dividend per share (DPS) estimation for the calendarized 3 fiscal year aggregated within GICS sector grouping.,"{'id': 'analyst15', 'name': 'Earnings forecasts'}","{'id': 'analyst', 'name': 'Analyst'}","{'id': 'analyst-analyst-estimates', 'name': 'Analyst Estimates'}",USA,1,TOP3000,MATRIX,1.0,27,64,1.2,[]
anl15_dpsgics_s_cal_fy3_total,The total of dividend per share (DPS) estimation for the calendarized 3 fiscal years aggregated within GICS sector grouping.,"{'id': 'analyst15', 'name': 'Earnings forecasts'}","{'id': 'analyst', 'name': 'Analyst'}","{'id': 'analyst-analyst-estimates', 'name': 'Analyst Estimates'}",USA,1,TOP3000,MATRIX,1.0,40,109,1.2,[]
anl15_dpsgics_s_fy1_cos_dn,The number of companies for which dividend per share (DPS) estimation for the calendarized 1 fiscal year has been lowered from last month within GICS sector grouping.,"{'id': 'analyst15', 'name': 'Earnings forecasts'}","{'id': 'analyst', 'name': 'Analyst'}","{'id': 'analyst-analyst-estimates', 'name': 'Analyst Estimates'}",USA,1,TOP3000,MATRIX,1.0,37,379,1.2,[]
anl15_dpsgics_s_fy1_cos_up,The number of companies for which dividend per share (DPS) estimation for the calendarized 1 fiscal year has been raised from last month within GICS sector grouping.,"{'id': 'analyst15', 'name': 'Earnings forecasts'}","{'id': 'analyst', 'name': 'Analyst'}","{'id': 'analyst-analyst-estimates', 'name': 'Analyst Estimates'}",USA,1,TOP3000,MATRIX,1.0,22,223,1.2,[]
anl15_dpsgics_s_fy1_ests_dn,"Count of unique IDs of industry participants. Industry stands for an aggregate view of all  equity clearance activity for the date, symbol, and transaction type in question.","{'id': 'analyst15', 'name': 'Earnings forecasts'}","{'id': 'analyst', 'name': 'Analyst'}","{'id': 'analyst-analyst-estimates', 'name': 'Analyst Estimates'}",USA,1,TOP3000,MATRIX,1.0,116,765,1.2,[]
anl15_dpsgics_s_fy1_ests_up,"Count of unique IDs of industry participants. Industry stands for an aggregate view of all  equity clearance activity for the date, symbol, and transaction type in question.","{'id': 'analyst15', 'name': 'Earnings forecasts'}","{'id': 'analyst', 'name': 'Analyst'}","{'id': 'analyst-analyst-estimates', 'name': 'Analyst Estimates'}",USA,1,TOP3000,MATRIX,1.0,65,771,1.2,[]
anl15_dpsgics_s_fy2_cos_dn,The number of companies for which dividend per share (DPS) estimation for the calendarized 2 fiscal year has been lowered from last month within GICS sector grouping.,"{'id': 'analyst15', 'name': 'Earnings forecasts'}","{'id': 'analyst', 'name': 'Analyst'}","{'id': 'analyst-analyst-estimates', 'name': 'Analyst Estimates'}",USA,1,TOP3000,MATRIX,1.0,56,137,1.2,[]
anl15_dpsgics_s_fy2_cos_up,The number of companies for which dividend per share (DPS) estimation for the calendarized 2 fiscal years has been raised from last month within GICS sector grouping.,"{'id': 'analyst15', 'name': 'Earnings forecasts'}","{'id': 'analyst', 'name': 'Analyst'}","{'id': 'analyst-analyst-estimates', 'name': 'Analyst Estimates'}",USA,1,TOP3000,MATRIX,1.0,43,515,1.2,[]
anl15_dpsgics_s_fy2_ests_dn,"Count of unique IDs of industry participants. Industry stands for an aggregate view of all  equity clearance activity for the date, symbol, and transaction type in question.","{'id': 'analyst15', 'name': 'Earnings forecasts'}","{'id': 'analyst', 'name': 'Analyst'}","{'id': 'analyst-analyst-estimates', 'name': 'Analyst Estimates'}",USA,1,TOP3000,MATRIX,1.0,68,393,1.2,[]
anl15_dpsgics_s_fy2_ests_up,"Count of unique IDs of industry participants. Industry stands for an aggregate view of all  equity clearance activity for the date, symbol, and transaction type in question.","{'id': 'analyst15', 'name': 'Earnings forecasts'}","{'id': 'analyst', 'name': 'Analyst'}","{'id': 'analyst-analyst-estimates', 'name': 'Analyst Estimates'}",USA,1,TOP3000,MATRIX,1.0,43,291,1.2,[]
anl15_dpsgics_s_fy3_cos_dn,The number of companies for which Dividend Per Share (DPS) estimation for the calendarized 3 fiscal years has been lowered from last month within GICS sector grouping.,"{'id': 'analyst15', 'name': 'Earnings forecasts'}","{'id': 'analyst', 'name': 'Analyst'}","{'id': 'analyst-analyst-estimates', 'name': 'Analyst Estimates'}",USA,1,TOP3000,MATRIX,1.0,71,514,1.2,[]
anl15_dpsgics_s_fy3_cos_up,The number of companies for which dividend per share (DPS) estimation for the calendarized 3 fiscal years has been raised from last month within GICS sector grouping.,"{'id': 'analyst15', 'name': 'Earnings forecasts'}","{'id': 'analyst', 'name': 'Analyst'}","{'id': 'analyst-analyst-estimates', 'name': 'Analyst Estimates'}",USA,1,TOP3000,MATRIX,1.0,40,103,1.2,[]
anl15_dpsgics_s_fy3_ests_dn,"Count of unique IDs of industry participants. Industry stands for an aggregate view of all  equity clearance activity for the date, symbol, and transaction type in question.","{'id': 'analyst15', 'name': 'Earnings forecasts'}","{'id': 'analyst', 'name': 'Analyst'}","{'id': 'analyst-analyst-estimates', 'name': 'Analyst Estimates'}",USA,1,TOP3000,MATRIX,0.9921,40,140,1.2,[]
anl15_dpsgics_s_fy3_ests_up,"Count of unique IDs of industry participants. Industry stands for an aggregate view of all  equity clearance activity for the date, symbol, and transaction type in question.","{'id': 'analyst15', 'name': 'Earnings forecasts'}","{'id': 'analyst', 'name': 'Analyst'}","{'id': 'analyst-analyst-estimates', 'name': 'Analyst Estimates'}",USA,1,TOP3000,MATRIX,1.0,29,47,1.2,[]
anl15_ebt_gr_12_m_1m_chg,The weighted 1-month percent change of 12-month forward earnings before tax (EBT) estimation aggregated within GICS group grouping.,"{'id': 'analyst15', 'name': 'Earnings forecasts'}","{'id': 'analyst', 'name': 'Analyst'}","{'id': 'analyst-analyst-estimates', 'name': 'Analyst Estimates'}",USA,1,TOP3000,MATRIX,1.0,43,168,1.2,[]
anl15_ebt_gr_12_m_3m_chg,The weighted 3-month percent change of 12-month forward earnings before tax (EBT) estimation aggregated within GICS group grouping.,"{'id': 'analyst15', 'name': 'Earnings forecasts'}","{'id': 'analyst', 'name': 'Analyst'}","{'id': 'analyst-analyst-estimates', 'name': 'Analyst Estimates'}",USA,1,TOP3000,MATRIX,1.0,24,124,1.2,[]
anl15_ebt_gr_12_m_6m_chg,The weighted 6-month percent change of 12-month forward earnings before tax (EBT) estimation aggregated within GICS group grouping.,"{'id': 'analyst15', 'name': 'Earnings forecasts'}","{'id': 'analyst', 'name': 'Analyst'}","{'id': 'analyst-analyst-estimates', 'name': 'Analyst Estimates'}",USA,1,TOP3000,MATRIX,0.9998,19,28,1.2,[]
anl15_ebt_gr_12_m_cos,The number of companies with a 12-month forward mean earnings before tax (EBT) estimation within GICS group grouping.,"{'id': 'analyst15', 'name': 'Earnings forecasts'}","{'id': 'analyst', 'name': 'Analyst'}","{'id': 'analyst-analyst-estimates', 'name': 'Analyst Estimates'}",USA,1,TOP3000,MATRIX,1.0,23,288,1.2,[]
anl15_ebt_gr_12_m_cos_dn,The number of companies for which 12-month forward mean earnings before tax (EBT) estimation has been lowered from last month within GICS group grouping.,"{'id': 'analyst15', 'name': 'Earnings forecasts'}","{'id': 'analyst', 'name': 'Analyst'}","{'id': 'analyst-analyst-estimates', 'name': 'Analyst Estimates'}",USA,1,TOP3000,MATRIX,0.999,34,55,1.2,[]
anl15_ebt_gr_12_m_cos_up,The number of companies for which 12-month forward mean earnings before tax (EBT) estimation has been raised from last month within GICS group grouping.,"{'id': 'analyst15', 'name': 'Earnings forecasts'}","{'id': 'analyst', 'name': 'Analyst'}","{'id': 'analyst-analyst-estimates', 'name': 'Analyst Estimates'}",USA,1,TOP3000,MATRIX,0.9974,28,41,1.2,[]
anl15_ebt_gr_12_m_ests,The 12-month forward pro-rated total number of estimates within GICS group grouping.,"{'id': 'analyst15', 'name': 'Earnings forecasts'}","{'id': 'analyst', 'name': 'Analyst'}","{'id': 'analyst-analyst-estimates', 'name': 'Analyst Estimates'}",USA,1,TOP3000,MATRIX,1.0,33,96,1.2,[]
anl15_ebt_gr_12_m_ests_dn,"Count of unique IDs of industry participants. Industry stands for an aggregate view of all  equity clearance activity for the date, symbol, and transaction type in question.","{'id': 'analyst15', 'name': 'Earnings forecasts'}","{'id': 'analyst', 'name': 'Analyst'}","{'id': 'analyst-analyst-estimates', 'name': 'Analyst Estimates'}",USA,1,TOP3000,MATRIX,0.9953,25,40,1.2,[]
anl15_ebt_gr_12_m_ests_up,"Count of unique IDs of industry participants. Industry stands for an aggregate view of all  equity clearance activity for the date, symbol, and transaction type in question.","{'id': 'analyst15', 'name': 'Earnings forecasts'}","{'id': 'analyst', 'name': 'Analyst'}","{'id': 'analyst-analyst-estimates', 'name': 'Analyst Estimates'}",USA,1,TOP3000,MATRIX,0.9935,37,95,1.2,[]
anl15_ebt_gr_12_m_gro,The weighted 12-month forward year-over-year growth of earnings before tax (EBT) estimation aggregated within GICS group grouping.,"{'id': 'analyst15', 'name': 'Earnings forecasts'}","{'id': 'analyst', 'name': 'Analyst'}","{'id': 'analyst-analyst-estimates', 'name': 'Analyst Estimates'}",USA,1,TOP3000,MATRIX,1.0,19,325,1.2,[]
anl15_ebt_gr_12_m_mean,The weighted average of 12-month forward earnings before tax (EBT) estimation aggregated within GICS group grouping.,"{'id': 'analyst15', 'name': 'Earnings forecasts'}","{'id': 'analyst', 'name': 'Analyst'}","{'id': 'analyst-analyst-estimates', 'name': 'Analyst Estimates'}",USA,1,TOP3000,MATRIX,1.0,19,46,1.2,[]
anl15_ebt_gr_12_m_pe,The weighted average price/earnings ratio based on 12-month forward EPS estimation aggregated within GICS group grouping.,"{'id': 'analyst15', 'name': 'Earnings forecasts'}","{'id': 'analyst', 'name': 'Analyst'}","{'id': 'analyst-analyst-estimates', 'name': 'Analyst Estimates'}",USA,1,TOP3000,MATRIX,1.0,37,105,1.2,[]
anl15_ebt_gr_12_m_st_dev,The weighted average standard deviation of 12-month forward earnings before tax (EBT) estimation aggregated within GICS group grouping.,"{'id': 'analyst15', 'name': 'Earnings forecasts'}","{'id': 'analyst', 'name': 'Analyst'}","{'id': 'analyst-analyst-estimates', 'name': 'Analyst Estimates'}",USA,1,TOP3000,MATRIX,0.9694,50,128,1.2,[]
anl15_ebt_gr_12_m_total,The total of 12-month forward earnings before tax (EBT) estimation aggregated within GICS group grouping.,"{'id': 'analyst15', 'name': 'Earnings forecasts'}","{'id': 'analyst', 'name': 'Analyst'}","{'id': 'analyst-analyst-estimates', 'name': 'Analyst Estimates'}",USA,1,TOP3000,MATRIX,1.0,43,128,1.2,[]
anl15_ebt_gr_12_m_tr_mean,The weighted average of 12-month trailing earnings before tax (EBT) aggregated within GICS group grouping.,"{'id': 'analyst15', 'name': 'Earnings forecasts'}","{'id': 'analyst', 'name': 'Analyst'}","{'id': 'analyst-analyst-estimates', 'name': 'Analyst Estimates'}",USA,1,TOP3000,MATRIX,1.0,39,97,1.2,[]
anl15_ebt_gr_18_m_1m_chg,The weighted 1 month percent change of 18 month forward earnings before tax (EBT) estimation aggregated within GICS group grouping.,"{'id': 'analyst15', 'name': 'Earnings forecasts'}","{'id': 'analyst', 'name': 'Analyst'}","{'id': 'analyst-analyst-estimates', 'name': 'Analyst Estimates'}",USA,1,TOP3000,MATRIX,1.0,36,62,1.2,[]
anl15_ebt_gr_18_m_3m_chg,The weighted 3-month percent change of 18-month forward earnings before tax (EBT) estimation aggregated within GICS group grouping.,"{'id': 'analyst15', 'name': 'Earnings forecasts'}","{'id': 'analyst', 'name': 'Analyst'}","{'id': 'analyst-analyst-estimates', 'name': 'Analyst Estimates'}",USA,1,TOP3000,MATRIX,1.0,26,99,1.2,[]
anl15_ebt_gr_18_m_6m_chg,The weighted 6-month percent change of 18-month forward earnings before tax (EBT) estimation aggregated within GICS group grouping.,"{'id': 'analyst15', 'name': 'Earnings forecasts'}","{'id': 'analyst', 'name': 'Analyst'}","{'id': 'analyst-analyst-estimates', 'name': 'Analyst Estimates'}",USA,1,TOP3000,MATRIX,1.0,15,219,1.2,[]
anl15_ebt_gr_18_m_cos,The number of companies with an 18-month forward mean earnings before tax (EBT) estimation within GICS group grouping.,"{'id': 'analyst15', 'name': 'Earnings forecasts'}","{'id': 'analyst', 'name': 'Analyst'}","{'id': 'analyst-analyst-estimates', 'name': 'Analyst Estimates'}",USA,1,TOP3000,MATRIX,1.0,43,95,1.2,[]
anl15_ebt_gr_18_m_cos_dn,The number of companies for which 18-month forward mean earnings before tax (EBT) estimation has been lowered from last month within GICS group grouping.,"{'id': 'analyst15', 'name': 'Earnings forecasts'}","{'id': 'analyst', 'name': 'Analyst'}","{'id': 'analyst-analyst-estimates', 'name': 'Analyst Estimates'}",USA,1,TOP3000,MATRIX,0.9987,22,35,1.2,[]
anl15_ebt_gr_18_m_cos_up,The number of companies for which 18-month forward mean earnings before tax (EBT) estimation has been raised from last month within GICS group grouping.,"{'id': 'analyst15', 'name': 'Earnings forecasts'}","{'id': 'analyst', 'name': 'Analyst'}","{'id': 'analyst-analyst-estimates', 'name': 'Analyst Estimates'}",USA,1,TOP3000,MATRIX,0.9966,16,23,1.2,[]
anl15_ebt_gr_18_m_ests,The 18-month forward pro-rated total number of estimates within GICS group grouping.,"{'id': 'analyst15', 'name': 'Earnings forecasts'}","{'id': 'analyst', 'name': 'Analyst'}","{'id': 'analyst-analyst-estimates', 'name': 'Analyst Estimates'}",USA,1,TOP3000,MATRIX,1.0,51,88,1.2,[]
anl15_ebt_gr_18_m_ests_dn,"Count of unique IDs of industry participants. Industry stands for an aggregate view of all  equity clearance activity for the date, symbol, and transaction type in question.","{'id': 'analyst15', 'name': 'Earnings forecasts'}","{'id': 'analyst', 'name': 'Analyst'}","{'id': 'analyst-analyst-estimates', 'name': 'Analyst Estimates'}",USA,1,TOP3000,MATRIX,0.9954,28,46,1.2,[]
anl15_ebt_gr_18_m_ests_up,"Count of unique IDs of industry participants. Industry stands for an aggregate view of all  equity clearance activity for the date, symbol, and transaction type in question.","{'id': 'analyst15', 'name': 'Earnings forecasts'}","{'id': 'analyst', 'name': 'Analyst'}","{'id': 'analyst-analyst-estimates', 'name': 'Analyst Estimates'}",USA,1,TOP3000,MATRIX,0.9919,52,134,1.2,[]
anl15_ebt_gr_18_m_gro,The weighted 18-month forward year-over-year growth of earnings before tax (EBT) estimation aggregated within GICS group grouping.,"{'id': 'analyst15', 'name': 'Earnings forecasts'}","{'id': 'analyst', 'name': 'Analyst'}","{'id': 'analyst-analyst-estimates', 'name': 'Analyst Estimates'}",USA,1,TOP3000,MATRIX,1.0,46,605,1.2,[]
anl15_ebt_gr_18_m_mean,The weighted average of 18-month forward earnings before tax (EBT) estimation aggregated within GICS group grouping.,"{'id': 'analyst15', 'name': 'Earnings forecasts'}","{'id': 'analyst', 'name': 'Analyst'}","{'id': 'analyst-analyst-estimates', 'name': 'Analyst Estimates'}",USA,1,TOP3000,MATRIX,1.0,36,87,1.2,[]
anl15_ebt_gr_18_m_pe,The weighted average price/earnings ratio based on 18-month forward EPS estimation aggregated within GICS group grouping.,"{'id': 'analyst15', 'name': 'Earnings forecasts'}","{'id': 'analyst', 'name': 'Analyst'}","{'id': 'analyst-analyst-estimates', 'name': 'Analyst Estimates'}",USA,1,TOP3000,MATRIX,1.0,14,36,1.2,[]
anl15_ebt_gr_18_m_st_dev,The weighted average standard deviation of 18-month forward earnings before tax (EBT) estimation aggregated within GICS group grouping.,"{'id': 'analyst15', 'name': 'Earnings forecasts'}","{'id': 'analyst', 'name': 'Analyst'}","{'id': 'analyst-analyst-estimates', 'name': 'Analyst Estimates'}",USA,1,TOP3000,MATRIX,0.9693,46,181,1.2,[]
anl15_ebt_gr_18_m_total,The total of 18-month forward earnings before tax (EBT) estimation aggregated within GICS group grouping.,"{'id': 'analyst15', 'name': 'Earnings forecasts'}","{'id': 'analyst', 'name': 'Analyst'}","{'id': 'analyst-analyst-estimates', 'name': 'Analyst Estimates'}",USA,1,TOP3000,MATRIX,1.0,23,40,1.2,[]
anl15_ebt_gr_cal_fy0_gro,The weighted year-over-year growth of earnings before tax (EBT) estimation for the current calendarized fiscal year aggregated within GICS group grouping.,"{'id': 'analyst15', 'name': 'Earnings forecasts'}","{'id': 'analyst', 'name': 'Analyst'}","{'id': 'analyst-analyst-estimates', 'name': 'Analyst Estimates'}",USA,1,TOP3000,MATRIX,0.9925,47,356,1.2,[]
anl15_ebt_gr_cal_fy0_pe,The weighted average price/earnings ratio based on EPS estimation for the current calendarized fiscal year aggregated within GICS group grouping.,"{'id': 'analyst15', 'name': 'Earnings forecasts'}","{'id': 'analyst', 'name': 'Analyst'}","{'id': 'analyst-analyst-estimates', 'name': 'Analyst Estimates'}",USA,1,TOP3000,MATRIX,1.0,38,57,1.2,[]
anl15_ebt_gr_cal_fy0_total,The total of earnings before tax (EBT) estimation for the current calendarized fiscal year aggregated within GICS group grouping.,"{'id': 'analyst15', 'name': 'Earnings forecasts'}","{'id': 'analyst', 'name': 'Analyst'}","{'id': 'analyst-analyst-estimates', 'name': 'Analyst Estimates'}",USA,1,TOP3000,MATRIX,1.0,34,100,1.2,[]
anl15_ebt_gr_cal_fy0_val,The weighted average of Earnings Before Tax (EBT) estimation for the current calendarized fiscal year aggregated within GICS group grouping.,"{'id': 'analyst15', 'name': 'Earnings forecasts'}","{'id': 'analyst', 'name': 'Analyst'}","{'id': 'analyst-analyst-estimates', 'name': 'Analyst Estimates'}",USA,1,TOP3000,MATRIX,1.0,27,38,1.2,[]
anl15_ebt_gr_cal_fy1_1m_chg,The weighted 1-month percent change of earnings before tax (EBT) estimation for the calendarized 1 fiscal year aggregated within GICS group grouping.,"{'id': 'analyst15', 'name': 'Earnings forecasts'}","{'id': 'analyst', 'name': 'Analyst'}","{'id': 'analyst-analyst-estimates', 'name': 'Analyst Estimates'}",USA,1,TOP3000,MATRIX,1.0,41,115,1.2,[]
anl15_ebt_gr_cal_fy1_3m_chg,The weighted 3-month percent change of earnings before tax (EBT) estimation for the calendarized 1 fiscal year aggregated within GICS group grouping.,"{'id': 'analyst15', 'name': 'Earnings forecasts'}","{'id': 'analyst', 'name': 'Analyst'}","{'id': 'analyst-analyst-estimates', 'name': 'Analyst Estimates'}",USA,1,TOP3000,MATRIX,1.0,19,471,1.2,[]
anl15_ebt_gr_cal_fy1_6m_chg,The weighted 6-month percent change of earnings before tax (EBT) estimation for the calendarized 1 fiscal year aggregated within GICS group grouping.,"{'id': 'analyst15', 'name': 'Earnings forecasts'}","{'id': 'analyst', 'name': 'Analyst'}","{'id': 'analyst-analyst-estimates', 'name': 'Analyst Estimates'}",USA,1,TOP3000,MATRIX,0.9998,20,548,1.2,[]
anl15_ebt_gr_cal_fy1_cos,The number of companies with a calendarized 1 fiscal year earnings before tax (EBT) estimation within GICS group grouping.,"{'id': 'analyst15', 'name': 'Earnings forecasts'}","{'id': 'analyst', 'name': 'Analyst'}","{'id': 'analyst-analyst-estimates', 'name': 'Analyst Estimates'}",USA,1,TOP3000,MATRIX,1.0,42,89,1.2,[]
anl15_ebt_gr_cal_fy1_ests,The total number of calendarized 1 fiscal year earnings before tax (EBT) estimation within GICS group grouping.,"{'id': 'analyst15', 'name': 'Earnings forecasts'}","{'id': 'analyst', 'name': 'Analyst'}","{'id': 'analyst-analyst-estimates', 'name': 'Analyst Estimates'}",USA,1,TOP3000,MATRIX,1.0,32,80,1.2,[]
anl15_ebt_gr_cal_fy1_gro,The weighted year-over-year growth of earnings before tax (EBT) estimation for the calendarized 1 fiscal year aggregated within GICS group grouping.,"{'id': 'analyst15', 'name': 'Earnings forecasts'}","{'id': 'analyst', 'name': 'Analyst'}","{'id': 'analyst-analyst-estimates', 'name': 'Analyst Estimates'}",USA,1,TOP3000,MATRIX,1.0,45,152,1.2,[]
anl15_ebt_gr_cal_fy1_mean,The weighted average of earnings before tax (EBT) estimation for the calendarized 1 fiscal year aggregated within GICS group grouping.,"{'id': 'analyst15', 'name': 'Earnings forecasts'}","{'id': 'analyst', 'name': 'Analyst'}","{'id': 'analyst-analyst-estimates', 'name': 'Analyst Estimates'}",USA,1,TOP3000,MATRIX,1.0,42,80,1.2,[]
anl15_ebt_gr_cal_fy1_pe,The weighted average price/earnings ratio based on EPS estimation for the calendarized 1 fiscal year aggregated within GICS group grouping.,"{'id': 'analyst15', 'name': 'Earnings forecasts'}","{'id': 'analyst', 'name': 'Analyst'}","{'id': 'analyst-analyst-estimates', 'name': 'Analyst Estimates'}",USA,1,TOP3000,MATRIX,1.0,46,651,1.2,[]
anl15_ebt_gr_cal_fy1_st_dev,The weighted average standard deviation of earnings before tax (EBT) estimation for the calendarized 1 fiscal year aggregated within GICS group grouping.,"{'id': 'analyst15', 'name': 'Earnings forecasts'}","{'id': 'analyst', 'name': 'Analyst'}","{'id': 'analyst-analyst-estimates', 'name': 'Analyst Estimates'}",USA,1,TOP3000,MATRIX,0.9694,32,49,1.2,[]
anl15_ebt_gr_cal_fy1_total,The total of earnings before tax (EBT) estimation for the calendarized 1 fiscal year aggregated within GICS group grouping.,"{'id': 'analyst15', 'name': 'Earnings forecasts'}","{'id': 'analyst', 'name': 'Analyst'}","{'id': 'analyst-analyst-estimates', 'name': 'Analyst Estimates'}",USA,1,TOP3000,MATRIX,1.0,12,24,1.2,[]
anl15_ebt_gr_cal_fy2_1m_chg,The weighted 1-month percent change of earnings before tax (EBT) estimation for the calendarized 2 fiscal years aggregated within GICS group grouping.,"{'id': 'analyst15', 'name': 'Earnings forecasts'}","{'id': 'analyst', 'name': 'Analyst'}","{'id': 'analyst-analyst-estimates', 'name': 'Analyst Estimates'}",USA,1,TOP3000,MATRIX,1.0,30,299,1.2,[]
anl15_ebt_gr_cal_fy2_3m_chg,The weighted 3-month percent change of earnings before tax (EBT) estimation for the calendarized 2 fiscal years aggregated within GICS group grouping.,"{'id': 'analyst15', 'name': 'Earnings forecasts'}","{'id': 'analyst', 'name': 'Analyst'}","{'id': 'analyst-analyst-estimates', 'name': 'Analyst Estimates'}",USA,1,TOP3000,MATRIX,1.0,16,27,1.2,[]
anl15_ebt_gr_cal_fy2_6m_chg,The weighted 6-month percent change of earnings before tax (EBT) estimation for the calendarized 2 fiscal years aggregated within GICS group grouping.,"{'id': 'analyst15', 'name': 'Earnings forecasts'}","{'id': 'analyst', 'name': 'Analyst'}","{'id': 'analyst-analyst-estimates', 'name': 'Analyst Estimates'}",USA,1,TOP3000,MATRIX,0.9997,34,90,1.2,[]
anl15_ebt_gr_cal_fy2_cos,The number of companies with a calendarized 2 fiscal year earnings before tax (EBT) estimation within GICS group grouping.,"{'id': 'analyst15', 'name': 'Earnings forecasts'}","{'id': 'analyst', 'name': 'Analyst'}","{'id': 'analyst-analyst-estimates', 'name': 'Analyst Estimates'}",USA,1,TOP3000,MATRIX,1.0,18,43,1.2,[]
anl15_ebt_gr_cal_fy2_ests,The total number of calendarized 2 fiscal year earnings before tax (EBT) estimation within GICS group grouping.,"{'id': 'analyst15', 'name': 'Earnings forecasts'}","{'id': 'analyst', 'name': 'Analyst'}","{'id': 'analyst-analyst-estimates', 'name': 'Analyst Estimates'}",USA,1,TOP3000,MATRIX,1.0,42,124,1.2,[]
anl15_ebt_gr_cal_fy2_gro,The weighted year-over-year growth of earnings before tax (EBT) estimation for the calendarized 2 fiscal years aggregated within GICS group grouping.,"{'id': 'analyst15', 'name': 'Earnings forecasts'}","{'id': 'analyst', 'name': 'Analyst'}","{'id': 'analyst-analyst-estimates', 'name': 'Analyst Estimates'}",USA,1,TOP3000,MATRIX,1.0,51,588,1.2,[]
anl15_ebt_gr_cal_fy2_mean,The weighted average of earnings before tax (EBT) estimation for the calendarized 2 fiscal year aggregated within GICS group grouping.,"{'id': 'analyst15', 'name': 'Earnings forecasts'}","{'id': 'analyst', 'name': 'Analyst'}","{'id': 'analyst-analyst-estimates', 'name': 'Analyst Estimates'}",USA,1,TOP3000,MATRIX,1.0,26,43,1.2,[]
anl15_ebt_gr_cal_fy2_pe,The weighted average price/earnings ratio based on EPS estimation for the calendarized 2 fiscal years aggregated within GICS group grouping.,"{'id': 'analyst15', 'name': 'Earnings forecasts'}","{'id': 'analyst', 'name': 'Analyst'}","{'id': 'analyst-analyst-estimates', 'name': 'Analyst Estimates'}",USA,1,TOP3000,MATRIX,1.0,29,58,1.2,[]
anl15_ebt_gr_cal_fy2_st_dev,The weighted average standard deviation of earnings before tax (EBT) estimation for the calendarized 2 fiscal years aggregated within GICS group grouping.,"{'id': 'analyst15', 'name': 'Earnings forecasts'}","{'id': 'analyst', 'name': 'Analyst'}","{'id': 'analyst-analyst-estimates', 'name': 'Analyst Estimates'}",USA,1,TOP3000,MATRIX,0.9694,49,411,1.2,[]
anl15_ebt_gr_cal_fy2_total,The total of earnings before tax (EBT) estimation for the calendarized 2 fiscal years aggregated within GICS group grouping.,"{'id': 'analyst15', 'name': 'Earnings forecasts'}","{'id': 'analyst', 'name': 'Analyst'}","{'id': 'analyst-analyst-estimates', 'name': 'Analyst Estimates'}",USA,1,TOP3000,MATRIX,1.0,71,1285,1.2,[]
anl15_ebt_gr_cal_fy3_1m_chg,The weighted 1-month percent change of earnings before tax (EBT) estimation for the calendarized 3 fiscal year aggregated within GICS group grouping.,"{'id': 'analyst15', 'name': 'Earnings forecasts'}","{'id': 'analyst', 'name': 'Analyst'}","{'id': 'analyst-analyst-estimates', 'name': 'Analyst Estimates'}",USA,1,TOP3000,MATRIX,0.9978,28,60,1.2,[]
anl15_ebt_gr_cal_fy3_3m_chg,The weighted 3-month percent change of earnings before tax (EBT) estimation for the calendarized 3 fiscal year aggregated within GICS group grouping.,"{'id': 'analyst15', 'name': 'Earnings forecasts'}","{'id': 'analyst', 'name': 'Analyst'}","{'id': 'analyst-analyst-estimates', 'name': 'Analyst Estimates'}",USA,1,TOP3000,MATRIX,0.997,13,49,1.2,[]
anl15_ebt_gr_cal_fy3_6m_chg,The weighted 6-month percent change of earnings before tax (EBT) estimation for the calendarized three fiscal years aggregated within GICS group grouping.,"{'id': 'analyst15', 'name': 'Earnings forecasts'}","{'id': 'analyst', 'name': 'Analyst'}","{'id': 'analyst-analyst-estimates', 'name': 'Analyst Estimates'}",USA,1,TOP3000,MATRIX,0.9804,24,53,1.2,[]
anl15_ebt_gr_cal_fy3_cos,The number of companies with a calendarized 3 fiscal year earnings before tax (EBT) estimation within GICS group grouping.,"{'id': 'analyst15', 'name': 'Earnings forecasts'}","{'id': 'analyst', 'name': 'Analyst'}","{'id': 'analyst-analyst-estimates', 'name': 'Analyst Estimates'}",USA,1,TOP3000,MATRIX,1.0,29,50,1.2,[]
anl15_ebt_gr_cal_fy3_ests,The total number of calendarized 3 fiscal year earnings before tax (EBT) estimation within GICS group grouping.,"{'id': 'analyst15', 'name': 'Earnings forecasts'}","{'id': 'analyst', 'name': 'Analyst'}","{'id': 'analyst-analyst-estimates', 'name': 'Analyst Estimates'}",USA,1,TOP3000,MATRIX,1.0,42,108,1.2,[]
anl15_ebt_gr_cal_fy3_gro,The weighted year-over-year growth of earnings before tax (EBT) estimation for the calendarized 3 fiscal years aggregated within GICS group grouping.,"{'id': 'analyst15', 'name': 'Earnings forecasts'}","{'id': 'analyst', 'name': 'Analyst'}","{'id': 'analyst-analyst-estimates', 'name': 'Analyst Estimates'}",USA,1,TOP3000,MATRIX,1.0,37,417,1.2,[]
anl15_ebt_gr_cal_fy3_mean,The weighted average of earnings before tax (EBT) estimation for the calendarized 3 fiscal years aggregated within GICS group grouping.,"{'id': 'analyst15', 'name': 'Earnings forecasts'}","{'id': 'analyst', 'name': 'Analyst'}","{'id': 'analyst-analyst-estimates', 'name': 'Analyst Estimates'}",USA,1,TOP3000,MATRIX,1.0,56,657,1.2,[]
anl15_ebt_gr_cal_fy3_pe,The weighted average price/earnings ratio based on EPS estimation for the calendarized three fiscal years aggregated within GICS group grouping.,"{'id': 'analyst15', 'name': 'Earnings forecasts'}","{'id': 'analyst', 'name': 'Analyst'}","{'id': 'analyst-analyst-estimates', 'name': 'Analyst Estimates'}",USA,1,TOP3000,MATRIX,1.0,51,100,1.2,[]
anl15_ebt_gr_cal_fy3_st_dev,The weighted average standard deviation of earnings before tax (EBT) estimation for the calendarized 3 fiscal year aggregated within GICS group grouping.,"{'id': 'analyst15', 'name': 'Earnings forecasts'}","{'id': 'analyst', 'name': 'Analyst'}","{'id': 'analyst-analyst-estimates', 'name': 'Analyst Estimates'}",USA,1,TOP3000,MATRIX,0.9701,29,198,1.2,[]
anl15_ebt_gr_cal_fy3_total,The total of earnings before tax (EBT) estimation for the calendarized 3 fiscal year aggregated within GICS group grouping.,"{'id': 'analyst15', 'name': 'Earnings forecasts'}","{'id': 'analyst', 'name': 'Analyst'}","{'id': 'analyst-analyst-estimates', 'name': 'Analyst Estimates'}",USA,1,TOP3000,MATRIX,1.0,25,650,1.2,[]
anl15_ebt_gr_fy1_cos_dn,The number of companies for which earnings before tax (EBT) estimation for the calendarized 1 fiscal year has been lowered from last month within GICS group grouping.,"{'id': 'analyst15', 'name': 'Earnings forecasts'}","{'id': 'analyst', 'name': 'Analyst'}","{'id': 'analyst-analyst-estimates', 'name': 'Analyst Estimates'}",USA,1,TOP3000,MATRIX,0.9992,28,72,1.2,[]
anl15_ebt_gr_fy1_cos_up,The number of companies for which earnings before tax (EBT) estimation for the calendarized 1 fiscal year has been raised from last month within GICS group grouping.,"{'id': 'analyst15', 'name': 'Earnings forecasts'}","{'id': 'analyst', 'name': 'Analyst'}","{'id': 'analyst-analyst-estimates', 'name': 'Analyst Estimates'}",USA,1,TOP3000,MATRIX,0.9937,26,50,1.2,[]
anl15_ebt_gr_fy1_ests_dn,"Count of unique IDs of industry participants. Industry stands for an aggregate view of all  equity clearance activity for the date, symbol, and transaction type in question.","{'id': 'analyst15', 'name': 'Earnings forecasts'}","{'id': 'analyst', 'name': 'Analyst'}","{'id': 'analyst-analyst-estimates', 'name': 'Analyst Estimates'}",USA,1,TOP3000,MATRIX,0.9992,26,59,1.2,[]
anl15_ebt_gr_fy1_ests_up,"Count of unique IDs of industry participants. Industry stands for an aggregate view of all  equity clearance activity for the date, symbol, and transaction type in question.","{'id': 'analyst15', 'name': 'Earnings forecasts'}","{'id': 'analyst', 'name': 'Analyst'}","{'id': 'analyst-analyst-estimates', 'name': 'Analyst Estimates'}",USA,1,TOP3000,MATRIX,0.9954,11,53,1.2,[]
anl15_ebt_gr_fy2_cos_dn,The number of companies for which earnings before tax (EBT) estimation for the calendarized 2 fiscal year has been lowered from last month within GICS group grouping.,"{'id': 'analyst15', 'name': 'Earnings forecasts'}","{'id': 'analyst', 'name': 'Analyst'}","{'id': 'analyst-analyst-estimates', 'name': 'Analyst Estimates'}",USA,1,TOP3000,MATRIX,0.9989,16,28,1.2,[]
anl15_ebt_gr_fy2_cos_up,The number of companies for which earnings before tax (EBT) estimation for the calendarized 2 fiscal years has been raised from last month within GICS group grouping.,"{'id': 'analyst15', 'name': 'Earnings forecasts'}","{'id': 'analyst', 'name': 'Analyst'}","{'id': 'analyst-analyst-estimates', 'name': 'Analyst Estimates'}",USA,1,TOP3000,MATRIX,0.998,19,37,1.2,[]
anl15_ebt_gr_fy2_ests_dn,"Count of unique IDs of industry participants. Industry stands for an aggregate view of all  equity clearance activity for the date, symbol, and transaction type in question.","{'id': 'analyst15', 'name': 'Earnings forecasts'}","{'id': 'analyst', 'name': 'Analyst'}","{'id': 'analyst-analyst-estimates', 'name': 'Analyst Estimates'}",USA,1,TOP3000,MATRIX,0.9993,32,71,1.2,[]
anl15_ebt_gr_fy2_ests_up,"Count of unique IDs of industry participants. Industry stands for an aggregate view of all  equity clearance activity for the date, symbol, and transaction type in question.","{'id': 'analyst15', 'name': 'Earnings forecasts'}","{'id': 'analyst', 'name': 'Analyst'}","{'id': 'analyst-analyst-estimates', 'name': 'Analyst Estimates'}",USA,1,TOP3000,MATRIX,0.9986,23,47,1.2,[]
anl15_ebt_gr_fy3_cos_dn,The number of companies for which earnings before tax (EBT) estimation for the calendarized 3 fiscal years has been lowered from last month within GICS group grouping.,"{'id': 'analyst15', 'name': 'Earnings forecasts'}","{'id': 'analyst', 'name': 'Analyst'}","{'id': 'analyst-analyst-estimates', 'name': 'Analyst Estimates'}",USA,1,TOP3000,MATRIX,0.994,33,416,1.2,[]
anl15_ebt_gr_fy3_cos_up,The number of companies for which earnings before tax (EBT) estimation for the calendarized 3 fiscal years has been raised from last month within GICS group grouping.,"{'id': 'analyst15', 'name': 'Earnings forecasts'}","{'id': 'analyst', 'name': 'Analyst'}","{'id': 'analyst-analyst-estimates', 'name': 'Analyst Estimates'}",USA,1,TOP3000,MATRIX,0.9919,15,25,1.2,[]
anl15_ebt_gr_fy3_ests_dn,"Count of unique IDs of industry participants. Industry stands for an aggregate view of all  equity clearance activity for the date, symbol, and transaction type in question.","{'id': 'analyst15', 'name': 'Earnings forecasts'}","{'id': 'analyst', 'name': 'Analyst'}","{'id': 'analyst-analyst-estimates', 'name': 'Analyst Estimates'}",USA,1,TOP3000,MATRIX,0.9931,36,55,1.2,[]
anl15_ebt_gr_fy3_ests_up,"Count of unique IDs of industry participants. Industry stands for an aggregate view of all  equity clearance activity for the date, symbol, and transaction type in question.","{'id': 'analyst15', 'name': 'Earnings forecasts'}","{'id': 'analyst', 'name': 'Analyst'}","{'id': 'analyst-analyst-estimates', 'name': 'Analyst Estimates'}",USA,1,TOP3000,MATRIX,0.9911,22,60,1.2,[]
anl15_ebt_ind_12_m_1m_chg,The weighted 1 month percent change of 12 month forward earnings before tax (EBT) estimation aggregated within GICS industry grouping.,"{'id': 'analyst15', 'name': 'Earnings forecasts'}","{'id': 'analyst', 'name': 'Analyst'}","{'id': 'analyst-analyst-estimates', 'name': 'Analyst Estimates'}",USA,1,TOP3000,MATRIX,0.9757,19,45,1.2,[]
anl15_ebt_ind_12_m_3m_chg,The weighted 3-month percent change of 12-month forward earnings before tax (EBT) estimation aggregated within GICS industry grouping.,"{'id': 'analyst15', 'name': 'Earnings forecasts'}","{'id': 'analyst', 'name': 'Analyst'}","{'id': 'analyst-analyst-estimates', 'name': 'Analyst Estimates'}",USA,1,TOP3000,MATRIX,0.9757,10,44,1.2,[]
anl15_ebt_ind_12_m_6m_chg,The weighted 6-month percent change of 12-month forward earnings before tax (EBT) estimation aggregated within GICS industry grouping.,"{'id': 'analyst15', 'name': 'Earnings forecasts'}","{'id': 'analyst', 'name': 'Analyst'}","{'id': 'analyst-analyst-estimates', 'name': 'Analyst Estimates'}",USA,1,TOP3000,MATRIX,0.9746,36,226,1.2,[]
anl15_ebt_ind_12_m_cos,The number of companies with a 12-month forward mean earnings before tax (EBT) estimation within GICS industry grouping.,"{'id': 'analyst15', 'name': 'Earnings forecasts'}","{'id': 'analyst', 'name': 'Analyst'}","{'id': 'analyst-analyst-estimates', 'name': 'Analyst Estimates'}",USA,1,TOP3000,MATRIX,0.9787,37,57,1.2,[]
anl15_ebt_ind_12_m_cos_dn,The number of companies for which 12-month forward mean earnings before tax (EBT) estimation has been lowered from last month within GICS industry grouping.,"{'id': 'analyst15', 'name': 'Earnings forecasts'}","{'id': 'analyst', 'name': 'Analyst'}","{'id': 'analyst-analyst-estimates', 'name': 'Analyst Estimates'}",USA,1,TOP3000,MATRIX,0.9689,22,31,1.2,[]
anl15_ebt_ind_12_m_cos_up,The number of companies for which 12-month forward mean earnings before tax (EBT) estimation has been raised from last month within GICS industry grouping.,"{'id': 'analyst15', 'name': 'Earnings forecasts'}","{'id': 'analyst', 'name': 'Analyst'}","{'id': 'analyst-analyst-estimates', 'name': 'Analyst Estimates'}",USA,1,TOP3000,MATRIX,0.9631,33,51,1.2,[]
anl15_ebt_ind_12_m_ests,The 12-month forward pro-rated total number of estimates within GICS industry grouping.,"{'id': 'analyst15', 'name': 'Earnings forecasts'}","{'id': 'analyst', 'name': 'Analyst'}","{'id': 'analyst-analyst-estimates', 'name': 'Analyst Estimates'}",USA,1,TOP3000,MATRIX,0.9771,42,367,1.2,[]
anl15_ebt_ind_12_m_ests_dn,The 12 month forward pro-rated total number of estimates which have been lowered since last month within GICS industry grouping.,"{'id': 'analyst15', 'name': 'Earnings forecasts'}","{'id': 'analyst', 'name': 'Analyst'}","{'id': 'analyst-analyst-estimates', 'name': 'Analyst Estimates'}",USA,1,TOP3000,MATRIX,0.9589,27,46,1.2,[]
anl15_ebt_ind_12_m_ests_up,"Count of unique IDs of industry participants. Industry stands for an aggregate view of all  equity clearance activity for the date, symbol, and transaction type in question.","{'id': 'analyst15', 'name': 'Earnings forecasts'}","{'id': 'analyst', 'name': 'Analyst'}","{'id': 'analyst-analyst-estimates', 'name': 'Analyst Estimates'}",USA,1,TOP3000,MATRIX,0.9561,27,64,1.2,[]
anl15_ebt_ind_12_m_gro,The weighted 12-month forward year-over-year growth of earnings before tax (EBT) estimation aggregated within GICS industry grouping.,"{'id': 'analyst15', 'name': 'Earnings forecasts'}","{'id': 'analyst', 'name': 'Analyst'}","{'id': 'analyst-analyst-estimates', 'name': 'Analyst Estimates'}",USA,1,TOP3000,MATRIX,0.9786,29,363,1.2,[]
anl15_ebt_ind_12_m_mean,The weighted average of 12-month forward earnings before tax (EBT) estimation aggregated within GICS industry grouping.,"{'id': 'analyst15', 'name': 'Earnings forecasts'}","{'id': 'analyst', 'name': 'Analyst'}","{'id': 'analyst-analyst-estimates', 'name': 'Analyst Estimates'}",USA,1,TOP3000,MATRIX,0.9787,27,46,1.2,[]
anl15_ebt_ind_12_m_pe,The weighted average price/earnings ratio based on 12-month forward EPS estimation aggregated within GICS industry grouping.,"{'id': 'analyst15', 'name': 'Earnings forecasts'}","{'id': 'analyst', 'name': 'Analyst'}","{'id': 'analyst-analyst-estimates', 'name': 'Analyst Estimates'}",USA,1,TOP3000,MATRIX,0.9787,31,47,1.2,[]
anl15_ebt_ind_12_m_st_dev,The weighted average standard deviation of 12-month forward earnings before tax (EBT) estimation aggregated within GICS industry grouping.,"{'id': 'analyst15', 'name': 'Earnings forecasts'}","{'id': 'analyst', 'name': 'Analyst'}","{'id': 'analyst-analyst-estimates', 'name': 'Analyst Estimates'}",USA,1,TOP3000,MATRIX,0.9444,54,186,1.2,[]
anl15_ebt_ind_12_m_total,The total of 12-month forward earnings before tax (EBT) estimation aggregated within GICS industry grouping.,"{'id': 'analyst15', 'name': 'Earnings forecasts'}","{'id': 'analyst', 'name': 'Analyst'}","{'id': 'analyst-analyst-estimates', 'name': 'Analyst Estimates'}",USA,1,TOP3000,MATRIX,0.9787,16,19,1.2,[]
anl15_ebt_ind_12_m_tr_mean,The weighted average of 12-month trailing earnings before tax (EBT) aggregated within GICS industry grouping.,"{'id': 'analyst15', 'name': 'Earnings forecasts'}","{'id': 'analyst', 'name': 'Analyst'}","{'id': 'analyst-analyst-estimates', 'name': 'Analyst Estimates'}",USA,1,TOP3000,MATRIX,0.9792,17,35,1.2,[]
anl15_ebt_ind_18_m_1m_chg,The weighted 1-month percent change of 18-month forward earnings before tax (EBT) estimation aggregated within GICS industry grouping.,"{'id': 'analyst15', 'name': 'Earnings forecasts'}","{'id': 'analyst', 'name': 'Analyst'}","{'id': 'analyst-analyst-estimates', 'name': 'Analyst Estimates'}",USA,1,TOP3000,MATRIX,0.9752,26,45,1.2,[]
anl15_ebt_ind_18_m_3m_chg,The weighted 3-month percent change of 18-month forward earnings before tax (EBT) estimation aggregated within GICS industry grouping.,"{'id': 'analyst15', 'name': 'Earnings forecasts'}","{'id': 'analyst', 'name': 'Analyst'}","{'id': 'analyst-analyst-estimates', 'name': 'Analyst Estimates'}",USA,1,TOP3000,MATRIX,0.9752,21,48,1.2,[]
anl15_ebt_ind_18_m_6m_chg,The weighted 6-month percent change of 18-month forward earnings before tax (EBT) estimation aggregated within GICS industry grouping.,"{'id': 'analyst15', 'name': 'Earnings forecasts'}","{'id': 'analyst', 'name': 'Analyst'}","{'id': 'analyst-analyst-estimates', 'name': 'Analyst Estimates'}",USA,1,TOP3000,MATRIX,0.9814,30,218,1.2,[]
anl15_ebt_ind_18_m_cos,The number of companies with an 18-month forward mean earnings before tax (EBT) estimation within GICS industry grouping.,"{'id': 'analyst15', 'name': 'Earnings forecasts'}","{'id': 'analyst', 'name': 'Analyst'}","{'id': 'analyst-analyst-estimates', 'name': 'Analyst Estimates'}",USA,1,TOP3000,MATRIX,0.977,29,45,1.2,[]
anl15_ebt_ind_18_m_cos_dn,The number of companies for which 18-month forward mean earnings before tax (EBT) estimation has been lowered from last month within GICS industry grouping.,"{'id': 'analyst15', 'name': 'Earnings forecasts'}","{'id': 'analyst', 'name': 'Analyst'}","{'id': 'analyst-analyst-estimates', 'name': 'Analyst Estimates'}",USA,1,TOP3000,MATRIX,0.9668,37,55,1.2,[]
anl15_ebt_ind_18_m_cos_up,The number of companies for which 18-month forward mean earnings before tax (EBT) estimation has been raised from last month within GICS industry grouping.,"{'id': 'analyst15', 'name': 'Earnings forecasts'}","{'id': 'analyst', 'name': 'Analyst'}","{'id': 'analyst-analyst-estimates', 'name': 'Analyst Estimates'}",USA,1,TOP3000,MATRIX,0.962,24,35,1.2,[]
anl15_ebt_ind_18_m_ests,The 18-month forward pro-rated total number of estimates within GICS industry grouping.,"{'id': 'analyst15', 'name': 'Earnings forecasts'}","{'id': 'analyst', 'name': 'Analyst'}","{'id': 'analyst-analyst-estimates', 'name': 'Analyst Estimates'}",USA,1,TOP3000,MATRIX,0.976,73,748,1.2,[]
anl15_ebt_ind_18_m_ests_dn,"Count of unique IDs of industry participants. Industry stands for an aggregate view of all  equity clearance activity for the date, symbol, and transaction type in question.","{'id': 'analyst15', 'name': 'Earnings forecasts'}","{'id': 'analyst', 'name': 'Analyst'}","{'id': 'analyst-analyst-estimates', 'name': 'Analyst Estimates'}",USA,1,TOP3000,MATRIX,0.9552,37,52,1.2,[]
anl15_ebt_ind_18_m_ests_up,"Count of unique IDs of industry participants. Industry stands for an aggregate view of all  equity clearance activity for the date, symbol, and transaction type in question.","{'id': 'analyst15', 'name': 'Earnings forecasts'}","{'id': 'analyst', 'name': 'Analyst'}","{'id': 'analyst-analyst-estimates', 'name': 'Analyst Estimates'}",USA,1,TOP3000,MATRIX,0.9508,13,33,1.2,[]
anl15_ebt_ind_18_m_gro,The weighted 18-month forward year-over-year growth of earnings before tax (EBT) estimation aggregated within GICS industry grouping.,"{'id': 'analyst15', 'name': 'Earnings forecasts'}","{'id': 'analyst', 'name': 'Analyst'}","{'id': 'analyst-analyst-estimates', 'name': 'Analyst Estimates'}",USA,1,TOP3000,MATRIX,0.9769,40,79,1.2,[]
anl15_ebt_ind_18_m_mean,The weighted average of 18-month forward earnings before tax (EBT) estimation aggregated within GICS industry grouping.,"{'id': 'analyst15', 'name': 'Earnings forecasts'}","{'id': 'analyst', 'name': 'Analyst'}","{'id': 'analyst-analyst-estimates', 'name': 'Analyst Estimates'}",USA,1,TOP3000,MATRIX,0.977,29,39,1.2,[]
anl15_ebt_ind_18_m_pe,The weighted average price/earnings ratio based on 18-month forward EPS estimation aggregated within GICS industry grouping.,"{'id': 'analyst15', 'name': 'Earnings forecasts'}","{'id': 'analyst', 'name': 'Analyst'}","{'id': 'analyst-analyst-estimates', 'name': 'Analyst Estimates'}",USA,1,TOP3000,MATRIX,0.977,28,76,1.2,[]
anl15_ebt_ind_18_m_st_dev,The weighted average standard deviation of 18-month forward earnings before tax (EBT) estimation aggregated within GICS industry grouping.,"{'id': 'analyst15', 'name': 'Earnings forecasts'}","{'id': 'analyst', 'name': 'Analyst'}","{'id': 'analyst-analyst-estimates', 'name': 'Analyst Estimates'}",USA,1,TOP3000,MATRIX,0.944,41,650,1.2,[]
anl15_ebt_ind_18_m_total,The total of 18-month forward earnings before tax (EBT) estimation aggregated within GICS industry grouping.,"{'id': 'analyst15', 'name': 'Earnings forecasts'}","{'id': 'analyst', 'name': 'Analyst'}","{'id': 'analyst-analyst-estimates', 'name': 'Analyst Estimates'}",USA,1,TOP3000,MATRIX,0.977,22,44,1.2,[]
anl15_ebt_ind_cal_fy0_gro,The weighted year-over-year growth of earnings before tax (EBT) estimation for the current calendarized fiscal year aggregated within GICS industry grouping.,"{'id': 'analyst15', 'name': 'Earnings forecasts'}","{'id': 'analyst', 'name': 'Analyst'}","{'id': 'analyst-analyst-estimates', 'name': 'Analyst Estimates'}",USA,1,TOP3000,MATRIX,0.9572,41,80,1.2,[]
anl15_ebt_ind_cal_fy0_pe,The weighted average price/earnings ratio based on EPS estimation for the current calendarized fiscal year aggregated within GICS industry grouping.,"{'id': 'analyst15', 'name': 'Earnings forecasts'}","{'id': 'analyst', 'name': 'Analyst'}","{'id': 'analyst-analyst-estimates', 'name': 'Analyst Estimates'}",USA,1,TOP3000,MATRIX,0.981,38,73,1.2,[]
anl15_ebt_ind_cal_fy0_total,The total of earnings before tax (EBT) estimation for the current calendarized fiscal year aggregated within GICS industry grouping.,"{'id': 'analyst15', 'name': 'Earnings forecasts'}","{'id': 'analyst', 'name': 'Analyst'}","{'id': 'analyst-analyst-estimates', 'name': 'Analyst Estimates'}",USA,1,TOP3000,MATRIX,0.9828,42,91,1.2,[]
anl15_ebt_ind_cal_fy0_val,The weighted average of earnings before tax (EBT) estimation for the current calendarized fiscal year aggregated within GICS industry grouping.,"{'id': 'analyst15', 'name': 'Earnings forecasts'}","{'id': 'analyst', 'name': 'Analyst'}","{'id': 'analyst-analyst-estimates', 'name': 'Analyst Estimates'}",USA,1,TOP3000,MATRIX,0.9828,26,55,1.2,[]
anl15_ebt_ind_cal_fy1_1m_chg,The weighted 1-month percent change of earnings before tax (EBT) estimation for the calendarized 1 fiscal year aggregated within GICS industry grouping.,"{'id': 'analyst15', 'name': 'Earnings forecasts'}","{'id': 'analyst', 'name': 'Analyst'}","{'id': 'analyst-analyst-estimates', 'name': 'Analyst Estimates'}",USA,1,TOP3000,MATRIX,0.9754,35,132,1.2,[]
anl15_ebt_ind_cal_fy1_3m_chg,The weighted 3-month percent change of earnings before tax (EBT) estimation for the calendarized 1 fiscal year aggregated within GICS industry grouping.,"{'id': 'analyst15', 'name': 'Earnings forecasts'}","{'id': 'analyst', 'name': 'Analyst'}","{'id': 'analyst-analyst-estimates', 'name': 'Analyst Estimates'}",USA,1,TOP3000,MATRIX,0.9755,8,106,1.2,[]
anl15_ebt_ind_cal_fy1_6m_chg,The weighted 6-month percent change of earnings before tax (EBT) estimation for the calendarized 1 fiscal year aggregated within GICS industry grouping.,"{'id': 'analyst15', 'name': 'Earnings forecasts'}","{'id': 'analyst', 'name': 'Analyst'}","{'id': 'analyst-analyst-estimates', 'name': 'Analyst Estimates'}",USA,1,TOP3000,MATRIX,0.9745,24,227,1.2,[]
anl15_ebt_ind_cal_fy1_cos,The number of companies with a calendarized 1 fiscal year earnings before tax (EBT) estimation within GICS industry grouping.,"{'id': 'analyst15', 'name': 'Earnings forecasts'}","{'id': 'analyst', 'name': 'Analyst'}","{'id': 'analyst-analyst-estimates', 'name': 'Analyst Estimates'}",USA,1,TOP3000,MATRIX,0.9818,44,207,1.2,[]
anl15_ebt_ind_cal_fy1_ests,The total number of calendarized one fiscal year earnings before tax (EBT) estimation within GICS industry grouping.,"{'id': 'analyst15', 'name': 'Earnings forecasts'}","{'id': 'analyst', 'name': 'Analyst'}","{'id': 'analyst-analyst-estimates', 'name': 'Analyst Estimates'}",USA,1,TOP3000,MATRIX,0.9789,18,37,1.2,[]
anl15_ebt_ind_cal_fy1_gro,The weighted year-over-year growth of earnings before tax (EBT) estimation for the calendarized 1 fiscal year aggregated within GICS industry grouping.,"{'id': 'analyst15', 'name': 'Earnings forecasts'}","{'id': 'analyst', 'name': 'Analyst'}","{'id': 'analyst-analyst-estimates', 'name': 'Analyst Estimates'}",USA,1,TOP3000,MATRIX,0.9727,51,106,1.2,[]
anl15_ebt_ind_cal_fy1_mean,The weighted average of earnings before tax (EBT) estimation for the calendarized 1 fiscal year aggregated within GICS industry grouping.,"{'id': 'analyst15', 'name': 'Earnings forecasts'}","{'id': 'analyst', 'name': 'Analyst'}","{'id': 'analyst-analyst-estimates', 'name': 'Analyst Estimates'}",USA,1,TOP3000,MATRIX,0.9818,27,216,1.2,[]
anl15_ebt_ind_cal_fy1_pe,The weighted average price/earnings ratio based on EPS estimation for the calendarized 1 fiscal year aggregated within GICS industry grouping.,"{'id': 'analyst15', 'name': 'Earnings forecasts'}","{'id': 'analyst', 'name': 'Analyst'}","{'id': 'analyst-analyst-estimates', 'name': 'Analyst Estimates'}",USA,1,TOP3000,MATRIX,0.9816,46,118,1.2,[]
anl15_ebt_ind_cal_fy1_st_dev,The weighted average standard deviation of earnings before tax (EBT) estimation for the calendarized 1 fiscal year aggregated within GICS industry grouping.,"{'id': 'analyst15', 'name': 'Earnings forecasts'}","{'id': 'analyst', 'name': 'Analyst'}","{'id': 'analyst-analyst-estimates', 'name': 'Analyst Estimates'}",USA,1,TOP3000,MATRIX,0.9442,37,69,1.2,[]
anl15_ebt_ind_cal_fy1_total,The total of earnings before tax (EBT) estimation for the calendarized 1 fiscal year aggregated within GICS industry grouping.,"{'id': 'analyst15', 'name': 'Earnings forecasts'}","{'id': 'analyst', 'name': 'Analyst'}","{'id': 'analyst-analyst-estimates', 'name': 'Analyst Estimates'}",USA,1,TOP3000,MATRIX,0.9818,19,33,1.2,[]
anl15_ebt_ind_cal_fy2_1m_chg,The weighted one month percent change of earnings before tax (EBT) estimation for the calendarized 2 fiscal year aggregated within GICS industry grouping.,"{'id': 'analyst15', 'name': 'Earnings forecasts'}","{'id': 'analyst', 'name': 'Analyst'}","{'id': 'analyst-analyst-estimates', 'name': 'Analyst Estimates'}",USA,1,TOP3000,MATRIX,0.9757,31,55,1.2,[]
anl15_ebt_ind_cal_fy2_3m_chg,The weighted 3-month percent change of earnings before tax (EBT) estimation for the calendarized 2 fiscal years aggregated within GICS industry grouping.,"{'id': 'analyst15', 'name': 'Earnings forecasts'}","{'id': 'analyst', 'name': 'Analyst'}","{'id': 'analyst-analyst-estimates', 'name': 'Analyst Estimates'}",USA,1,TOP3000,MATRIX,0.9756,19,43,1.2,[]
anl15_ebt_ind_cal_fy2_6m_chg,The weighted 6-month percent change of earnings before tax (EBT) estimation for the calendarized 2 fiscal years aggregated within GICS industry grouping.,"{'id': 'analyst15', 'name': 'Earnings forecasts'}","{'id': 'analyst', 'name': 'Analyst'}","{'id': 'analyst-analyst-estimates', 'name': 'Analyst Estimates'}",USA,1,TOP3000,MATRIX,0.9742,27,64,1.2,[]
anl15_ebt_ind_cal_fy2_cos,The number of companies with a calendarized 2 fiscal year earnings before tax (EBT) estimation within GICS industry grouping.,"{'id': 'analyst15', 'name': 'Earnings forecasts'}","{'id': 'analyst', 'name': 'Analyst'}","{'id': 'analyst-analyst-estimates', 'name': 'Analyst Estimates'}",USA,1,TOP3000,MATRIX,0.9791,72,888,1.2,[]
anl15_ebt_ind_cal_fy2_ests,The total number of calendarized 2 fiscal year earnings before tax (EBT) estimation within GICS industry grouping.,"{'id': 'analyst15', 'name': 'Earnings forecasts'}","{'id': 'analyst', 'name': 'Analyst'}","{'id': 'analyst-analyst-estimates', 'name': 'Analyst Estimates'}",USA,1,TOP3000,MATRIX,0.9791,53,568,1.2,[]
anl15_ebt_ind_cal_fy2_gro,The weighted year-over-year growth of earnings before tax (EBT) estimation for the calendarized 2 fiscal years aggregated within GICS industry grouping.,"{'id': 'analyst15', 'name': 'Earnings forecasts'}","{'id': 'analyst', 'name': 'Analyst'}","{'id': 'analyst-analyst-estimates', 'name': 'Analyst Estimates'}",USA,1,TOP3000,MATRIX,0.9787,65,188,1.2,[]
anl15_ebt_ind_cal_fy2_mean,The weighted average of earnings before tax (EBT) estimation for the calendarized 2 fiscal years aggregated within GICS industry grouping.,"{'id': 'analyst15', 'name': 'Earnings forecasts'}","{'id': 'analyst', 'name': 'Analyst'}","{'id': 'analyst-analyst-estimates', 'name': 'Analyst Estimates'}",USA,1,TOP3000,MATRIX,0.9791,36,263,1.2,[]
anl15_ebt_ind_cal_fy2_pe,The weighted average price/earnings ratio based on EPS estimation for the calendarized 2 fiscal years aggregated within GICS industry grouping.,"{'id': 'analyst15', 'name': 'Earnings forecasts'}","{'id': 'analyst', 'name': 'Analyst'}","{'id': 'analyst-analyst-estimates', 'name': 'Analyst Estimates'}",USA,1,TOP3000,MATRIX,0.9791,20,46,1.2,[]
anl15_ebt_ind_cal_fy2_st_dev,The weighted average standard deviation of earnings before tax (EBT) estimation for the calendarized 2 fiscal years aggregated within GICS industry grouping.,"{'id': 'analyst15', 'name': 'Earnings forecasts'}","{'id': 'analyst', 'name': 'Analyst'}","{'id': 'analyst-analyst-estimates', 'name': 'Analyst Estimates'}",USA,1,TOP3000,MATRIX,0.9444,66,804,1.2,[]
anl15_ebt_ind_cal_fy2_total,The total of earnings before tax (EBT) estimation for the calendarized 2 fiscal year aggregated within GICS industry grouping.,"{'id': 'analyst15', 'name': 'Earnings forecasts'}","{'id': 'analyst', 'name': 'Analyst'}","{'id': 'analyst-analyst-estimates', 'name': 'Analyst Estimates'}",USA,1,TOP3000,MATRIX,0.9791,29,129,1.2,[]
anl15_ebt_ind_cal_fy3_1m_chg,The weighted 1-month percent change of earnings before tax (EBT) estimation for the calendarized 3 fiscal years aggregated within GICS industry grouping.,"{'id': 'analyst15', 'name': 'Earnings forecasts'}","{'id': 'analyst', 'name': 'Analyst'}","{'id': 'analyst-analyst-estimates', 'name': 'Analyst Estimates'}",USA,1,TOP3000,MATRIX,0.9674,50,414,1.2,[]
anl15_ebt_ind_cal_fy3_3m_chg,The weighted 3-month percent change of earnings before tax (EBT) estimation for the calendarized 3 fiscal years aggregated within GICS industry grouping.,"{'id': 'analyst15', 'name': 'Earnings forecasts'}","{'id': 'analyst', 'name': 'Analyst'}","{'id': 'analyst-analyst-estimates', 'name': 'Analyst Estimates'}",USA,1,TOP3000,MATRIX,0.9661,14,35,1.2,[]
anl15_ebt_ind_cal_fy3_6m_chg,The weighted 6-month percent change of earnings before tax (EBT) estimation for the calendarized 3 fiscal years aggregated within GICS industry grouping.,"{'id': 'analyst15', 'name': 'Earnings forecasts'}","{'id': 'analyst', 'name': 'Analyst'}","{'id': 'analyst-analyst-estimates', 'name': 'Analyst Estimates'}",USA,1,TOP3000,MATRIX,0.9409,23,55,1.2,[]
anl15_ebt_ind_cal_fy3_cos,The number of companies with a calendarized 3 fiscal year earnings before tax (EBT) estimation within GICS industry grouping.,"{'id': 'analyst15', 'name': 'Earnings forecasts'}","{'id': 'analyst', 'name': 'Analyst'}","{'id': 'analyst-analyst-estimates', 'name': 'Analyst Estimates'}",USA,1,TOP3000,MATRIX,0.9766,49,144,1.2,[]
anl15_ebt_ind_cal_fy3_ests,The total number of calendarized 3 fiscal years earnings before tax (EBT) estimations within GICS industry grouping.,"{'id': 'analyst15', 'name': 'Earnings forecasts'}","{'id': 'analyst', 'name': 'Analyst'}","{'id': 'analyst-analyst-estimates', 'name': 'Analyst Estimates'}",USA,1,TOP3000,MATRIX,0.9766,64,233,1.2,[]
anl15_ebt_ind_cal_fy3_gro,The weighted year-over-year growth of earnings before tax (EBT) estimation for the calendarized 3 fiscal years aggregated within GICS industry grouping.,"{'id': 'analyst15', 'name': 'Earnings forecasts'}","{'id': 'analyst', 'name': 'Analyst'}","{'id': 'analyst-analyst-estimates', 'name': 'Analyst Estimates'}",USA,1,TOP3000,MATRIX,0.9755,39,323,1.2,[]
anl15_ebt_ind_cal_fy3_mean,The weighted average of earnings before tax (EBT) estimation for the calendarized 3 fiscal year aggregated within GICS industry grouping.,"{'id': 'analyst15', 'name': 'Earnings forecasts'}","{'id': 'analyst', 'name': 'Analyst'}","{'id': 'analyst-analyst-estimates', 'name': 'Analyst Estimates'}",USA,1,TOP3000,MATRIX,0.9764,31,56,1.2,[]
anl15_ebt_ind_cal_fy3_pe,The weighted average price/earnings ratio based on EPS estimation for the calendarized 3 fiscal years aggregated within GICS industry grouping.,"{'id': 'analyst15', 'name': 'Earnings forecasts'}","{'id': 'analyst', 'name': 'Analyst'}","{'id': 'analyst-analyst-estimates', 'name': 'Analyst Estimates'}",USA,1,TOP3000,MATRIX,0.9764,35,110,1.2,[]
anl15_ebt_ind_cal_fy3_st_dev,The weighted average standard deviation of earnings before tax (EBT) estimation for the calendarized 3 fiscal years aggregated within GICS industry grouping.,"{'id': 'analyst15', 'name': 'Earnings forecasts'}","{'id': 'analyst', 'name': 'Analyst'}","{'id': 'analyst-analyst-estimates', 'name': 'Analyst Estimates'}",USA,1,TOP3000,MATRIX,0.9347,36,62,1.2,[]
anl15_ebt_ind_cal_fy3_total,The total of earnings before tax (EBT) estimation for the calendarized 3 fiscal years aggregated within GICS industry grouping.,"{'id': 'analyst15', 'name': 'Earnings forecasts'}","{'id': 'analyst', 'name': 'Analyst'}","{'id': 'analyst-analyst-estimates', 'name': 'Analyst Estimates'}",USA,1,TOP3000,MATRIX,0.9764,28,36,1.2,[]
anl15_ebt_ind_fy1_cos_dn,The number of companies for which earnings before tax (EBT) estimation for the calendarized 1 fiscal year has been lowered from last month within GICS industry grouping.,"{'id': 'analyst15', 'name': 'Earnings forecasts'}","{'id': 'analyst', 'name': 'Analyst'}","{'id': 'analyst-analyst-estimates', 'name': 'Analyst Estimates'}",USA,1,TOP3000,MATRIX,0.9668,31,155,1.2,[]
anl15_ebt_ind_fy1_cos_up,The number of companies for which earnings before tax (EBT) estimation for the calendarized 1 fiscal year has been raised from last month within GICS industry grouping.,"{'id': 'analyst15', 'name': 'Earnings forecasts'}","{'id': 'analyst', 'name': 'Analyst'}","{'id': 'analyst-analyst-estimates', 'name': 'Analyst Estimates'}",USA,1,TOP3000,MATRIX,0.9622,26,44,1.2,[]
anl15_ebt_ind_fy1_ests_dn,"Count of unique IDs of industry participants. Industry stands for an aggregate view of all  equity clearance activity for the date, symbol, and transaction type in question.","{'id': 'analyst15', 'name': 'Earnings forecasts'}","{'id': 'analyst', 'name': 'Analyst'}","{'id': 'analyst-analyst-estimates', 'name': 'Analyst Estimates'}",USA,1,TOP3000,MATRIX,0.9685,23,43,1.2,[]
anl15_ebt_ind_fy1_ests_up,"Count of unique IDs of industry participants. Industry stands for an aggregate view of all  equity clearance activity for the date, symbol, and transaction type in question.","{'id': 'analyst15', 'name': 'Earnings forecasts'}","{'id': 'analyst', 'name': 'Analyst'}","{'id': 'analyst-analyst-estimates', 'name': 'Analyst Estimates'}",USA,1,TOP3000,MATRIX,0.9637,31,43,1.2,[]
anl15_ebt_ind_fy2_cos_dn,The number of companies for which earnings before tax (EBT) estimation for the calendarized 2 fiscal years has been lowered from last month within GICS industry grouping.,"{'id': 'analyst15', 'name': 'Earnings forecasts'}","{'id': 'analyst', 'name': 'Analyst'}","{'id': 'analyst-analyst-estimates', 'name': 'Analyst Estimates'}",USA,1,TOP3000,MATRIX,0.9688,12,29,1.2,[]
anl15_ebt_ind_fy2_cos_up,The number of companies for which earnings before tax (EBT) estimation for the calendarized 2 fiscal years has been raised from last month within GICS industry grouping.,"{'id': 'analyst15', 'name': 'Earnings forecasts'}","{'id': 'analyst', 'name': 'Analyst'}","{'id': 'analyst-analyst-estimates', 'name': 'Analyst Estimates'}",USA,1,TOP3000,MATRIX,0.9636,32,64,1.2,[]
anl15_ebt_ind_fy2_ests_dn,"Count of unique IDs of industry participants. Industry stands for an aggregate view of all  equity clearance activity for the date, symbol, and transaction type in question.","{'id': 'analyst15', 'name': 'Earnings forecasts'}","{'id': 'analyst', 'name': 'Analyst'}","{'id': 'analyst-analyst-estimates', 'name': 'Analyst Estimates'}",USA,1,TOP3000,MATRIX,0.9684,27,60,1.2,[]
anl15_ebt_ind_fy2_ests_up,"Count of unique IDs of industry participants. Industry stands for an aggregate view of all  equity clearance activity for the date, symbol, and transaction type in question.","{'id': 'analyst15', 'name': 'Earnings forecasts'}","{'id': 'analyst', 'name': 'Analyst'}","{'id': 'analyst-analyst-estimates', 'name': 'Analyst Estimates'}",USA,1,TOP3000,MATRIX,0.9671,19,182,1.2,[]
anl15_ebt_ind_fy3_cos_dn,The number of companies for which earnings before tax (EBT) estimation for the calendarized 3 fiscal year has been lowered from last month within GICS industry grouping.,"{'id': 'analyst15', 'name': 'Earnings forecasts'}","{'id': 'analyst', 'name': 'Analyst'}","{'id': 'analyst-analyst-estimates', 'name': 'Analyst Estimates'}",USA,1,TOP3000,MATRIX,0.9552,20,31,1.2,[]
anl15_ebt_ind_fy3_cos_up,The number of companies for which earnings before tax (EBT) estimation for the calendarized 3 fiscal years has been raised from last month within GICS industry grouping.,"{'id': 'analyst15', 'name': 'Earnings forecasts'}","{'id': 'analyst', 'name': 'Analyst'}","{'id': 'analyst-analyst-estimates', 'name': 'Analyst Estimates'}",USA,1,TOP3000,MATRIX,0.9487,30,55,1.2,[]
anl15_ebt_ind_fy3_ests_dn,"Count of unique IDs of industry participants. Industry stands for an aggregate view of all  equity clearance activity for the date, symbol, and transaction type in question.","{'id': 'analyst15', 'name': 'Earnings forecasts'}","{'id': 'analyst', 'name': 'Analyst'}","{'id': 'analyst-analyst-estimates', 'name': 'Analyst Estimates'}",USA,1,TOP3000,MATRIX,0.9496,32,65,1.2,[]
anl15_ebt_ind_fy3_ests_up,"Count of unique IDs of industry participants. Industry stands for an aggregate view of all  equity clearance activity for the date, symbol, and transaction type in question.","{'id': 'analyst15', 'name': 'Earnings forecasts'}","{'id': 'analyst', 'name': 'Analyst'}","{'id': 'analyst-analyst-estimates', 'name': 'Analyst Estimates'}",USA,1,TOP3000,MATRIX,0.9475,17,41,1.2,[]
anl15_ebt_s_12_m_1m_chg,The weighted 1-month percent change of 12-month forward earnings before tax (EBT) estimation aggregated within GICS sector grouping.,"{'id': 'analyst15', 'name': 'Earnings forecasts'}","{'id': 'analyst', 'name': 'Analyst'}","{'id': 'analyst-analyst-estimates', 'name': 'Analyst Estimates'}",USA,1,TOP3000,MATRIX,1.0,26,89,1.2,[]
anl15_ebt_s_12_m_3m_chg,The weighted 3-month percent change of 12-month forward earnings before tax (EBT) estimation aggregated within GICS sector grouping.,"{'id': 'analyst15', 'name': 'Earnings forecasts'}","{'id': 'analyst', 'name': 'Analyst'}","{'id': 'analyst-analyst-estimates', 'name': 'Analyst Estimates'}",USA,1,TOP3000,MATRIX,1.0,30,572,1.2,[]
anl15_ebt_s_12_m_6m_chg,The weighted 6-month percent change of 12-month forward earnings before tax (EBT) estimation aggregated within GICS sector grouping.,"{'id': 'analyst15', 'name': 'Earnings forecasts'}","{'id': 'analyst', 'name': 'Analyst'}","{'id': 'analyst-analyst-estimates', 'name': 'Analyst Estimates'}",USA,1,TOP3000,MATRIX,1.0,39,99,1.2,[]
anl15_ebt_s_12_m_cos,The number of companies with a 12-month forward mean earnings before tax (EBT) estimation within GICS sector grouping.,"{'id': 'analyst15', 'name': 'Earnings forecasts'}","{'id': 'analyst', 'name': 'Analyst'}","{'id': 'analyst-analyst-estimates', 'name': 'Analyst Estimates'}",USA,1,TOP3000,MATRIX,1.0,44,69,1.2,[]
anl15_ebt_s_12_m_cos_dn,The number of companies for which 12-month forward mean earnings before tax (EBT) estimation has been lowered from last month within GICS sector grouping.,"{'id': 'analyst15', 'name': 'Earnings forecasts'}","{'id': 'analyst', 'name': 'Analyst'}","{'id': 'analyst-analyst-estimates', 'name': 'Analyst Estimates'}",USA,1,TOP3000,MATRIX,1.0,34,225,1.2,[]
anl15_ebt_s_12_m_cos_up,The number of companies for which 12-month forward mean earnings before tax (EBT) estimation has been raised from last month within GICS sector grouping.,"{'id': 'analyst15', 'name': 'Earnings forecasts'}","{'id': 'analyst', 'name': 'Analyst'}","{'id': 'analyst-analyst-estimates', 'name': 'Analyst Estimates'}",USA,1,TOP3000,MATRIX,1.0,32,76,1.2,[]
anl15_ebt_s_12_m_ests,The 12-month forward pro-rated total number of estimates within GICS sector grouping.,"{'id': 'analyst15', 'name': 'Earnings forecasts'}","{'id': 'analyst', 'name': 'Analyst'}","{'id': 'analyst-analyst-estimates', 'name': 'Analyst Estimates'}",USA,1,TOP3000,MATRIX,1.0,20,33,1.2,[]
anl15_ebt_s_12_m_ests_dn,"Count of unique IDs of industry participants. Industry stands for an aggregate view of all  equity clearance activity for the date, symbol, and transaction type in question.","{'id': 'analyst15', 'name': 'Earnings forecasts'}","{'id': 'analyst', 'name': 'Analyst'}","{'id': 'analyst-analyst-estimates', 'name': 'Analyst Estimates'}",USA,1,TOP3000,MATRIX,1.0,68,503,1.2,[]
anl15_ebt_s_12_m_ests_up,"Count of unique IDs of industry participants. Industry stands for an aggregate view of all  equity clearance activity for the date, symbol, and transaction type in question.","{'id': 'analyst15', 'name': 'Earnings forecasts'}","{'id': 'analyst', 'name': 'Analyst'}","{'id': 'analyst-analyst-estimates', 'name': 'Analyst Estimates'}",USA,1,TOP3000,MATRIX,1.0,54,610,1.2,[]
anl15_ebt_s_12_m_gro,The weighted 12-month forward year-over-year growth of earnings before tax (EBT) estimation aggregated within GICS sector grouping.,"{'id': 'analyst15', 'name': 'Earnings forecasts'}","{'id': 'analyst', 'name': 'Analyst'}","{'id': 'analyst-analyst-estimates', 'name': 'Analyst Estimates'}",USA,1,TOP3000,MATRIX,1.0,20,39,1.2,[]
anl15_ebt_s_12_m_mean,The weighted average of 12-month forward earnings before tax (EBT) estimation aggregated within GICS sector grouping.,"{'id': 'analyst15', 'name': 'Earnings forecasts'}","{'id': 'analyst', 'name': 'Analyst'}","{'id': 'analyst-analyst-estimates', 'name': 'Analyst Estimates'}",USA,1,TOP3000,MATRIX,1.0,73,917,1.2,[]
anl15_ebt_s_12_m_pe,The weighted average price/earnings ratio based on 12-month forward EPS estimation aggregated within GICS sector grouping.,"{'id': 'analyst15', 'name': 'Earnings forecasts'}","{'id': 'analyst', 'name': 'Analyst'}","{'id': 'analyst-analyst-estimates', 'name': 'Analyst Estimates'}",USA,1,TOP3000,MATRIX,1.0,57,240,1.2,[]
anl15_ebt_s_12_m_st_dev,The weighted average standard deviation of 12-month forward earnings before tax (EBT) estimation aggregated within GICS sector grouping.,"{'id': 'analyst15', 'name': 'Earnings forecasts'}","{'id': 'analyst', 'name': 'Analyst'}","{'id': 'analyst-analyst-estimates', 'name': 'Analyst Estimates'}",USA,1,TOP3000,MATRIX,1.0,39,292,1.2,[]
anl15_ebt_s_12_m_total,The total of 12-month forward earnings before tax (EBT) estimation aggregated within GICS sector grouping.,"{'id': 'analyst15', 'name': 'Earnings forecasts'}","{'id': 'analyst', 'name': 'Analyst'}","{'id': 'analyst-analyst-estimates', 'name': 'Analyst Estimates'}",USA,1,TOP3000,MATRIX,1.0,46,522,1.2,[]
anl15_ebt_s_12_m_tr_mean,The weighted average of 12-month trailing earnings before tax (EBT) aggregated within GICS sector grouping.,"{'id': 'analyst15', 'name': 'Earnings forecasts'}","{'id': 'analyst', 'name': 'Analyst'}","{'id': 'analyst-analyst-estimates', 'name': 'Analyst Estimates'}",USA,1,TOP3000,MATRIX,1.0,51,102,1.2,[]
anl15_ebt_s_18_m_1m_chg,The weighted 1-month percent change of 18-month forward earnings before tax (EBT) estimation aggregated within GICS sector grouping.,"{'id': 'analyst15', 'name': 'Earnings forecasts'}","{'id': 'analyst', 'name': 'Analyst'}","{'id': 'analyst-analyst-estimates', 'name': 'Analyst Estimates'}",USA,1,TOP3000,MATRIX,1.0,36,126,1.2,[]
anl15_ebt_s_18_m_3m_chg,The weighted 3-month percent change of 18-month forward earnings before tax (EBT) estimation aggregated within GICS sector grouping.,"{'id': 'analyst15', 'name': 'Earnings forecasts'}","{'id': 'analyst', 'name': 'Analyst'}","{'id': 'analyst-analyst-estimates', 'name': 'Analyst Estimates'}",USA,1,TOP3000,MATRIX,1.0,20,30,1.2,[]
anl15_ebt_s_18_m_6m_chg,The weighted 6-month percent change of 18-month forward earnings before tax (EBT) estimation aggregated within GICS sector grouping.,"{'id': 'analyst15', 'name': 'Earnings forecasts'}","{'id': 'analyst', 'name': 'Analyst'}","{'id': 'analyst-analyst-estimates', 'name': 'Analyst Estimates'}",USA,1,TOP3000,MATRIX,1.0,17,246,1.2,[]
anl15_ebt_s_18_m_cos,The number of companies with an 18-month forward mean earnings before tax (EBT) estimation within GICS sector grouping.,"{'id': 'analyst15', 'name': 'Earnings forecasts'}","{'id': 'analyst', 'name': 'Analyst'}","{'id': 'analyst-analyst-estimates', 'name': 'Analyst Estimates'}",USA,1,TOP3000,MATRIX,1.0,21,44,1.2,[]
anl15_ebt_s_18_m_cos_dn,The number of companies for which 18-month forward mean earnings before tax (EBT) estimation has been lowered from last month within GICS sector grouping.,"{'id': 'analyst15', 'name': 'Earnings forecasts'}","{'id': 'analyst', 'name': 'Analyst'}","{'id': 'analyst-analyst-estimates', 'name': 'Analyst Estimates'}",USA,1,TOP3000,MATRIX,1.0,25,29,1.2,[]
anl15_ebt_s_18_m_cos_up,The number of companies for which 18-month forward mean earnings before tax (EBT) estimation has been raised from last month within GICS sector grouping.,"{'id': 'analyst15', 'name': 'Earnings forecasts'}","{'id': 'analyst', 'name': 'Analyst'}","{'id': 'analyst-analyst-estimates', 'name': 'Analyst Estimates'}",USA,1,TOP3000,MATRIX,1.0,40,68,1.2,[]
anl15_ebt_s_18_m_ests,The 18-month forward pro-rated total number of estimates within GICS sector grouping.,"{'id': 'analyst15', 'name': 'Earnings forecasts'}","{'id': 'analyst', 'name': 'Analyst'}","{'id': 'analyst-analyst-estimates', 'name': 'Analyst Estimates'}",USA,1,TOP3000,MATRIX,1.0,26,125,1.2,[]
anl15_ebt_s_18_m_ests_dn,"Count of unique IDs of industry participants. Industry stands for an aggregate view of all  equity clearance activity for the date, symbol, and transaction type in question.","{'id': 'analyst15', 'name': 'Earnings forecasts'}","{'id': 'analyst', 'name': 'Analyst'}","{'id': 'analyst-analyst-estimates', 'name': 'Analyst Estimates'}",USA,1,TOP3000,MATRIX,1.0,41,195,1.2,[]
anl15_ebt_s_18_m_ests_up,"Count of unique IDs of industry participants. Industry stands for an aggregate view of all  equity clearance activity for the date, symbol, and transaction type in question.","{'id': 'analyst15', 'name': 'Earnings forecasts'}","{'id': 'analyst', 'name': 'Analyst'}","{'id': 'analyst-analyst-estimates', 'name': 'Analyst Estimates'}",USA,1,TOP3000,MATRIX,1.0,46,82,1.2,[]
anl15_ebt_s_18_m_gro,The weighted 18-month forward year-over-year growth of earnings before tax (EBT) estimation aggregated within GICS sector grouping.,"{'id': 'analyst15', 'name': 'Earnings forecasts'}","{'id': 'analyst', 'name': 'Analyst'}","{'id': 'analyst-analyst-estimates', 'name': 'Analyst Estimates'}",USA,1,TOP3000,MATRIX,1.0,38,520,1.2,[]
anl15_ebt_s_18_m_mean,The weighted average of 18-month forward earnings before tax (EBT) estimation aggregated within GICS sector grouping.,"{'id': 'analyst15', 'name': 'Earnings forecasts'}","{'id': 'analyst', 'name': 'Analyst'}","{'id': 'analyst-analyst-estimates', 'name': 'Analyst Estimates'}",USA,1,TOP3000,MATRIX,1.0,41,78,1.2,[]
anl15_ebt_s_18_m_pe,The weighted average price/earnings ratio based on 18-month forward EPS estimation aggregated within GICS sector grouping.,"{'id': 'analyst15', 'name': 'Earnings forecasts'}","{'id': 'analyst', 'name': 'Analyst'}","{'id': 'analyst-analyst-estimates', 'name': 'Analyst Estimates'}",USA,1,TOP3000,MATRIX,1.0,65,135,1.2,[]
anl15_ebt_s_18_m_st_dev,The weighted average standard deviation of 18-month forward earnings before tax (EBT) estimation aggregated within GICS sector grouping.,"{'id': 'analyst15', 'name': 'Earnings forecasts'}","{'id': 'analyst', 'name': 'Analyst'}","{'id': 'analyst-analyst-estimates', 'name': 'Analyst Estimates'}",USA,1,TOP3000,MATRIX,1.0,24,424,1.2,[]
anl15_ebt_s_18_m_total,The total of 18-month forward earnings before tax (EBT) estimation aggregated within GICS sector grouping.,"{'id': 'analyst15', 'name': 'Earnings forecasts'}","{'id': 'analyst', 'name': 'Analyst'}","{'id': 'analyst-analyst-estimates', 'name': 'Analyst Estimates'}",USA,1,TOP3000,MATRIX,1.0,13,135,1.2,[]
anl15_ebt_s_cal_fy0_gro,The weighted year-over-year growth of earnings before tax (EBT) estimation for the current calendarized fiscal year aggregated within GICS sector grouping.,"{'id': 'analyst15', 'name': 'Earnings forecasts'}","{'id': 'analyst', 'name': 'Analyst'}","{'id': 'analyst-analyst-estimates', 'name': 'Analyst Estimates'}",USA,1,TOP3000,MATRIX,0.9986,46,109,1.2,[]
anl15_ebt_s_cal_fy0_pe,The weighted average price/earnings ratio based on EPS estimation for the current calendarized fiscal year aggregated within GICS sector grouping.,"{'id': 'analyst15', 'name': 'Earnings forecasts'}","{'id': 'analyst', 'name': 'Analyst'}","{'id': 'analyst-analyst-estimates', 'name': 'Analyst Estimates'}",USA,1,TOP3000,MATRIX,1.0,59,635,1.2,[]
anl15_ebt_s_cal_fy0_total,The total of earnings before tax(EBT) estimation for the current calendarized fiscal year aggregated within GICS sector grouping.,"{'id': 'analyst15', 'name': 'Earnings forecasts'}","{'id': 'analyst', 'name': 'Analyst'}","{'id': 'analyst-analyst-estimates', 'name': 'Analyst Estimates'}",USA,1,TOP3000,MATRIX,1.0,42,101,1.2,[]
anl15_ebt_s_cal_fy0_val,The weighted average of earnings before tax (EBT) estimation for the current calendarized fiscal year aggregated within GICS sector grouping.,"{'id': 'analyst15', 'name': 'Earnings forecasts'}","{'id': 'analyst', 'name': 'Analyst'}","{'id': 'analyst-analyst-estimates', 'name': 'Analyst Estimates'}",USA,1,TOP3000,MATRIX,1.0,24,39,1.2,[]
anl15_ebt_s_cal_fy1_1m_chg,The weighted 1-month percent change of earnings before tax (EBT) estimation for the calendarized 1 fiscal year aggregated within GICS sector grouping.,"{'id': 'analyst15', 'name': 'Earnings forecasts'}","{'id': 'analyst', 'name': 'Analyst'}","{'id': 'analyst-analyst-estimates', 'name': 'Analyst Estimates'}",USA,1,TOP3000,MATRIX,1.0,40,191,1.2,[]
anl15_ebt_s_cal_fy1_3m_chg,The weighted 3-month percent change of earnings before tax (EBT) estimation for the calendarized 1 fiscal year aggregated within GICS sector grouping.,"{'id': 'analyst15', 'name': 'Earnings forecasts'}","{'id': 'analyst', 'name': 'Analyst'}","{'id': 'analyst-analyst-estimates', 'name': 'Analyst Estimates'}",USA,1,TOP3000,MATRIX,1.0,19,132,1.2,[]
anl15_ebt_s_cal_fy1_6m_chg,The weighted 6-month percent change of earnings before tax (EBT) estimation for the calendarized 1 fiscal year aggregated within GICS sector grouping.,"{'id': 'analyst15', 'name': 'Earnings forecasts'}","{'id': 'analyst', 'name': 'Analyst'}","{'id': 'analyst-analyst-estimates', 'name': 'Analyst Estimates'}",USA,1,TOP3000,MATRIX,1.0,33,57,1.2,[]
anl15_ebt_s_cal_fy1_cos,The number of companies with a calendarized 1 fiscal year earnings before tax (EBT) estimation within GICS sector grouping.,"{'id': 'analyst15', 'name': 'Earnings forecasts'}","{'id': 'analyst', 'name': 'Analyst'}","{'id': 'analyst-analyst-estimates', 'name': 'Analyst Estimates'}",USA,1,TOP3000,MATRIX,1.0,32,51,1.2,[]
anl15_ebt_s_cal_fy1_ests,The total number of calendarized 1 fiscal year earnings before tax (EBT) estimation within GICS sector grouping.,"{'id': 'analyst15', 'name': 'Earnings forecasts'}","{'id': 'analyst', 'name': 'Analyst'}","{'id': 'analyst-analyst-estimates', 'name': 'Analyst Estimates'}",USA,1,TOP3000,MATRIX,1.0,54,552,1.2,[]
anl15_ebt_s_cal_fy1_gro,The weighted year over year growth of earnings before tax (EBT) estimation for the calendarized 1 fiscal year aggregated within GICS sector grouping.,"{'id': 'analyst15', 'name': 'Earnings forecasts'}","{'id': 'analyst', 'name': 'Analyst'}","{'id': 'analyst-analyst-estimates', 'name': 'Analyst Estimates'}",USA,1,TOP3000,MATRIX,1.0,57,374,1.2,[]
anl15_ebt_s_cal_fy1_mean,The weighted average of earnings before tax (EBT) estimation for the calendarized one fiscal year aggregated within GICS sector grouping.,"{'id': 'analyst15', 'name': 'Earnings forecasts'}","{'id': 'analyst', 'name': 'Analyst'}","{'id': 'analyst-analyst-estimates', 'name': 'Analyst Estimates'}",USA,1,TOP3000,MATRIX,1.0,50,276,1.2,[]
anl15_ebt_s_cal_fy1_pe,The weighted average price/earnings ratio based on EPS estimation for the calendarized 1 fiscal year aggregated within GICS sector grouping.,"{'id': 'analyst15', 'name': 'Earnings forecasts'}","{'id': 'analyst', 'name': 'Analyst'}","{'id': 'analyst-analyst-estimates', 'name': 'Analyst Estimates'}",USA,1,TOP3000,MATRIX,1.0,82,334,1.2,[]
anl15_ebt_s_cal_fy1_st_dev,The weighted average standard deviation of earnings before tax (EBT) estimation for the calendarized 1 fiscal year aggregated within GICS sector grouping.,"{'id': 'analyst15', 'name': 'Earnings forecasts'}","{'id': 'analyst', 'name': 'Analyst'}","{'id': 'analyst-analyst-estimates', 'name': 'Analyst Estimates'}",USA,1,TOP3000,MATRIX,1.0,53,298,1.2,[]
anl15_ebt_s_cal_fy1_total,The total of earnings before tax (EBT) estimation for the calendarized 1 fiscal year aggregated within GICS sector grouping.,"{'id': 'analyst15', 'name': 'Earnings forecasts'}","{'id': 'analyst', 'name': 'Analyst'}","{'id': 'analyst-analyst-estimates', 'name': 'Analyst Estimates'}",USA,1,TOP3000,MATRIX,1.0,32,64,1.2,[]
anl15_ebt_s_cal_fy2_1m_chg,The weighted 1 month percent change of earnings before tax (EBT) estimation for the calendarized 2 fiscal year aggregated within GICS sector grouping.,"{'id': 'analyst15', 'name': 'Earnings forecasts'}","{'id': 'analyst', 'name': 'Analyst'}","{'id': 'analyst-analyst-estimates', 'name': 'Analyst Estimates'}",USA,1,TOP3000,MATRIX,1.0,16,45,1.2,[]
anl15_ebt_s_cal_fy2_3m_chg,The weighted 3-month percent change of earnings before tax (EBT) estimation for the calendarized 2 fiscal years aggregated within GICS sector grouping.,"{'id': 'analyst15', 'name': 'Earnings forecasts'}","{'id': 'analyst', 'name': 'Analyst'}","{'id': 'analyst-analyst-estimates', 'name': 'Analyst Estimates'}",USA,1,TOP3000,MATRIX,1.0,16,382,1.2,[]
anl15_ebt_s_cal_fy2_6m_chg,The weighted 6-month percent change of earnings before tax (EBT) estimation for the calendarized 2 fiscal years aggregated within GICS sector grouping.,"{'id': 'analyst15', 'name': 'Earnings forecasts'}","{'id': 'analyst', 'name': 'Analyst'}","{'id': 'analyst-analyst-estimates', 'name': 'Analyst Estimates'}",USA,1,TOP3000,MATRIX,1.0,41,102,1.2,[]
anl15_ebt_s_cal_fy2_cos,The number of companies with a calendarized 2 fiscal years earnings before tax (EBT) estimation within GICS sector grouping.,"{'id': 'analyst15', 'name': 'Earnings forecasts'}","{'id': 'analyst', 'name': 'Analyst'}","{'id': 'analyst-analyst-estimates', 'name': 'Analyst Estimates'}",USA,1,TOP3000,MATRIX,1.0,40,95,1.2,[]
anl15_ebt_s_cal_fy2_ests,The total number of calendarized 2 fiscal year earnings before tax (EBT) estimations within GICS sector grouping.,"{'id': 'analyst15', 'name': 'Earnings forecasts'}","{'id': 'analyst', 'name': 'Analyst'}","{'id': 'analyst-analyst-estimates', 'name': 'Analyst Estimates'}",USA,1,TOP3000,MATRIX,1.0,25,36,1.2,[]
anl15_ebt_s_cal_fy2_gro,The weighted year-over-year growth of earnings before tax (EBT) estimation for the calendarized 2 fiscal years aggregated within GICS sector grouping.,"{'id': 'analyst15', 'name': 'Earnings forecasts'}","{'id': 'analyst', 'name': 'Analyst'}","{'id': 'analyst-analyst-estimates', 'name': 'Analyst Estimates'}",USA,1,TOP3000,MATRIX,1.0,46,224,1.2,[]
anl15_ebt_s_cal_fy2_mean,The weighted average of earnings before tax (EBT) estimation for the calendarized 2 fiscal year aggregated within GICS sector grouping.,"{'id': 'analyst15', 'name': 'Earnings forecasts'}","{'id': 'analyst', 'name': 'Analyst'}","{'id': 'analyst-analyst-estimates', 'name': 'Analyst Estimates'}",USA,1,TOP3000,MATRIX,1.0,28,50,1.2,[]
anl15_ebt_s_cal_fy2_pe,The weighted average price/earnings ratio based on EPS estimation for the calendarized 2 fiscal year aggregated within GICS sector grouping.,"{'id': 'analyst15', 'name': 'Earnings forecasts'}","{'id': 'analyst', 'name': 'Analyst'}","{'id': 'analyst-analyst-estimates', 'name': 'Analyst Estimates'}",USA,1,TOP3000,MATRIX,1.0,58,104,1.2,[]
anl15_ebt_s_cal_fy2_st_dev,The weighted average standard deviation of earnings before tax (EBT) estimation for the calendarized 2 fiscal year aggregated within GICS sector grouping.,"{'id': 'analyst15', 'name': 'Earnings forecasts'}","{'id': 'analyst', 'name': 'Analyst'}","{'id': 'analyst-analyst-estimates', 'name': 'Analyst Estimates'}",USA,1,TOP3000,MATRIX,1.0,55,338,1.2,[]
anl15_ebt_s_cal_fy2_total,The total of earnings before tax (EBT) estimation for the calendarized 2 fiscal years aggregated within GICS sector grouping.,"{'id': 'analyst15', 'name': 'Earnings forecasts'}","{'id': 'analyst', 'name': 'Analyst'}","{'id': 'analyst-analyst-estimates', 'name': 'Analyst Estimates'}",USA,1,TOP3000,MATRIX,1.0,28,51,1.2,[]
anl15_ebt_s_cal_fy3_1m_chg,The weighted one-month percent change of earnings before tax (EBT) estimation for the calendarized three fiscal years aggregated within GICS sector grouping.,"{'id': 'analyst15', 'name': 'Earnings forecasts'}","{'id': 'analyst', 'name': 'Analyst'}","{'id': 'analyst-analyst-estimates', 'name': 'Analyst Estimates'}",USA,1,TOP3000,MATRIX,1.0,38,82,1.2,[]
anl15_ebt_s_cal_fy3_3m_chg,The weighted 3-month percent change of earnings before tax (EBT) estimation for the calendarized 3 fiscal year aggregated within GICS sector grouping.,"{'id': 'analyst15', 'name': 'Earnings forecasts'}","{'id': 'analyst', 'name': 'Analyst'}","{'id': 'analyst-analyst-estimates', 'name': 'Analyst Estimates'}",USA,1,TOP3000,MATRIX,1.0,27,43,1.2,[]
anl15_ebt_s_cal_fy3_6m_chg,The weighted 6-month percent change of earnings before tax (EBT) estimation for the calendarized 3 fiscal years aggregated within GICS sector grouping.,"{'id': 'analyst15', 'name': 'Earnings forecasts'}","{'id': 'analyst', 'name': 'Analyst'}","{'id': 'analyst-analyst-estimates', 'name': 'Analyst Estimates'}",USA,1,TOP3000,MATRIX,1.0,40,146,1.2,[]
anl15_ebt_s_cal_fy3_cos,The number of companies with a calendarized 3 fiscal year earnings before tax (EBT) estimation within GICS sector grouping.,"{'id': 'analyst15', 'name': 'Earnings forecasts'}","{'id': 'analyst', 'name': 'Analyst'}","{'id': 'analyst-analyst-estimates', 'name': 'Analyst Estimates'}",USA,1,TOP3000,MATRIX,1.0,37,75,1.2,[]
anl15_ebt_s_cal_fy3_ests,The total number of calendarized 3 fiscal year earnings before tax (EBT) estimations within GICS sector grouping.,"{'id': 'analyst15', 'name': 'Earnings forecasts'}","{'id': 'analyst', 'name': 'Analyst'}","{'id': 'analyst-analyst-estimates', 'name': 'Analyst Estimates'}",USA,1,TOP3000,MATRIX,1.0,45,279,1.2,[]
anl15_ebt_s_cal_fy3_gro,The weighted year-over-year growth of earnings before tax (EBT) estimation for the calendarized 3 fiscal years aggregated within GICS sector grouping.,"{'id': 'analyst15', 'name': 'Earnings forecasts'}","{'id': 'analyst', 'name': 'Analyst'}","{'id': 'analyst-analyst-estimates', 'name': 'Analyst Estimates'}",USA,1,TOP3000,MATRIX,1.0,64,521,1.2,[]
anl15_ebt_s_cal_fy3_mean,The weighted average of earnings before tax (EBT) estimation for the calendarized 3 fiscal year aggregated within GICS sector grouping.,"{'id': 'analyst15', 'name': 'Earnings forecasts'}","{'id': 'analyst', 'name': 'Analyst'}","{'id': 'analyst-analyst-estimates', 'name': 'Analyst Estimates'}",USA,1,TOP3000,MATRIX,1.0,37,146,1.2,[]
anl15_ebt_s_cal_fy3_pe,The weighted average price/earnings ratio based on EPS estimation for the calendarized 3 fiscal years aggregated within GICS sector grouping.,"{'id': 'analyst15', 'name': 'Earnings forecasts'}","{'id': 'analyst', 'name': 'Analyst'}","{'id': 'analyst-analyst-estimates', 'name': 'Analyst Estimates'}",USA,1,TOP3000,MATRIX,1.0,56,397,1.2,[]
anl15_ebt_s_cal_fy3_st_dev,The weighted average standard deviation of earnings before tax (EBT) estimation for the calendarized 3 fiscal year aggregated within GICS sector grouping.,"{'id': 'analyst15', 'name': 'Earnings forecasts'}","{'id': 'analyst', 'name': 'Analyst'}","{'id': 'analyst-analyst-estimates', 'name': 'Analyst Estimates'}",USA,1,TOP3000,MATRIX,1.0,53,211,1.2,[]
anl15_ebt_s_cal_fy3_total,The total of earnings before tax (EBT) estimation for the calendarized 3 fiscal years aggregated within GICS sector grouping.,"{'id': 'analyst15', 'name': 'Earnings forecasts'}","{'id': 'analyst', 'name': 'Analyst'}","{'id': 'analyst-analyst-estimates', 'name': 'Analyst Estimates'}",USA,1,TOP3000,MATRIX,1.0,23,46,1.2,[]
anl15_ebt_s_fy1_cos_dn,The number of companies for which earnings before tax (EBT) estimation for the calendarized one fiscal year has been lowered from last month within GICS sector grouping.,"{'id': 'analyst15', 'name': 'Earnings forecasts'}","{'id': 'analyst', 'name': 'Analyst'}","{'id': 'analyst-analyst-estimates', 'name': 'Analyst Estimates'}",USA,1,TOP3000,MATRIX,1.0,36,154,1.2,[]
anl15_ebt_s_fy1_cos_up,The number of companies for which earnings before tax (EBT) estimation for the calendarized 1 fiscal year has been raised from last month within GICS sector grouping.,"{'id': 'analyst15', 'name': 'Earnings forecasts'}","{'id': 'analyst', 'name': 'Analyst'}","{'id': 'analyst-analyst-estimates', 'name': 'Analyst Estimates'}",USA,1,TOP3000,MATRIX,1.0,62,698,1.2,[]
anl15_ebt_s_fy1_ests_dn,"Count of unique IDs of industry participants. Industry stands for an aggregate view of all  equity clearance activity for the date, symbol, and transaction type in question.","{'id': 'analyst15', 'name': 'Earnings forecasts'}","{'id': 'analyst', 'name': 'Analyst'}","{'id': 'analyst-analyst-estimates', 'name': 'Analyst Estimates'}",USA,1,TOP3000,MATRIX,1.0,50,139,1.2,[]
anl15_ebt_s_fy1_ests_up,"Count of unique IDs of industry participants. Industry stands for an aggregate view of all  equity clearance activity for the date, symbol, and transaction type in question.","{'id': 'analyst15', 'name': 'Earnings forecasts'}","{'id': 'analyst', 'name': 'Analyst'}","{'id': 'analyst-analyst-estimates', 'name': 'Analyst Estimates'}",USA,1,TOP3000,MATRIX,1.0,26,62,1.2,[]
anl15_ebt_s_fy2_cos_dn,The number of companies for which earnings before tax (EBT) estimation for the calendarized 2 fiscal years has been lowered from last month within GICS sector grouping.,"{'id': 'analyst15', 'name': 'Earnings forecasts'}","{'id': 'analyst', 'name': 'Analyst'}","{'id': 'analyst-analyst-estimates', 'name': 'Analyst Estimates'}",USA,1,TOP3000,MATRIX,1.0,45,143,1.2,[]
anl15_ebt_s_fy2_cos_up,The number of companies for which earnings before tax (EBT) estimation for the calendarized 2 fiscal years has been raised from last month within GICS sector grouping.,"{'id': 'analyst15', 'name': 'Earnings forecasts'}","{'id': 'analyst', 'name': 'Analyst'}","{'id': 'analyst-analyst-estimates', 'name': 'Analyst Estimates'}",USA,1,TOP3000,MATRIX,1.0,52,203,1.2,[]
anl15_ebt_s_fy2_ests_dn,"Count of unique IDs of industry participants. Industry stands for an aggregate view of all  equity clearance activity for the date, symbol, and transaction type in question.","{'id': 'analyst15', 'name': 'Earnings forecasts'}","{'id': 'analyst', 'name': 'Analyst'}","{'id': 'analyst-analyst-estimates', 'name': 'Analyst Estimates'}",USA,1,TOP3000,MATRIX,1.0,25,59,1.2,[]
anl15_ebt_s_fy2_ests_up,"Count of unique IDs of industry participants. Industry stands for an aggregate view of all  equity clearance activity for the date, symbol, and transaction type in question.","{'id': 'analyst15', 'name': 'Earnings forecasts'}","{'id': 'analyst', 'name': 'Analyst'}","{'id': 'analyst-analyst-estimates', 'name': 'Analyst Estimates'}",USA,1,TOP3000,MATRIX,1.0,46,108,1.2,[]
anl15_ebt_s_fy3_cos_dn,The number of companies for which earnings before tax (EBT) estimation for the calendarized 3 fiscal years has been lowered from last month within GICS sector grouping.,"{'id': 'analyst15', 'name': 'Earnings forecasts'}","{'id': 'analyst', 'name': 'Analyst'}","{'id': 'analyst-analyst-estimates', 'name': 'Analyst Estimates'}",USA,1,TOP3000,MATRIX,1.0,42,460,1.2,[]
anl15_ebt_s_fy3_cos_up,The number of companies for which earnings before tax (EBT) estimation for the calendarized 3 fiscal years has been raised from last month within GICS sector grouping.,"{'id': 'analyst15', 'name': 'Earnings forecasts'}","{'id': 'analyst', 'name': 'Analyst'}","{'id': 'analyst-analyst-estimates', 'name': 'Analyst Estimates'}",USA,1,TOP3000,MATRIX,1.0,32,72,1.2,[]
anl15_ebt_s_fy3_ests_dn,"Count of unique IDs of industry participants. Industry stands for an aggregate view of all  equity clearance activity for the date, symbol, and transaction type in question.","{'id': 'analyst15', 'name': 'Earnings forecasts'}","{'id': 'analyst', 'name': 'Analyst'}","{'id': 'analyst-analyst-estimates', 'name': 'Analyst Estimates'}",USA,1,TOP3000,MATRIX,1.0,41,69,1.2,[]
anl15_ebt_s_fy3_ests_up,"Count of unique IDs of industry participants. Industry stands for an aggregate view of all  equity clearance activity for the date, symbol, and transaction type in question.","{'id': 'analyst15', 'name': 'Earnings forecasts'}","{'id': 'analyst', 'name': 'Analyst'}","{'id': 'analyst-analyst-estimates', 'name': 'Analyst Estimates'}",USA,1,TOP3000,MATRIX,1.0,38,66,1.2,[]
anl15_ebtgics_gr_12_m_1m_chg,The weighted 1-month percent change of 12-month forward earnings before tax (EBT) estimation aggregated within GICS group grouping.,"{'id': 'analyst15', 'name': 'Earnings forecasts'}","{'id': 'analyst', 'name': 'Analyst'}","{'id': 'analyst-analyst-estimates', 'name': 'Analyst Estimates'}",USA,1,TOP3000,MATRIX,1.0,42,267,1.2,[]
anl15_ebtgics_gr_12_m_3m_chg,The weighted 3-month percent change of 12-month forward earnings before tax (EBT) estimation aggregated within GICS group grouping.,"{'id': 'analyst15', 'name': 'Earnings forecasts'}","{'id': 'analyst', 'name': 'Analyst'}","{'id': 'analyst-analyst-estimates', 'name': 'Analyst Estimates'}",USA,1,TOP3000,MATRIX,1.0,28,147,1.2,[]
anl15_ebtgics_gr_12_m_6m_chg,The weighted 6-month percent change of 12-month forward earnings before tax (EBT) estimation aggregated within GICS group grouping.,"{'id': 'analyst15', 'name': 'Earnings forecasts'}","{'id': 'analyst', 'name': 'Analyst'}","{'id': 'analyst-analyst-estimates', 'name': 'Analyst Estimates'}",USA,1,TOP3000,MATRIX,1.0,41,66,1.2,[]
anl15_ebtgics_gr_12_m_cos,The number of companies with a 12-month forward mean earnings before tax (EBT) estimation within GICS group grouping.,"{'id': 'analyst15', 'name': 'Earnings forecasts'}","{'id': 'analyst', 'name': 'Analyst'}","{'id': 'analyst-analyst-estimates', 'name': 'Analyst Estimates'}",USA,1,TOP3000,MATRIX,1.0,19,148,1.2,[]
anl15_ebtgics_gr_12_m_cos_dn,The number of companies for which 12-month forward mean earnings before tax (EBT) estimation has been lowered from last month within GICS group grouping.,"{'id': 'analyst15', 'name': 'Earnings forecasts'}","{'id': 'analyst', 'name': 'Analyst'}","{'id': 'analyst-analyst-estimates', 'name': 'Analyst Estimates'}",USA,1,TOP3000,MATRIX,1.0,42,79,1.2,[]
anl15_ebtgics_gr_12_m_cos_up,The number of companies for which 12-month forward mean earnings before tax (EBT) estimation has been raised from last month within GICS group grouping.,"{'id': 'analyst15', 'name': 'Earnings forecasts'}","{'id': 'analyst', 'name': 'Analyst'}","{'id': 'analyst-analyst-estimates', 'name': 'Analyst Estimates'}",USA,1,TOP3000,MATRIX,1.0,34,184,1.2,[]
anl15_ebtgics_gr_12_m_ests,The 12-month forward pro-rated total number of estimates within GICS group grouping.,"{'id': 'analyst15', 'name': 'Earnings forecasts'}","{'id': 'analyst', 'name': 'Analyst'}","{'id': 'analyst-analyst-estimates', 'name': 'Analyst Estimates'}",USA,1,TOP3000,MATRIX,1.0,40,356,1.2,[]
anl15_ebtgics_gr_12_m_ests_dn,"Count of unique IDs of industry participants. Industry stands for an aggregate view of all  equity clearance activity for the date, symbol, and transaction type in question.","{'id': 'analyst15', 'name': 'Earnings forecasts'}","{'id': 'analyst', 'name': 'Analyst'}","{'id': 'analyst-analyst-estimates', 'name': 'Analyst Estimates'}",USA,1,TOP3000,MATRIX,1.0,20,43,1.2,[]
anl15_ebtgics_gr_12_m_ests_up,"Count of unique IDs of industry participants. Industry stands for an aggregate view of all  equity clearance activity for the date, symbol, and transaction type in question.","{'id': 'analyst15', 'name': 'Earnings forecasts'}","{'id': 'analyst', 'name': 'Analyst'}","{'id': 'analyst-analyst-estimates', 'name': 'Analyst Estimates'}",USA,1,TOP3000,MATRIX,1.0,43,89,1.2,[]
anl15_ebtgics_gr_12_m_gro,The weighted 12-month forward year-over-year growth of earnings before tax (EBT) estimation aggregated within GICS group grouping.,"{'id': 'analyst15', 'name': 'Earnings forecasts'}","{'id': 'analyst', 'name': 'Analyst'}","{'id': 'analyst-analyst-estimates', 'name': 'Analyst Estimates'}",USA,1,TOP3000,MATRIX,1.0,35,61,1.2,[]
anl15_ebtgics_gr_12_m_mean,The weighted average of 12-month forward earnings before tax (EBT) estimation aggregated within GICS group grouping.,"{'id': 'analyst15', 'name': 'Earnings forecasts'}","{'id': 'analyst', 'name': 'Analyst'}","{'id': 'analyst-analyst-estimates', 'name': 'Analyst Estimates'}",USA,1,TOP3000,MATRIX,1.0,32,91,1.2,[]
anl15_ebtgics_gr_12_m_pe,The weighted average price/earnings ratio based on 12-month forward EPS estimation aggregated within GICS group grouping.,"{'id': 'analyst15', 'name': 'Earnings forecasts'}","{'id': 'analyst', 'name': 'Analyst'}","{'id': 'analyst-analyst-estimates', 'name': 'Analyst Estimates'}",USA,1,TOP3000,MATRIX,1.0,44,152,1.2,[]
anl15_ebtgics_gr_12_m_st_dev,The weighted average standard deviation of 12-month forward earnings before tax (EBT) estimation aggregated within GICS group grouping.,"{'id': 'analyst15', 'name': 'Earnings forecasts'}","{'id': 'analyst', 'name': 'Analyst'}","{'id': 'analyst-analyst-estimates', 'name': 'Analyst Estimates'}",USA,1,TOP3000,MATRIX,0.9755,23,46,1.2,[]
anl15_ebtgics_gr_12_m_total,The total of 12-month forward earnings before tax (EBT) estimation aggregated within GICS group grouping.,"{'id': 'analyst15', 'name': 'Earnings forecasts'}","{'id': 'analyst', 'name': 'Analyst'}","{'id': 'analyst-analyst-estimates', 'name': 'Analyst Estimates'}",USA,1,TOP3000,MATRIX,1.0,61,438,1.2,[]
anl15_ebtgics_gr_12_m_tr_mean,The weighted average of 12-month trailing earnings before tax (EBT) aggregated within GICS group grouping.,"{'id': 'analyst15', 'name': 'Earnings forecasts'}","{'id': 'analyst', 'name': 'Analyst'}","{'id': 'analyst-analyst-estimates', 'name': 'Analyst Estimates'}",USA,1,TOP3000,MATRIX,1.0,24,46,1.2,[]
anl15_ebtgics_gr_18_m_1m_chg,The weighted 1-month percent change of 18-month forward earnings before tax (EBT) estimation aggregated within GICS group grouping.,"{'id': 'analyst15', 'name': 'Earnings forecasts'}","{'id': 'analyst', 'name': 'Analyst'}","{'id': 'analyst-analyst-estimates', 'name': 'Analyst Estimates'}",USA,1,TOP3000,MATRIX,1.0,34,73,1.2,[]
anl15_ebtgics_gr_18_m_3m_chg,The weighted 3-month percent change of 18-month forward earnings before tax (EBT) estimation aggregated within GICS group grouping.,"{'id': 'analyst15', 'name': 'Earnings forecasts'}","{'id': 'analyst', 'name': 'Analyst'}","{'id': 'analyst-analyst-estimates', 'name': 'Analyst Estimates'}",USA,1,TOP3000,MATRIX,1.0,34,270,1.2,[]
anl15_ebtgics_gr_18_m_6m_chg,The weighted 6-month percent change of 18-month forward earnings before tax (EBT) estimation aggregated within GICS group grouping.,"{'id': 'analyst15', 'name': 'Earnings forecasts'}","{'id': 'analyst', 'name': 'Analyst'}","{'id': 'analyst-analyst-estimates', 'name': 'Analyst Estimates'}",USA,1,TOP3000,MATRIX,1.0,41,151,1.2,[]
anl15_ebtgics_gr_18_m_cos,The number of companies with an 18-month forward mean earnings before tax (EBT) estimation within GICS group grouping.,"{'id': 'analyst15', 'name': 'Earnings forecasts'}","{'id': 'analyst', 'name': 'Analyst'}","{'id': 'analyst-analyst-estimates', 'name': 'Analyst Estimates'}",USA,1,TOP3000,MATRIX,1.0,37,65,1.2,[]
anl15_ebtgics_gr_18_m_cos_dn,The number of companies for which 18-month forward mean earnings before tax (EBT) estimation has been lowered from last month within GICS group grouping.,"{'id': 'analyst15', 'name': 'Earnings forecasts'}","{'id': 'analyst', 'name': 'Analyst'}","{'id': 'analyst-analyst-estimates', 'name': 'Analyst Estimates'}",USA,1,TOP3000,MATRIX,1.0,27,171,1.2,[]
anl15_ebtgics_gr_18_m_cos_up,The number of companies for which 18-month forward mean earnings before tax (EBT) estimation has been raised from last month within GICS group grouping.,"{'id': 'analyst15', 'name': 'Earnings forecasts'}","{'id': 'analyst', 'name': 'Analyst'}","{'id': 'analyst-analyst-estimates', 'name': 'Analyst Estimates'}",USA,1,TOP3000,MATRIX,1.0,20,45,1.2,[]
anl15_ebtgics_gr_18_m_ests,The 18-month forward pro-rated total number of estimates within GICS group grouping.,"{'id': 'analyst15', 'name': 'Earnings forecasts'}","{'id': 'analyst', 'name': 'Analyst'}","{'id': 'analyst-analyst-estimates', 'name': 'Analyst Estimates'}",USA,1,TOP3000,MATRIX,1.0,35,94,1.2,[]
anl15_ebtgics_gr_18_m_ests_dn,"Count of unique IDs of industry participants. Industry stands for an aggregate view of all  equity clearance activity for the date, symbol, and transaction type in question.","{'id': 'analyst15', 'name': 'Earnings forecasts'}","{'id': 'analyst', 'name': 'Analyst'}","{'id': 'analyst-analyst-estimates', 'name': 'Analyst Estimates'}",USA,1,TOP3000,MATRIX,1.0,33,66,1.2,[]
anl15_ebtgics_gr_18_m_ests_up,"Count of unique IDs of industry participants. Industry stands for an aggregate view of all  equity clearance activity for the date, symbol, and transaction type in question.","{'id': 'analyst15', 'name': 'Earnings forecasts'}","{'id': 'analyst', 'name': 'Analyst'}","{'id': 'analyst-analyst-estimates', 'name': 'Analyst Estimates'}",USA,1,TOP3000,MATRIX,0.9983,22,208,1.2,[]
anl15_ebtgics_gr_18_m_gro,The weighted 18-month forward year-over-year growth of earnings before tax (EBT) estimation aggregated within GICS group grouping.,"{'id': 'analyst15', 'name': 'Earnings forecasts'}","{'id': 'analyst', 'name': 'Analyst'}","{'id': 'analyst-analyst-estimates', 'name': 'Analyst Estimates'}",USA,1,TOP3000,MATRIX,1.0,37,170,1.2,[]
anl15_ebtgics_gr_18_m_mean,The weighted average of 18-month forward earnings before tax (EBT) estimation aggregated within GICS group grouping.,"{'id': 'analyst15', 'name': 'Earnings forecasts'}","{'id': 'analyst', 'name': 'Analyst'}","{'id': 'analyst-analyst-estimates', 'name': 'Analyst Estimates'}",USA,1,TOP3000,MATRIX,1.0,28,227,1.2,[]
anl15_ebtgics_gr_18_m_pe,The weighted average price/earnings ratio based on 18-month forward EPS estimation aggregated within GICS group grouping.,"{'id': 'analyst15', 'name': 'Earnings forecasts'}","{'id': 'analyst', 'name': 'Analyst'}","{'id': 'analyst-analyst-estimates', 'name': 'Analyst Estimates'}",USA,1,TOP3000,MATRIX,1.0,34,164,1.2,[]
anl15_ebtgics_gr_18_m_st_dev,The weighted average standard deviation of 18-month forward earnings before tax (EBT) estimation aggregated within GICS group grouping.,"{'id': 'analyst15', 'name': 'Earnings forecasts'}","{'id': 'analyst', 'name': 'Analyst'}","{'id': 'analyst-analyst-estimates', 'name': 'Analyst Estimates'}",USA,1,TOP3000,MATRIX,0.9754,66,418,1.2,[]
anl15_ebtgics_gr_18_m_total,The total of 18-month forward earnings before tax (EBT) estimation aggregated within GICS group grouping.,"{'id': 'analyst15', 'name': 'Earnings forecasts'}","{'id': 'analyst', 'name': 'Analyst'}","{'id': 'analyst-analyst-estimates', 'name': 'Analyst Estimates'}",USA,1,TOP3000,MATRIX,1.0,23,34,1.2,[]
anl15_ebtgics_gr_cal_fy0_gro,The weighted year-over-year growth of earnings before tax (EBT) estimation for the current calendarized fiscal year aggregated within GICS group grouping.,"{'id': 'analyst15', 'name': 'Earnings forecasts'}","{'id': 'analyst', 'name': 'Analyst'}","{'id': 'analyst-analyst-estimates', 'name': 'Analyst Estimates'}",USA,1,TOP3000,MATRIX,0.9989,50,160,1.2,[]
anl15_ebtgics_gr_cal_fy0_pe,The weighted average price/earnings ratio based on EPS estimation for the current calendarized fiscal year aggregated within GICS group grouping.,"{'id': 'analyst15', 'name': 'Earnings forecasts'}","{'id': 'analyst', 'name': 'Analyst'}","{'id': 'analyst-analyst-estimates', 'name': 'Analyst Estimates'}",USA,1,TOP3000,MATRIX,1.0,53,133,1.2,[]
anl15_ebtgics_gr_cal_fy0_total,The total of earnings before tax (EBT) estimation for the current calendarized fiscal year aggregated within GICS group grouping.,"{'id': 'analyst15', 'name': 'Earnings forecasts'}","{'id': 'analyst', 'name': 'Analyst'}","{'id': 'analyst-analyst-estimates', 'name': 'Analyst Estimates'}",USA,1,TOP3000,MATRIX,1.0,28,41,1.2,[]
anl15_ebtgics_gr_cal_fy0_val,The weighted average of earnings before tax (EBT) estimation for the current calendarized fiscal year aggregated within GICS group grouping.,"{'id': 'analyst15', 'name': 'Earnings forecasts'}","{'id': 'analyst', 'name': 'Analyst'}","{'id': 'analyst-analyst-estimates', 'name': 'Analyst Estimates'}",USA,1,TOP3000,MATRIX,1.0,16,31,1.2,[]
anl15_ebtgics_gr_cal_fy1_1m_chg,The weighted 1-month percent change of earnings before tax (EBT) estimation for the calendarized 1 fiscal year aggregated within GICS group grouping.,"{'id': 'analyst15', 'name': 'Earnings forecasts'}","{'id': 'analyst', 'name': 'Analyst'}","{'id': 'analyst-analyst-estimates', 'name': 'Analyst Estimates'}",USA,1,TOP3000,MATRIX,1.0,45,89,1.2,[]
anl15_ebtgics_gr_cal_fy1_3m_chg,The weighted 3-month percent change of earnings before tax (EBT) estimation for the calendarized 1 fiscal year aggregated within GICS group grouping.,"{'id': 'analyst15', 'name': 'Earnings forecasts'}","{'id': 'analyst', 'name': 'Analyst'}","{'id': 'analyst-analyst-estimates', 'name': 'Analyst Estimates'}",USA,1,TOP3000,MATRIX,1.0,41,702,1.2,[]
anl15_ebtgics_gr_cal_fy1_6m_chg,The weighted 6-month percent change of earnings before tax (EBT) estimation for the calendarized 1 fiscal year aggregated within GICS group grouping.,"{'id': 'analyst15', 'name': 'Earnings forecasts'}","{'id': 'analyst', 'name': 'Analyst'}","{'id': 'analyst-analyst-estimates', 'name': 'Analyst Estimates'}",USA,1,TOP3000,MATRIX,1.0,21,38,1.2,[]
anl15_ebtgics_gr_cal_fy1_cos,The number of companies with a calendarized 1 fiscal year earnings before tax (EBT) estimation within GICS group grouping.,"{'id': 'analyst15', 'name': 'Earnings forecasts'}","{'id': 'analyst', 'name': 'Analyst'}","{'id': 'analyst-analyst-estimates', 'name': 'Analyst Estimates'}",USA,1,TOP3000,MATRIX,1.0,32,259,1.2,[]
anl15_ebtgics_gr_cal_fy1_ests,The total number of calendarized 1 fiscal year earnings before tax (EBT) estimation within GICS group grouping.,"{'id': 'analyst15', 'name': 'Earnings forecasts'}","{'id': 'analyst', 'name': 'Analyst'}","{'id': 'analyst-analyst-estimates', 'name': 'Analyst Estimates'}",USA,1,TOP3000,MATRIX,1.0,36,691,1.2,[]
anl15_ebtgics_gr_cal_fy1_gro,The weighted year-over-year growth of earnings before tax (EBT) estimation for the calendarized 1 fiscal year aggregated within GICS group grouping.,"{'id': 'analyst15', 'name': 'Earnings forecasts'}","{'id': 'analyst', 'name': 'Analyst'}","{'id': 'analyst-analyst-estimates', 'name': 'Analyst Estimates'}",USA,1,TOP3000,MATRIX,1.0,36,137,1.2,[]
anl15_ebtgics_gr_cal_fy1_mean,The weighted average of earnings before tax (EBT) estimation for the calendarized 1 fiscal year aggregated within GICS group grouping.,"{'id': 'analyst15', 'name': 'Earnings forecasts'}","{'id': 'analyst', 'name': 'Analyst'}","{'id': 'analyst-analyst-estimates', 'name': 'Analyst Estimates'}",USA,1,TOP3000,MATRIX,1.0,38,328,1.2,[]
anl15_ebtgics_gr_cal_fy1_pe,The weighted average price/earnings ratio based on EPS estimation for the calendarized one fiscal year aggregated within GICS group grouping.,"{'id': 'analyst15', 'name': 'Earnings forecasts'}","{'id': 'analyst', 'name': 'Analyst'}","{'id': 'analyst-analyst-estimates', 'name': 'Analyst Estimates'}",USA,1,TOP3000,MATRIX,1.0,45,120,1.2,[]
anl15_ebtgics_gr_cal_fy1_st_dev,The weighted average standard deviation of earnings before tax (EBT) estimation for the calendarized 1 fiscal year aggregated within GICS group grouping.,"{'id': 'analyst15', 'name': 'Earnings forecasts'}","{'id': 'analyst', 'name': 'Analyst'}","{'id': 'analyst-analyst-estimates', 'name': 'Analyst Estimates'}",USA,1,TOP3000,MATRIX,0.9755,38,344,1.2,[]
anl15_ebtgics_gr_cal_fy1_total,The total of earnings before tax (EBT) estimation for the calendarized 1 fiscal year aggregated within GICS group grouping.,"{'id': 'analyst15', 'name': 'Earnings forecasts'}","{'id': 'analyst', 'name': 'Analyst'}","{'id': 'analyst-analyst-estimates', 'name': 'Analyst Estimates'}",USA,1,TOP3000,MATRIX,1.0,34,58,1.2,[]
anl15_ebtgics_gr_cal_fy2_1m_chg,The weighted 1-month percent change of earnings before tax (EBT) estimation for the calendarized 2 fiscal years aggregated within GICS group grouping.,"{'id': 'analyst15', 'name': 'Earnings forecasts'}","{'id': 'analyst', 'name': 'Analyst'}","{'id': 'analyst-analyst-estimates', 'name': 'Analyst Estimates'}",USA,1,TOP3000,MATRIX,1.0,21,44,1.2,[]
anl15_ebtgics_gr_cal_fy2_3m_chg,The weighted 3-month percent change of earnings before tax (EBT) estimation for the calendarized 2 fiscal years aggregated within GICS group grouping.,"{'id': 'analyst15', 'name': 'Earnings forecasts'}","{'id': 'analyst', 'name': 'Analyst'}","{'id': 'analyst-analyst-estimates', 'name': 'Analyst Estimates'}",USA,1,TOP3000,MATRIX,1.0,17,43,1.2,[]
anl15_ebtgics_gr_cal_fy2_6m_chg,The weighted 6-month percent change of earnings before tax (EBT) estimation for the calendarized 2 fiscal year aggregated within GICS group grouping.,"{'id': 'analyst15', 'name': 'Earnings forecasts'}","{'id': 'analyst', 'name': 'Analyst'}","{'id': 'analyst-analyst-estimates', 'name': 'Analyst Estimates'}",USA,1,TOP3000,MATRIX,1.0,48,84,1.2,[]
anl15_ebtgics_gr_cal_fy2_cos,The number of companies with a calendarized 2 fiscal year earnings before tax (EBT) estimation within GICS group grouping.,"{'id': 'analyst15', 'name': 'Earnings forecasts'}","{'id': 'analyst', 'name': 'Analyst'}","{'id': 'analyst-analyst-estimates', 'name': 'Analyst Estimates'}",USA,1,TOP3000,MATRIX,1.0,21,34,1.2,[]
anl15_ebtgics_gr_cal_fy2_ests,The total number of calendarized 2 fiscal year earnings before tax (EBT) estimation within GICS group grouping.,"{'id': 'analyst15', 'name': 'Earnings forecasts'}","{'id': 'analyst', 'name': 'Analyst'}","{'id': 'analyst-analyst-estimates', 'name': 'Analyst Estimates'}",USA,1,TOP3000,MATRIX,1.0,23,361,1.2,[]
anl15_ebtgics_gr_cal_fy2_gro,The weighted year-over-year growth of earnings before tax (EBT) estimation for the calendarized 2 fiscal years aggregated within GICS group grouping.,"{'id': 'analyst15', 'name': 'Earnings forecasts'}","{'id': 'analyst', 'name': 'Analyst'}","{'id': 'analyst-analyst-estimates', 'name': 'Analyst Estimates'}",USA,1,TOP3000,MATRIX,1.0,55,368,1.2,[]
anl15_ebtgics_gr_cal_fy2_mean,The weighted average of earnings before tax (EBT) estimation for the calendarized 2 fiscal years aggregated within GICS group grouping.,"{'id': 'analyst15', 'name': 'Earnings forecasts'}","{'id': 'analyst', 'name': 'Analyst'}","{'id': 'analyst-analyst-estimates', 'name': 'Analyst Estimates'}",USA,1,TOP3000,MATRIX,1.0,24,57,1.2,[]
anl15_ebtgics_gr_cal_fy2_pe,The weighted average price/earnings ratio based on EPS estimation for the calendarized two fiscal years aggregated within GICS group grouping.,"{'id': 'analyst15', 'name': 'Earnings forecasts'}","{'id': 'analyst', 'name': 'Analyst'}","{'id': 'analyst-analyst-estimates', 'name': 'Analyst Estimates'}",USA,1,TOP3000,MATRIX,1.0,57,657,1.2,[]
anl15_ebtgics_gr_cal_fy2_st_dev,The weighted average standard deviation of earnings before tax (EBT) estimation for the calendarized 2 fiscal years aggregated within GICS group grouping.,"{'id': 'analyst15', 'name': 'Earnings forecasts'}","{'id': 'analyst', 'name': 'Analyst'}","{'id': 'analyst-analyst-estimates', 'name': 'Analyst Estimates'}",USA,1,TOP3000,MATRIX,0.9755,40,295,1.2,[]
anl15_ebtgics_gr_cal_fy2_total,The total of earnings before tax (EBT) estimation for the calendarized 2 fiscal years aggregated within GICS group grouping.,"{'id': 'analyst15', 'name': 'Earnings forecasts'}","{'id': 'analyst', 'name': 'Analyst'}","{'id': 'analyst-analyst-estimates', 'name': 'Analyst Estimates'}",USA,1,TOP3000,MATRIX,1.0,14,158,1.2,[]
anl15_ebtgics_gr_cal_fy3_1m_chg,The weighted one-month percent change of earnings before tax (EBT) estimation for the calendarized three fiscal years aggregated within GICS group grouping.,"{'id': 'analyst15', 'name': 'Earnings forecasts'}","{'id': 'analyst', 'name': 'Analyst'}","{'id': 'analyst-analyst-estimates', 'name': 'Analyst Estimates'}",USA,1,TOP3000,MATRIX,1.0,34,68,1.2,[]
anl15_ebtgics_gr_cal_fy3_3m_chg,The weighted 3-month percent change of earnings before tax (EBT) estimation for the calendarized 3 fiscal year aggregated within GICS group grouping.,"{'id': 'analyst15', 'name': 'Earnings forecasts'}","{'id': 'analyst', 'name': 'Analyst'}","{'id': 'analyst-analyst-estimates', 'name': 'Analyst Estimates'}",USA,1,TOP3000,MATRIX,1.0,19,229,1.2,[]
anl15_ebtgics_gr_cal_fy3_6m_chg,The weighted 6-month percent change of earnings before tax (EBT) estimation for the calendarized 3 fiscal years aggregated within GICS group grouping.,"{'id': 'analyst15', 'name': 'Earnings forecasts'}","{'id': 'analyst', 'name': 'Analyst'}","{'id': 'analyst-analyst-estimates', 'name': 'Analyst Estimates'}",USA,1,TOP3000,MATRIX,0.9867,29,379,1.2,[]
anl15_ebtgics_gr_cal_fy3_cos,The number of companies with a calendarized 3 fiscal year earnings before tax (EBT) estimation within GICS group grouping.,"{'id': 'analyst15', 'name': 'Earnings forecasts'}","{'id': 'analyst', 'name': 'Analyst'}","{'id': 'analyst-analyst-estimates', 'name': 'Analyst Estimates'}",USA,1,TOP3000,MATRIX,1.0,47,325,1.2,[]
anl15_ebtgics_gr_cal_fy3_ests,The total number of calendarized three fiscal year earnings before tax (EBT) estimations within GICS group grouping.,"{'id': 'analyst15', 'name': 'Earnings forecasts'}","{'id': 'analyst', 'name': 'Analyst'}","{'id': 'analyst-analyst-estimates', 'name': 'Analyst Estimates'}",USA,1,TOP3000,MATRIX,1.0,20,116,1.2,[]
anl15_ebtgics_gr_cal_fy3_gro,The weighted year-over-year growth of earnings before tax (EBT) estimation for the calendarized 3 fiscal years aggregated within GICS group grouping.,"{'id': 'analyst15', 'name': 'Earnings forecasts'}","{'id': 'analyst', 'name': 'Analyst'}","{'id': 'analyst-analyst-estimates', 'name': 'Analyst Estimates'}",USA,1,TOP3000,MATRIX,1.0,62,160,1.2,[]
anl15_ebtgics_gr_cal_fy3_mean,The weighted average of earnings before tax (EBT) estimation for the calendarized 3 fiscal years aggregated within GICS group grouping.,"{'id': 'analyst15', 'name': 'Earnings forecasts'}","{'id': 'analyst', 'name': 'Analyst'}","{'id': 'analyst-analyst-estimates', 'name': 'Analyst Estimates'}",USA,1,TOP3000,MATRIX,1.0,16,31,1.2,[]
anl15_ebtgics_gr_cal_fy3_pe,The weighted average price/earnings ratio based on EPS estimation for the calendarized 3 fiscal years aggregated within GICS group grouping.,"{'id': 'analyst15', 'name': 'Earnings forecasts'}","{'id': 'analyst', 'name': 'Analyst'}","{'id': 'analyst-analyst-estimates', 'name': 'Analyst Estimates'}",USA,1,TOP3000,MATRIX,1.0,57,125,1.2,[]
anl15_ebtgics_gr_cal_fy3_st_dev,The weighted average standard deviation of earnings before tax (EBT) estimation for the calendarized 3 fiscal years aggregated within GICS group grouping.,"{'id': 'analyst15', 'name': 'Earnings forecasts'}","{'id': 'analyst', 'name': 'Analyst'}","{'id': 'analyst-analyst-estimates', 'name': 'Analyst Estimates'}",USA,1,TOP3000,MATRIX,0.9757,30,154,1.2,[]
anl15_ebtgics_gr_cal_fy3_total,The total of earnings before tax (EBT) estimation for the calendarized 3 fiscal years aggregated within GICS group grouping.,"{'id': 'analyst15', 'name': 'Earnings forecasts'}","{'id': 'analyst', 'name': 'Analyst'}","{'id': 'analyst-analyst-estimates', 'name': 'Analyst Estimates'}",USA,1,TOP3000,MATRIX,1.0,28,139,1.2,[]
anl15_ebtgics_gr_fy1_cos_dn,The number of companies for which earnings before tax (EBT) estimation for the calendarized 1 fiscal year has been lowered from last month within GICS group grouping.,"{'id': 'analyst15', 'name': 'Earnings forecasts'}","{'id': 'analyst', 'name': 'Analyst'}","{'id': 'analyst-analyst-estimates', 'name': 'Analyst Estimates'}",USA,1,TOP3000,MATRIX,1.0,38,67,1.2,[]
anl15_ebtgics_gr_fy1_cos_up,The number of companies for which earnings before tax (EBT) estimation for the calendarized 1 fiscal year has been raised from last month within GICS group grouping.,"{'id': 'analyst15', 'name': 'Earnings forecasts'}","{'id': 'analyst', 'name': 'Analyst'}","{'id': 'analyst-analyst-estimates', 'name': 'Analyst Estimates'}",USA,1,TOP3000,MATRIX,1.0,35,99,1.2,[]
anl15_ebtgics_gr_fy1_ests_dn,"Count of unique IDs of industry participants. Industry stands for an aggregate view of all  equity clearance activity for the date, symbol, and transaction type in question.","{'id': 'analyst15', 'name': 'Earnings forecasts'}","{'id': 'analyst', 'name': 'Analyst'}","{'id': 'analyst-analyst-estimates', 'name': 'Analyst Estimates'}",USA,1,TOP3000,MATRIX,1.0,30,90,1.2,[]
anl15_ebtgics_gr_fy1_ests_up,"Count of unique IDs of industry participants. Industry stands for an aggregate view of all  equity clearance activity for the date, symbol, and transaction type in question.","{'id': 'analyst15', 'name': 'Earnings forecasts'}","{'id': 'analyst', 'name': 'Analyst'}","{'id': 'analyst-analyst-estimates', 'name': 'Analyst Estimates'}",USA,1,TOP3000,MATRIX,1.0,21,492,1.2,[]
anl15_ebtgics_gr_fy2_cos_dn,The number of companies for which earnings before tax (EBT) estimation for the calendarized 2 fiscal year has been lowered from last month within GICS group grouping.,"{'id': 'analyst15', 'name': 'Earnings forecasts'}","{'id': 'analyst', 'name': 'Analyst'}","{'id': 'analyst-analyst-estimates', 'name': 'Analyst Estimates'}",USA,1,TOP3000,MATRIX,1.0,28,170,1.2,[]
anl15_ebtgics_gr_fy2_cos_up,The number of companies for which earnings before tax (EBT) estimation for the calendarized 2 fiscal year has been raised from last month within GICS group grouping.,"{'id': 'analyst15', 'name': 'Earnings forecasts'}","{'id': 'analyst', 'name': 'Analyst'}","{'id': 'analyst-analyst-estimates', 'name': 'Analyst Estimates'}",USA,1,TOP3000,MATRIX,1.0,32,589,1.2,[]
anl15_ebtgics_gr_fy2_ests_dn,"Count of unique IDs of industry participants. Industry stands for an aggregate view of all  equity clearance activity for the date, symbol, and transaction type in question.","{'id': 'analyst15', 'name': 'Earnings forecasts'}","{'id': 'analyst', 'name': 'Analyst'}","{'id': 'analyst-analyst-estimates', 'name': 'Analyst Estimates'}",USA,1,TOP3000,MATRIX,1.0,18,214,1.2,[]
anl15_ebtgics_gr_fy2_ests_up,"Count of unique IDs of industry participants. Industry stands for an aggregate view of all  equity clearance activity for the date, symbol, and transaction type in question.","{'id': 'analyst15', 'name': 'Earnings forecasts'}","{'id': 'analyst', 'name': 'Analyst'}","{'id': 'analyst-analyst-estimates', 'name': 'Analyst Estimates'}",USA,1,TOP3000,MATRIX,1.0,29,456,1.2,[]
anl15_ebtgics_gr_fy3_cos_dn,The number of companies for which earnings before tax (EBT) estimation for the calendarized 3 fiscal years has been lowered from last month within GICS group grouping.,"{'id': 'analyst15', 'name': 'Earnings forecasts'}","{'id': 'analyst', 'name': 'Analyst'}","{'id': 'analyst-analyst-estimates', 'name': 'Analyst Estimates'}",USA,1,TOP3000,MATRIX,1.0,21,36,1.2,[]
anl15_ebtgics_gr_fy3_cos_up,The number of companies for which earnings before tax (EBT) estimation for the calendarized 3 fiscal years has been raised from last month within GICS group grouping.,"{'id': 'analyst15', 'name': 'Earnings forecasts'}","{'id': 'analyst', 'name': 'Analyst'}","{'id': 'analyst-analyst-estimates', 'name': 'Analyst Estimates'}",USA,1,TOP3000,MATRIX,0.9983,24,52,1.2,[]
anl15_ebtgics_gr_fy3_ests_dn,"Count of unique IDs of industry participants. Industry stands for an aggregate view of all  equity clearance activity for the date, symbol, and transaction type in question.","{'id': 'analyst15', 'name': 'Earnings forecasts'}","{'id': 'analyst', 'name': 'Analyst'}","{'id': 'analyst-analyst-estimates', 'name': 'Analyst Estimates'}",USA,1,TOP3000,MATRIX,0.9993,33,79,1.2,[]
anl15_ebtgics_gr_fy3_ests_up,"Count of unique IDs of industry participants. Industry stands for an aggregate view of all  equity clearance activity for the date, symbol, and transaction type in question.","{'id': 'analyst15', 'name': 'Earnings forecasts'}","{'id': 'analyst', 'name': 'Analyst'}","{'id': 'analyst-analyst-estimates', 'name': 'Analyst Estimates'}",USA,1,TOP3000,MATRIX,0.9973,26,428,1.2,[]
anl15_ebtgics_ind_12_m_1m_chg,The weighted 1 month percent change of 12 month forward earnings before tax (EBT) estimation aggregated within GICS industry grouping.,"{'id': 'analyst15', 'name': 'Earnings forecasts'}","{'id': 'analyst', 'name': 'Analyst'}","{'id': 'analyst-analyst-estimates', 'name': 'Analyst Estimates'}",USA,1,TOP3000,MATRIX,0.9812,29,245,1.2,[]
anl15_ebtgics_ind_12_m_3m_chg,The weighted 3-month percent change of 12-month forward earnings before tax (EBT) estimation aggregated within GICS industry grouping.,"{'id': 'analyst15', 'name': 'Earnings forecasts'}","{'id': 'analyst', 'name': 'Analyst'}","{'id': 'analyst-analyst-estimates', 'name': 'Analyst Estimates'}",USA,1,TOP3000,MATRIX,0.9811,7,15,1.2,[]
anl15_ebtgics_ind_12_m_6m_chg,The weighted 6-month percent change of 12-month forward earnings before tax (EBT) estimation aggregated within GICS industry grouping.,"{'id': 'analyst15', 'name': 'Earnings forecasts'}","{'id': 'analyst', 'name': 'Analyst'}","{'id': 'analyst-analyst-estimates', 'name': 'Analyst Estimates'}",USA,1,TOP3000,MATRIX,0.9799,15,29,1.2,[]
anl15_ebtgics_ind_12_m_cos,The number of companies with a 12-month forward mean earnings before tax (EBT) estimation within GICS industry grouping.,"{'id': 'analyst15', 'name': 'Earnings forecasts'}","{'id': 'analyst', 'name': 'Analyst'}","{'id': 'analyst-analyst-estimates', 'name': 'Analyst Estimates'}",USA,1,TOP3000,MATRIX,0.9845,55,160,1.2,[]
anl15_ebtgics_ind_12_m_cos_dn,The number of companies for which 12-month forward mean earnings before tax (EBT) estimation has been lowered from last month within GICS industry grouping.,"{'id': 'analyst15', 'name': 'Earnings forecasts'}","{'id': 'analyst', 'name': 'Analyst'}","{'id': 'analyst-analyst-estimates', 'name': 'Analyst Estimates'}",USA,1,TOP3000,MATRIX,0.9742,17,81,1.2,[]
anl15_ebtgics_ind_12_m_cos_up,The number of companies for which 12-month forward mean earnings before tax (EBT) estimation has been raised from last month within GICS industry grouping.,"{'id': 'analyst15', 'name': 'Earnings forecasts'}","{'id': 'analyst', 'name': 'Analyst'}","{'id': 'analyst-analyst-estimates', 'name': 'Analyst Estimates'}",USA,1,TOP3000,MATRIX,0.9687,16,46,1.2,[]
anl15_ebtgics_ind_12_m_ests,The 12-month forward pro-rated total number of estimates within GICS industry grouping.,"{'id': 'analyst15', 'name': 'Earnings forecasts'}","{'id': 'analyst', 'name': 'Analyst'}","{'id': 'analyst-analyst-estimates', 'name': 'Analyst Estimates'}",USA,1,TOP3000,MATRIX,0.9828,63,348,1.2,[]
anl15_ebtgics_ind_12_m_ests_dn,"Count of unique IDs of industry participants. Industry stands for an aggregate view of all  equity clearance activity for the date, symbol, and transaction type in question.","{'id': 'analyst15', 'name': 'Earnings forecasts'}","{'id': 'analyst', 'name': 'Analyst'}","{'id': 'analyst-analyst-estimates', 'name': 'Analyst Estimates'}",USA,1,TOP3000,MATRIX,0.9638,13,39,1.2,[]
anl15_ebtgics_ind_12_m_ests_up,"Count of unique IDs of industry participants. Industry stands for an aggregate view of all  equity clearance activity for the date, symbol, and transaction type in question.","{'id': 'analyst15', 'name': 'Earnings forecasts'}","{'id': 'analyst', 'name': 'Analyst'}","{'id': 'analyst-analyst-estimates', 'name': 'Analyst Estimates'}",USA,1,TOP3000,MATRIX,0.961,21,38,1.2,[]
anl15_ebtgics_ind_12_m_gro,The weighted 12-month forward year-over-year growth of earnings before tax (EBT) estimation aggregated within GICS industry grouping.,"{'id': 'analyst15', 'name': 'Earnings forecasts'}","{'id': 'analyst', 'name': 'Analyst'}","{'id': 'analyst-analyst-estimates', 'name': 'Analyst Estimates'}",USA,1,TOP3000,MATRIX,0.9845,36,62,1.2,[]
anl15_ebtgics_ind_12_m_mean,The weighted average of 12-month forward earnings before tax (EBT) estimation aggregated within GICS industry grouping.,"{'id': 'analyst15', 'name': 'Earnings forecasts'}","{'id': 'analyst', 'name': 'Analyst'}","{'id': 'analyst-analyst-estimates', 'name': 'Analyst Estimates'}",USA,1,TOP3000,MATRIX,0.9845,47,170,1.2,[]
anl15_ebtgics_ind_12_m_pe,The weighted average price/earnings ratio based on 12-month forward EPS estimation aggregated within GICS industry grouping.,"{'id': 'analyst15', 'name': 'Earnings forecasts'}","{'id': 'analyst', 'name': 'Analyst'}","{'id': 'analyst-analyst-estimates', 'name': 'Analyst Estimates'}",USA,1,TOP3000,MATRIX,0.9845,48,91,1.2,[]
anl15_ebtgics_ind_12_m_st_dev,The weighted average standard deviation of 12-month forward earnings before tax (EBT) estimation aggregated within GICS industry grouping.,"{'id': 'analyst15', 'name': 'Earnings forecasts'}","{'id': 'analyst', 'name': 'Analyst'}","{'id': 'analyst-analyst-estimates', 'name': 'Analyst Estimates'}",USA,1,TOP3000,MATRIX,0.9493,35,70,1.2,[]
anl15_ebtgics_ind_12_m_total,The total of 12-month forward earnings before tax (EBT) estimation aggregated within GICS industry grouping.,"{'id': 'analyst15', 'name': 'Earnings forecasts'}","{'id': 'analyst', 'name': 'Analyst'}","{'id': 'analyst-analyst-estimates', 'name': 'Analyst Estimates'}",USA,1,TOP3000,MATRIX,0.9845,24,50,1.2,[]
anl15_ebtgics_ind_12_m_tr_mean,The weighted average of 12-month trailing earnings before tax (EBT) aggregated within GICS industry grouping.,"{'id': 'analyst15', 'name': 'Earnings forecasts'}","{'id': 'analyst', 'name': 'Analyst'}","{'id': 'analyst-analyst-estimates', 'name': 'Analyst Estimates'}",USA,1,TOP3000,MATRIX,0.9851,39,473,1.2,[]
anl15_ebtgics_ind_18_m_1m_chg,The weighted 1 month percent change of 18 month forward earnings before tax (EBT) estimation aggregated within GICS industry grouping.,"{'id': 'analyst15', 'name': 'Earnings forecasts'}","{'id': 'analyst', 'name': 'Analyst'}","{'id': 'analyst-analyst-estimates', 'name': 'Analyst Estimates'}",USA,1,TOP3000,MATRIX,0.9807,28,64,1.2,[]
anl15_ebtgics_ind_18_m_3m_chg,The weighted 3-month percent change of 18-month forward earnings before tax (EBT) estimation aggregated within GICS industry grouping.,"{'id': 'analyst15', 'name': 'Earnings forecasts'}","{'id': 'analyst', 'name': 'Analyst'}","{'id': 'analyst-analyst-estimates', 'name': 'Analyst Estimates'}",USA,1,TOP3000,MATRIX,0.9806,11,29,1.2,[]
anl15_ebtgics_ind_18_m_6m_chg,The weighted six-month percent change of 18-month forward earnings before tax (EBT) estimation aggregated within GICS industry grouping.,"{'id': 'analyst15', 'name': 'Earnings forecasts'}","{'id': 'analyst', 'name': 'Analyst'}","{'id': 'analyst-analyst-estimates', 'name': 'Analyst Estimates'}",USA,1,TOP3000,MATRIX,0.9865,26,61,1.2,[]
anl15_ebtgics_ind_18_m_cos,The number of companies with an 18-month forward mean earnings before tax (EBT) estimation within GICS industry grouping.,"{'id': 'analyst15', 'name': 'Earnings forecasts'}","{'id': 'analyst', 'name': 'Analyst'}","{'id': 'analyst-analyst-estimates', 'name': 'Analyst Estimates'}",USA,1,TOP3000,MATRIX,0.9826,36,63,1.2,[]
anl15_ebtgics_ind_18_m_cos_dn,The number of companies for which 18-month forward mean earnings before tax (EBT) estimation has been lowered from last month within GICS industry grouping.,"{'id': 'analyst15', 'name': 'Earnings forecasts'}","{'id': 'analyst', 'name': 'Analyst'}","{'id': 'analyst-analyst-estimates', 'name': 'Analyst Estimates'}",USA,1,TOP3000,MATRIX,0.972,22,62,1.2,[]
anl15_ebtgics_ind_18_m_cos_up,The number of companies for which 18-month forward mean earnings before tax (EBT) estimation has been raised from last month within GICS industry grouping.,"{'id': 'analyst15', 'name': 'Earnings forecasts'}","{'id': 'analyst', 'name': 'Analyst'}","{'id': 'analyst-analyst-estimates', 'name': 'Analyst Estimates'}",USA,1,TOP3000,MATRIX,0.9675,25,43,1.2,[]
anl15_ebtgics_ind_18_m_ests,The 18-month forward pro-rated total number of estimates within GICS industry grouping.,"{'id': 'analyst15', 'name': 'Earnings forecasts'}","{'id': 'analyst', 'name': 'Analyst'}","{'id': 'analyst-analyst-estimates', 'name': 'Analyst Estimates'}",USA,1,TOP3000,MATRIX,0.9814,143,2937,1.2,[]
anl15_ebtgics_ind_18_m_ests_dn,"Count of unique IDs of industry participants. Industry stands for an aggregate view of all  equity clearance activity for the date, symbol, and transaction type in question.","{'id': 'analyst15', 'name': 'Earnings forecasts'}","{'id': 'analyst', 'name': 'Analyst'}","{'id': 'analyst-analyst-estimates', 'name': 'Analyst Estimates'}",USA,1,TOP3000,MATRIX,0.9596,17,136,1.2,[]
anl15_ebtgics_ind_18_m_ests_up,"Count of unique IDs of industry participants. Industry stands for an aggregate view of all  equity clearance activity for the date, symbol, and transaction type in question.","{'id': 'analyst15', 'name': 'Earnings forecasts'}","{'id': 'analyst', 'name': 'Analyst'}","{'id': 'analyst-analyst-estimates', 'name': 'Analyst Estimates'}",USA,1,TOP3000,MATRIX,0.9557,20,28,1.2,[]
anl15_ebtgics_ind_18_m_gro,The weighted 18-month forward year-over-year growth of earnings before tax (EBT) estimation aggregated within GICS industry grouping.,"{'id': 'analyst15', 'name': 'Earnings forecasts'}","{'id': 'analyst', 'name': 'Analyst'}","{'id': 'analyst-analyst-estimates', 'name': 'Analyst Estimates'}",USA,1,TOP3000,MATRIX,0.9824,11,211,1.2,[]
anl15_ebtgics_ind_18_m_mean,The weighted average of 18-month forward earnings before tax (EBT) estimation aggregated within GICS industry grouping.,"{'id': 'analyst15', 'name': 'Earnings forecasts'}","{'id': 'analyst', 'name': 'Analyst'}","{'id': 'analyst-analyst-estimates', 'name': 'Analyst Estimates'}",USA,1,TOP3000,MATRIX,0.9826,32,139,1.2,[]
anl15_ebtgics_ind_18_m_pe,The weighted average price/earnings ratio based on 18-month forward EPS estimation aggregated within GICS industry grouping.,"{'id': 'analyst15', 'name': 'Earnings forecasts'}","{'id': 'analyst', 'name': 'Analyst'}","{'id': 'analyst-analyst-estimates', 'name': 'Analyst Estimates'}",USA,1,TOP3000,MATRIX,0.9826,46,113,1.2,[]
anl15_ebtgics_ind_18_m_st_dev,The weighted average standard deviation of 18-month forward earnings before tax (EBT) estimation aggregated within GICS industry grouping.,"{'id': 'analyst15', 'name': 'Earnings forecasts'}","{'id': 'analyst', 'name': 'Analyst'}","{'id': 'analyst-analyst-estimates', 'name': 'Analyst Estimates'}",USA,1,TOP3000,MATRIX,0.9489,10,21,1.2,[]
anl15_ebtgics_ind_18_m_total,The total of 18-month forward earnings before tax (EBT) estimation aggregated within GICS industry grouping.,"{'id': 'analyst15', 'name': 'Earnings forecasts'}","{'id': 'analyst', 'name': 'Analyst'}","{'id': 'analyst-analyst-estimates', 'name': 'Analyst Estimates'}",USA,1,TOP3000,MATRIX,0.9826,14,32,1.2,[]
anl15_ebtgics_ind_cal_fy0_gro,The weighted year-over-year growth of earnings before tax (EBT) estimation for the current calendarized fiscal year aggregated within GICS industry grouping.,"{'id': 'analyst15', 'name': 'Earnings forecasts'}","{'id': 'analyst', 'name': 'Analyst'}","{'id': 'analyst-analyst-estimates', 'name': 'Analyst Estimates'}",USA,1,TOP3000,MATRIX,0.9616,31,140,1.2,[]
anl15_ebtgics_ind_cal_fy0_pe,The weighted average price/earnings ratio based on EPS estimation for the current calendarized fiscal year aggregated within GICS industry grouping.,"{'id': 'analyst15', 'name': 'Earnings forecasts'}","{'id': 'analyst', 'name': 'Analyst'}","{'id': 'analyst-analyst-estimates', 'name': 'Analyst Estimates'}",USA,1,TOP3000,MATRIX,0.9875,34,222,1.2,[]
anl15_ebtgics_ind_cal_fy0_total,The total of earnings before tax (EBT) estimation for the current calendarized fiscal year aggregated within GICS industry grouping.,"{'id': 'analyst15', 'name': 'Earnings forecasts'}","{'id': 'analyst', 'name': 'Analyst'}","{'id': 'analyst-analyst-estimates', 'name': 'Analyst Estimates'}",USA,1,TOP3000,MATRIX,0.9896,29,69,1.2,[]
anl15_ebtgics_ind_cal_fy0_val,The weighted average of earnings before tax (EBT) estimation for the current calendarized fiscal year aggregated within GICS industry grouping.,"{'id': 'analyst15', 'name': 'Earnings forecasts'}","{'id': 'analyst', 'name': 'Analyst'}","{'id': 'analyst-analyst-estimates', 'name': 'Analyst Estimates'}",USA,1,TOP3000,MATRIX,0.9896,31,74,1.2,[]
anl15_ebtgics_ind_cal_fy1_1m_chg,The weighted 1-month percent change of earnings before tax (EBT) estimation for the calendarized 1 fiscal year aggregated within GICS industry grouping.,"{'id': 'analyst15', 'name': 'Earnings forecasts'}","{'id': 'analyst', 'name': 'Analyst'}","{'id': 'analyst-analyst-estimates', 'name': 'Analyst Estimates'}",USA,1,TOP3000,MATRIX,0.981,12,17,1.2,[]
anl15_ebtgics_ind_cal_fy1_3m_chg,The weighted three-month percent change of earnings before tax (EBT) estimation for the calendarized one fiscal year aggregated within GICS industry grouping.,"{'id': 'analyst15', 'name': 'Earnings forecasts'}","{'id': 'analyst', 'name': 'Analyst'}","{'id': 'analyst-analyst-estimates', 'name': 'Analyst Estimates'}",USA,1,TOP3000,MATRIX,0.981,23,52,1.2,[]
anl15_ebtgics_ind_cal_fy1_6m_chg,The weighted 6-month percent change of earnings before tax (EBT) estimation for the calendarized 1 fiscal year aggregated within GICS industry grouping.,"{'id': 'analyst15', 'name': 'Earnings forecasts'}","{'id': 'analyst', 'name': 'Analyst'}","{'id': 'analyst-analyst-estimates', 'name': 'Analyst Estimates'}",USA,1,TOP3000,MATRIX,0.9798,35,125,1.2,[]
anl15_ebtgics_ind_cal_fy1_cos,The number of companies with a calendarized 1 fiscal year earnings before tax (EBT) estimation within GICS industry grouping.,"{'id': 'analyst15', 'name': 'Earnings forecasts'}","{'id': 'analyst', 'name': 'Analyst'}","{'id': 'analyst-analyst-estimates', 'name': 'Analyst Estimates'}",USA,1,TOP3000,MATRIX,0.9881,51,113,1.2,[]
anl15_ebtgics_ind_cal_fy1_ests,The total number of calendarized 1 fiscal year earnings before tax (EBT) estimation within GICS industry grouping.,"{'id': 'analyst15', 'name': 'Earnings forecasts'}","{'id': 'analyst', 'name': 'Analyst'}","{'id': 'analyst-analyst-estimates', 'name': 'Analyst Estimates'}",USA,1,TOP3000,MATRIX,0.9848,24,80,1.2,[]
anl15_ebtgics_ind_cal_fy1_gro,The weighted year-over-year growth of earnings before tax (EBT) estimation for the calendarized 1 fiscal year aggregated within GICS industry grouping.,"{'id': 'analyst15', 'name': 'Earnings forecasts'}","{'id': 'analyst', 'name': 'Analyst'}","{'id': 'analyst-analyst-estimates', 'name': 'Analyst Estimates'}",USA,1,TOP3000,MATRIX,0.9784,27,172,1.2,[]
anl15_ebtgics_ind_cal_fy1_mean,The weighted average of earnings before tax (EBT) estimation for the calendarized 1 fiscal year aggregated within GICS industry grouping.,"{'id': 'analyst15', 'name': 'Earnings forecasts'}","{'id': 'analyst', 'name': 'Analyst'}","{'id': 'analyst-analyst-estimates', 'name': 'Analyst Estimates'}",USA,1,TOP3000,MATRIX,0.9881,42,166,1.2,[]
anl15_ebtgics_ind_cal_fy1_pe,The weighted average price/earnings ratio based on EPS estimation for the calendarized 1 fiscal year aggregated within GICS industry grouping.,"{'id': 'analyst15', 'name': 'Earnings forecasts'}","{'id': 'analyst', 'name': 'Analyst'}","{'id': 'analyst-analyst-estimates', 'name': 'Analyst Estimates'}",USA,1,TOP3000,MATRIX,0.9879,28,47,1.2,[]
anl15_ebtgics_ind_cal_fy1_st_dev,The weighted average standard deviation of earnings before tax (EBT) estimation for the calendarized 1 fiscal year aggregated within GICS industry grouping.,"{'id': 'analyst15', 'name': 'Earnings forecasts'}","{'id': 'analyst', 'name': 'Analyst'}","{'id': 'analyst-analyst-estimates', 'name': 'Analyst Estimates'}",USA,1,TOP3000,MATRIX,0.9491,35,101,1.2,[]
anl15_ebtgics_ind_cal_fy1_total,The total of earnings before tax (EBT) estimation for the calendarized 1 fiscal year aggregated within GICS industry grouping.,"{'id': 'analyst15', 'name': 'Earnings forecasts'}","{'id': 'analyst', 'name': 'Analyst'}","{'id': 'analyst-analyst-estimates', 'name': 'Analyst Estimates'}",USA,1,TOP3000,MATRIX,0.9881,23,40,1.2,[]
anl15_ebtgics_ind_cal_fy2_1m_chg,The weighted 1-month percent change of earnings before tax (EBT) estimation for the calendarized 2 fiscal years aggregated within GICS industry grouping.,"{'id': 'analyst15', 'name': 'Earnings forecasts'}","{'id': 'analyst', 'name': 'Analyst'}","{'id': 'analyst-analyst-estimates', 'name': 'Analyst Estimates'}",USA,1,TOP3000,MATRIX,0.9812,19,36,1.2,[]
anl15_ebtgics_ind_cal_fy2_3m_chg,The weighted 3-month percent change of earnings before tax (EBT) estimation for the calendarized 2 fiscal years aggregated within GICS industry grouping.,"{'id': 'analyst15', 'name': 'Earnings forecasts'}","{'id': 'analyst', 'name': 'Analyst'}","{'id': 'analyst-analyst-estimates', 'name': 'Analyst Estimates'}",USA,1,TOP3000,MATRIX,0.9811,42,101,1.2,[]
anl15_ebtgics_ind_cal_fy2_6m_chg,The weighted 6-month percent change of earnings before tax (EBT) estimation for the calendarized 2 fiscal years aggregated within GICS industry grouping.,"{'id': 'analyst15', 'name': 'Earnings forecasts'}","{'id': 'analyst', 'name': 'Analyst'}","{'id': 'analyst-analyst-estimates', 'name': 'Analyst Estimates'}",USA,1,TOP3000,MATRIX,0.9794,20,103,1.2,[]
anl15_ebtgics_ind_cal_fy2_cos,The number of companies with a calendarized 2-fiscal year earnings before tax (EBT) estimation within GICS industry grouping.,"{'id': 'analyst15', 'name': 'Earnings forecasts'}","{'id': 'analyst', 'name': 'Analyst'}","{'id': 'analyst-analyst-estimates', 'name': 'Analyst Estimates'}",USA,1,TOP3000,MATRIX,0.985,52,338,1.2,[]
anl15_ebtgics_ind_cal_fy2_ests,The total number of calendarized 2 fiscal year earnings before tax (EBT) estimation within GICS industry grouping.,"{'id': 'analyst15', 'name': 'Earnings forecasts'}","{'id': 'analyst', 'name': 'Analyst'}","{'id': 'analyst-analyst-estimates', 'name': 'Analyst Estimates'}",USA,1,TOP3000,MATRIX,0.985,45,88,1.2,[]
anl15_ebtgics_ind_cal_fy2_gro,The weighted year-over-year growth of earnings before tax (EBT) estimation for the calendarized 2 fiscal years aggregated within GICS industry grouping.,"{'id': 'analyst15', 'name': 'Earnings forecasts'}","{'id': 'analyst', 'name': 'Analyst'}","{'id': 'analyst-analyst-estimates', 'name': 'Analyst Estimates'}",USA,1,TOP3000,MATRIX,0.9846,36,173,1.2,[]
anl15_ebtgics_ind_cal_fy2_mean,The weighted average of earnings before tax (EBT) estimation for the calendarized 2 fiscal years aggregated within GICS industry grouping.,"{'id': 'analyst15', 'name': 'Earnings forecasts'}","{'id': 'analyst', 'name': 'Analyst'}","{'id': 'analyst-analyst-estimates', 'name': 'Analyst Estimates'}",USA,1,TOP3000,MATRIX,0.985,28,226,1.2,[]
anl15_ebtgics_ind_cal_fy2_pe,The weighted average price/earnings ratio based on EPS estimation for the calendarized 2 fiscal year aggregated within GICS industry grouping.,"{'id': 'analyst15', 'name': 'Earnings forecasts'}","{'id': 'analyst', 'name': 'Analyst'}","{'id': 'analyst-analyst-estimates', 'name': 'Analyst Estimates'}",USA,1,TOP3000,MATRIX,0.985,19,45,1.2,[]
anl15_ebtgics_ind_cal_fy2_st_dev,The weighted average standard deviation of earnings before tax (EBT) estimation for the calendarized 2 fiscal year aggregated within GICS industry grouping.,"{'id': 'analyst15', 'name': 'Earnings forecasts'}","{'id': 'analyst', 'name': 'Analyst'}","{'id': 'analyst-analyst-estimates', 'name': 'Analyst Estimates'}",USA,1,TOP3000,MATRIX,0.9493,28,61,1.2,[]
anl15_ebtgics_ind_cal_fy2_total,The total of earnings before tax (EBT) estimation for the calendarized 2 fiscal years aggregated within GICS industry grouping.,"{'id': 'analyst15', 'name': 'Earnings forecasts'}","{'id': 'analyst', 'name': 'Analyst'}","{'id': 'analyst-analyst-estimates', 'name': 'Analyst Estimates'}",USA,1,TOP3000,MATRIX,0.985,27,606,1.2,[]
anl15_ebtgics_ind_cal_fy3_1m_chg,The weighted 1-month percent change of earnings before tax (EBT) estimation for the calendarized 3 fiscal years aggregated within GICS industry grouping.,"{'id': 'analyst15', 'name': 'Earnings forecasts'}","{'id': 'analyst', 'name': 'Analyst'}","{'id': 'analyst-analyst-estimates', 'name': 'Analyst Estimates'}",USA,1,TOP3000,MATRIX,0.9726,20,31,1.2,[]
anl15_ebtgics_ind_cal_fy3_3m_chg,The weighted 3-month percent change of earnings before tax (EBT) estimation for the calendarized 3 fiscal year aggregated within GICS industry grouping.,"{'id': 'analyst15', 'name': 'Earnings forecasts'}","{'id': 'analyst', 'name': 'Analyst'}","{'id': 'analyst-analyst-estimates', 'name': 'Analyst Estimates'}",USA,1,TOP3000,MATRIX,0.9711,23,55,1.2,[]
anl15_ebtgics_ind_cal_fy3_6m_chg,The weighted 6-month percent change of earnings before tax (EBT) estimation for the calendarized 3 fiscal year aggregated within GICS industry grouping.,"{'id': 'analyst15', 'name': 'Earnings forecasts'}","{'id': 'analyst', 'name': 'Analyst'}","{'id': 'analyst-analyst-estimates', 'name': 'Analyst Estimates'}",USA,1,TOP3000,MATRIX,0.9457,28,57,1.2,[]
anl15_ebtgics_ind_cal_fy3_cos,The number of companies with a calendarized 3 fiscal year earnings before tax (EBT) estimation within GICS industry grouping.,"{'id': 'analyst15', 'name': 'Earnings forecasts'}","{'id': 'analyst', 'name': 'Analyst'}","{'id': 'analyst-analyst-estimates', 'name': 'Analyst Estimates'}",USA,1,TOP3000,MATRIX,0.9821,55,198,1.2,[]
anl15_ebtgics_ind_cal_fy3_ests,The total number of calendarized 3 fiscal year earnings before tax (EBT) estimations within GICS industry grouping.,"{'id': 'analyst15', 'name': 'Earnings forecasts'}","{'id': 'analyst', 'name': 'Analyst'}","{'id': 'analyst-analyst-estimates', 'name': 'Analyst Estimates'}",USA,1,TOP3000,MATRIX,0.9821,55,134,1.2,[]
anl15_ebtgics_ind_cal_fy3_gro,The weighted year-over-year growth of earnings before tax (EBT) estimation for the calendarized 3 fiscal years aggregated within GICS industry grouping.,"{'id': 'analyst15', 'name': 'Earnings forecasts'}","{'id': 'analyst', 'name': 'Analyst'}","{'id': 'analyst-analyst-estimates', 'name': 'Analyst Estimates'}",USA,1,TOP3000,MATRIX,0.981,17,38,1.2,[]
anl15_ebtgics_ind_cal_fy3_mean,The weighted average of earnings before tax (EBT) estimation for the calendarized 3 fiscal years aggregated within GICS industry grouping.,"{'id': 'analyst15', 'name': 'Earnings forecasts'}","{'id': 'analyst', 'name': 'Analyst'}","{'id': 'analyst-analyst-estimates', 'name': 'Analyst Estimates'}",USA,1,TOP3000,MATRIX,0.9819,27,51,1.2,[]
anl15_ebtgics_ind_cal_fy3_pe,The weighted average price/earnings ratio based on EPS estimation for the calendarized 3 fiscal years aggregated within GICS industry grouping.,"{'id': 'analyst15', 'name': 'Earnings forecasts'}","{'id': 'analyst', 'name': 'Analyst'}","{'id': 'analyst-analyst-estimates', 'name': 'Analyst Estimates'}",USA,1,TOP3000,MATRIX,0.9819,45,205,1.2,[]
anl15_ebtgics_ind_cal_fy3_st_dev,The weighted average standard deviation of earnings before tax (EBT) estimation for the calendarized 3 fiscal years aggregated within GICS industry grouping.,"{'id': 'analyst15', 'name': 'Earnings forecasts'}","{'id': 'analyst', 'name': 'Analyst'}","{'id': 'analyst-analyst-estimates', 'name': 'Analyst Estimates'}",USA,1,TOP3000,MATRIX,0.9385,18,25,1.2,[]
anl15_ebtgics_ind_cal_fy3_total,The total of earnings before tax (EBT) estimation for the calendarized 3 fiscal year aggregated within GICS industry grouping.,"{'id': 'analyst15', 'name': 'Earnings forecasts'}","{'id': 'analyst', 'name': 'Analyst'}","{'id': 'analyst-analyst-estimates', 'name': 'Analyst Estimates'}",USA,1,TOP3000,MATRIX,0.9819,28,45,1.2,[]
anl15_ebtgics_ind_fy1_cos_dn,The number of companies for which earnings before tax (EBT) estimation for the calendarized 1 fiscal year has been lowered from last month within GICS industry grouping.,"{'id': 'analyst15', 'name': 'Earnings forecasts'}","{'id': 'analyst', 'name': 'Analyst'}","{'id': 'analyst-analyst-estimates', 'name': 'Analyst Estimates'}",USA,1,TOP3000,MATRIX,0.9723,17,30,1.2,[]
anl15_ebtgics_ind_fy1_cos_up,The number of companies for which earnings before tax (EBT) estimation for the calendarized 1 fiscal year has been raised from last month within GICS industry grouping.,"{'id': 'analyst15', 'name': 'Earnings forecasts'}","{'id': 'analyst', 'name': 'Analyst'}","{'id': 'analyst-analyst-estimates', 'name': 'Analyst Estimates'}",USA,1,TOP3000,MATRIX,0.9676,22,54,1.2,[]
anl15_ebtgics_ind_fy1_ests_dn,"Count of unique IDs of industry participants. Industry stands for an aggregate view of all  equity clearance activity for the date, symbol, and transaction type in question.","{'id': 'analyst15', 'name': 'Earnings forecasts'}","{'id': 'analyst', 'name': 'Analyst'}","{'id': 'analyst-analyst-estimates', 'name': 'Analyst Estimates'}",USA,1,TOP3000,MATRIX,0.9738,37,672,1.2,[]
anl15_ebtgics_ind_fy1_ests_up,"Count of unique IDs of industry participants. Industry stands for an aggregate view of all  equity clearance activity for the date, symbol, and transaction type in question.","{'id': 'analyst15', 'name': 'Earnings forecasts'}","{'id': 'analyst', 'name': 'Analyst'}","{'id': 'analyst-analyst-estimates', 'name': 'Analyst Estimates'}",USA,1,TOP3000,MATRIX,0.9691,18,90,1.2,[]
anl15_ebtgics_ind_fy2_cos_dn,The number of companies for which earnings before tax (EBT) estimation for the calendarized 2 fiscal years has been lowered from last month within GICS industry grouping.,"{'id': 'analyst15', 'name': 'Earnings forecasts'}","{'id': 'analyst', 'name': 'Analyst'}","{'id': 'analyst-analyst-estimates', 'name': 'Analyst Estimates'}",USA,1,TOP3000,MATRIX,0.9741,21,93,1.2,[]
anl15_ebtgics_ind_fy2_cos_up,The number of companies for which earnings before tax(EBT) estimation for the calendarized two fiscal year has been raised from last month within GICS industry grouping.,"{'id': 'analyst15', 'name': 'Earnings forecasts'}","{'id': 'analyst', 'name': 'Analyst'}","{'id': 'analyst-analyst-estimates', 'name': 'Analyst Estimates'}",USA,1,TOP3000,MATRIX,0.9692,24,35,1.2,[]
anl15_ebtgics_ind_fy2_ests_dn,"Count of unique IDs of industry participants. Industry stands for an aggregate view of all  equity clearance activity for the date, symbol, and transaction type in question.","{'id': 'analyst15', 'name': 'Earnings forecasts'}","{'id': 'analyst', 'name': 'Analyst'}","{'id': 'analyst-analyst-estimates', 'name': 'Analyst Estimates'}",USA,1,TOP3000,MATRIX,0.9737,18,144,1.2,[]
anl15_ebtgics_ind_fy2_ests_up,"Count of unique IDs of industry participants. Industry stands for an aggregate view of all  equity clearance activity for the date, symbol, and transaction type in question.","{'id': 'analyst15', 'name': 'Earnings forecasts'}","{'id': 'analyst', 'name': 'Analyst'}","{'id': 'analyst-analyst-estimates', 'name': 'Analyst Estimates'}",USA,1,TOP3000,MATRIX,0.9725,24,48,1.2,[]
anl15_ebtgics_ind_fy3_cos_dn,The number of companies for which earnings before tax (EBT) estimation for the calendarized 3 fiscal year has been lowered from last month within GICS industry grouping.,"{'id': 'analyst15', 'name': 'Earnings forecasts'}","{'id': 'analyst', 'name': 'Analyst'}","{'id': 'analyst-analyst-estimates', 'name': 'Analyst Estimates'}",USA,1,TOP3000,MATRIX,0.9597,28,62,1.2,[]
anl15_ebtgics_ind_fy3_cos_up,The number of companies for which earnings before tax (EBT) estimation for the calendarized 3 fiscal year has been raised from last month within GICS industry grouping.,"{'id': 'analyst15', 'name': 'Earnings forecasts'}","{'id': 'analyst', 'name': 'Analyst'}","{'id': 'analyst-analyst-estimates', 'name': 'Analyst Estimates'}",USA,1,TOP3000,MATRIX,0.9535,20,31,1.2,[]
anl15_ebtgics_ind_fy3_ests_dn,"Count of unique IDs of industry participants. Industry stands for an aggregate view of all  equity clearance activity for the date, symbol, and transaction type in question.","{'id': 'analyst15', 'name': 'Earnings forecasts'}","{'id': 'analyst', 'name': 'Analyst'}","{'id': 'analyst-analyst-estimates', 'name': 'Analyst Estimates'}",USA,1,TOP3000,MATRIX,0.9536,26,36,1.2,[]
anl15_ebtgics_ind_fy3_ests_up,"Count of unique IDs of industry participants. Industry stands for an aggregate view of all  equity clearance activity for the date, symbol, and transaction type in question.","{'id': 'analyst15', 'name': 'Earnings forecasts'}","{'id': 'analyst', 'name': 'Analyst'}","{'id': 'analyst-analyst-estimates', 'name': 'Analyst Estimates'}",USA,1,TOP3000,MATRIX,0.9522,15,32,1.2,[]
anl15_ebtgics_s_12_m_1m_chg,The weighted 1-month percent change of 12-month forward earnings before tax (EBT) estimation aggregated within GICS sector grouping.,"{'id': 'analyst15', 'name': 'Earnings forecasts'}","{'id': 'analyst', 'name': 'Analyst'}","{'id': 'analyst-analyst-estimates', 'name': 'Analyst Estimates'}",USA,1,TOP3000,MATRIX,1.0,33,100,1.2,[]
anl15_ebtgics_s_12_m_3m_chg,The weighted 3-month percent change of 12-month forward earnings before tax (EBT) estimation aggregated within GICS sector grouping.,"{'id': 'analyst15', 'name': 'Earnings forecasts'}","{'id': 'analyst', 'name': 'Analyst'}","{'id': 'analyst-analyst-estimates', 'name': 'Analyst Estimates'}",USA,1,TOP3000,MATRIX,1.0,22,85,1.2,[]
anl15_ebtgics_s_12_m_6m_chg,The weighted 6-month percent change of 12-month forward earnings before tax (EBT) estimation aggregated within GICS sector grouping.,"{'id': 'analyst15', 'name': 'Earnings forecasts'}","{'id': 'analyst', 'name': 'Analyst'}","{'id': 'analyst-analyst-estimates', 'name': 'Analyst Estimates'}",USA,1,TOP3000,MATRIX,1.0,40,253,1.2,[]
anl15_ebtgics_s_12_m_cos,The number of companies with a 12-month forward mean earnings before tax (EBT) estimation within GICS sector grouping.,"{'id': 'analyst15', 'name': 'Earnings forecasts'}","{'id': 'analyst', 'name': 'Analyst'}","{'id': 'analyst-analyst-estimates', 'name': 'Analyst Estimates'}",USA,1,TOP3000,MATRIX,1.0,38,82,1.2,[]
anl15_ebtgics_s_12_m_cos_dn,The number of companies for which 12-month forward mean earnings before tax (EBT) estimation has been lowered from last month within GICS sector grouping.,"{'id': 'analyst15', 'name': 'Earnings forecasts'}","{'id': 'analyst', 'name': 'Analyst'}","{'id': 'analyst-analyst-estimates', 'name': 'Analyst Estimates'}",USA,1,TOP3000,MATRIX,1.0,33,279,1.2,[]
anl15_ebtgics_s_12_m_cos_up,The number of companies for which 12-month forward mean earnings before tax (EBT) estimation has been raised from last month within GICS sector grouping.,"{'id': 'analyst15', 'name': 'Earnings forecasts'}","{'id': 'analyst', 'name': 'Analyst'}","{'id': 'analyst-analyst-estimates', 'name': 'Analyst Estimates'}",USA,1,TOP3000,MATRIX,1.0,39,126,1.2,[]
anl15_ebtgics_s_12_m_ests,The 12-month forward pro-rated total number of estimates within GICS sector grouping.,"{'id': 'analyst15', 'name': 'Earnings forecasts'}","{'id': 'analyst', 'name': 'Analyst'}","{'id': 'analyst-analyst-estimates', 'name': 'Analyst Estimates'}",USA,1,TOP3000,MATRIX,1.0,31,57,1.2,[]
anl15_ebtgics_s_12_m_ests_dn,The 12 month forward pro-rated total number of estimates which have been lowered since last month within GICS sector grouping.,"{'id': 'analyst15', 'name': 'Earnings forecasts'}","{'id': 'analyst', 'name': 'Analyst'}","{'id': 'analyst-analyst-estimates', 'name': 'Analyst Estimates'}",USA,1,TOP3000,MATRIX,1.0,56,253,1.2,[]
anl15_ebtgics_s_12_m_ests_up,"Count of unique IDs of industry participants. Industry stands for an aggregate view of all  equity clearance activity for the date, symbol, and transaction type in question.","{'id': 'analyst15', 'name': 'Earnings forecasts'}","{'id': 'analyst', 'name': 'Analyst'}","{'id': 'analyst-analyst-estimates', 'name': 'Analyst Estimates'}",USA,1,TOP3000,MATRIX,1.0,56,88,1.2,[]
anl15_ebtgics_s_12_m_gro,The weighted 12-month forward year-over-year growth of earnings before tax (EBT) estimation aggregated within GICS sector grouping.,"{'id': 'analyst15', 'name': 'Earnings forecasts'}","{'id': 'analyst', 'name': 'Analyst'}","{'id': 'analyst-analyst-estimates', 'name': 'Analyst Estimates'}",USA,1,TOP3000,MATRIX,1.0,33,350,1.2,[]
anl15_ebtgics_s_12_m_mean,The weighted average of 12-month forward earnings before tax (EBT) estimation aggregated within GICS sector grouping.,"{'id': 'analyst15', 'name': 'Earnings forecasts'}","{'id': 'analyst', 'name': 'Analyst'}","{'id': 'analyst-analyst-estimates', 'name': 'Analyst Estimates'}",USA,1,TOP3000,MATRIX,1.0,23,36,1.2,[]
anl15_ebtgics_s_12_m_pe,The weighted average price/earnings ratio based on 12-month forward EPS estimation aggregated within GICS sector grouping.,"{'id': 'analyst15', 'name': 'Earnings forecasts'}","{'id': 'analyst', 'name': 'Analyst'}","{'id': 'analyst-analyst-estimates', 'name': 'Analyst Estimates'}",USA,1,TOP3000,MATRIX,1.0,61,358,1.2,[]
anl15_ebtgics_s_12_m_st_dev,The weighted average standard deviation of 12-month forward earnings before tax (EBT) estimation aggregated within GICS sector grouping.,"{'id': 'analyst15', 'name': 'Earnings forecasts'}","{'id': 'analyst', 'name': 'Analyst'}","{'id': 'analyst-analyst-estimates', 'name': 'Analyst Estimates'}",USA,1,TOP3000,MATRIX,1.0,39,123,1.2,[]
anl15_ebtgics_s_12_m_total,The total of 12-month forward earnings before tax (EBT) estimation aggregated within GICS sector grouping.,"{'id': 'analyst15', 'name': 'Earnings forecasts'}","{'id': 'analyst', 'name': 'Analyst'}","{'id': 'analyst-analyst-estimates', 'name': 'Analyst Estimates'}",USA,1,TOP3000,MATRIX,1.0,22,36,1.2,[]
anl15_ebtgics_s_12_m_tr_mean,The weighted average of 12-month trailing earnings before tax (EBT) aggregated within GICS sector grouping.,"{'id': 'analyst15', 'name': 'Earnings forecasts'}","{'id': 'analyst', 'name': 'Analyst'}","{'id': 'analyst-analyst-estimates', 'name': 'Analyst Estimates'}",USA,1,TOP3000,MATRIX,1.0,30,255,1.2,[]
anl15_ebtgics_s_18_m_1m_chg,The weighted 1 month percent change of 18 month forward earnings before tax (EBT) estimation aggregated within GICS sector grouping.,"{'id': 'analyst15', 'name': 'Earnings forecasts'}","{'id': 'analyst', 'name': 'Analyst'}","{'id': 'analyst-analyst-estimates', 'name': 'Analyst Estimates'}",USA,1,TOP3000,MATRIX,1.0,54,199,1.2,[]
anl15_ebtgics_s_18_m_3m_chg,The weighted 3-month percent change of 18-month forward earnings before tax (EBT) estimation aggregated within GICS sector grouping.,"{'id': 'analyst15', 'name': 'Earnings forecasts'}","{'id': 'analyst', 'name': 'Analyst'}","{'id': 'analyst-analyst-estimates', 'name': 'Analyst Estimates'}",USA,1,TOP3000,MATRIX,1.0,20,55,1.2,[]
anl15_ebtgics_s_18_m_6m_chg,The weighted 6-month percent change of 18-month forward earnings before tax (EBT) estimation aggregated within GICS sector grouping.,"{'id': 'analyst15', 'name': 'Earnings forecasts'}","{'id': 'analyst', 'name': 'Analyst'}","{'id': 'analyst-analyst-estimates', 'name': 'Analyst Estimates'}",USA,1,TOP3000,MATRIX,1.0,25,253,1.2,[]
anl15_ebtgics_s_18_m_cos,The number of companies with an 18 month forward mean earnings before tax (EBT) estimation within GICS sector grouping.,"{'id': 'analyst15', 'name': 'Earnings forecasts'}","{'id': 'analyst', 'name': 'Analyst'}","{'id': 'analyst-analyst-estimates', 'name': 'Analyst Estimates'}",USA,1,TOP3000,MATRIX,1.0,44,108,1.2,[]
anl15_ebtgics_s_18_m_cos_dn,The number of companies for which 18-month forward mean earnings before tax (EBT) estimation has been lowered from last month within GICS sector grouping.,"{'id': 'analyst15', 'name': 'Earnings forecasts'}","{'id': 'analyst', 'name': 'Analyst'}","{'id': 'analyst-analyst-estimates', 'name': 'Analyst Estimates'}",USA,1,TOP3000,MATRIX,1.0,22,278,1.2,[]
anl15_ebtgics_s_18_m_cos_up,The number of companies for which 18-month forward mean earnings before tax (EBT) estimation has been raised from last month within GICS sector grouping.,"{'id': 'analyst15', 'name': 'Earnings forecasts'}","{'id': 'analyst', 'name': 'Analyst'}","{'id': 'analyst-analyst-estimates', 'name': 'Analyst Estimates'}",USA,1,TOP3000,MATRIX,1.0,37,66,1.2,[]
anl15_ebtgics_s_18_m_ests,The 18-month forward pro-rated total number of estimates within GICS sector grouping.,"{'id': 'analyst15', 'name': 'Earnings forecasts'}","{'id': 'analyst', 'name': 'Analyst'}","{'id': 'analyst-analyst-estimates', 'name': 'Analyst Estimates'}",USA,1,TOP3000,MATRIX,1.0,42,226,1.2,[]
anl15_ebtgics_s_18_m_ests_dn,"Count of unique IDs of industry participants. Industry stands for an aggregate view of all  equity clearance activity for the date, symbol, and transaction type in question.","{'id': 'analyst15', 'name': 'Earnings forecasts'}","{'id': 'analyst', 'name': 'Analyst'}","{'id': 'analyst-analyst-estimates', 'name': 'Analyst Estimates'}",USA,1,TOP3000,MATRIX,1.0,30,38,1.2,[]
anl15_ebtgics_s_18_m_ests_up,"Count of unique IDs of industry participants. Industry stands for an aggregate view of all  equity clearance activity for the date, symbol, and transaction type in question.","{'id': 'analyst15', 'name': 'Earnings forecasts'}","{'id': 'analyst', 'name': 'Analyst'}","{'id': 'analyst-analyst-estimates', 'name': 'Analyst Estimates'}",USA,1,TOP3000,MATRIX,1.0,37,335,1.2,[]
anl15_ebtgics_s_18_m_gro,The weighted 18-month forward year-over-year growth of earnings before tax (EBT) estimation aggregated within GICS sector grouping.,"{'id': 'analyst15', 'name': 'Earnings forecasts'}","{'id': 'analyst', 'name': 'Analyst'}","{'id': 'analyst-analyst-estimates', 'name': 'Analyst Estimates'}",USA,1,TOP3000,MATRIX,1.0,47,751,1.2,[]
anl15_ebtgics_s_18_m_mean,The weighted average of 18-month forward earnings before tax (EBT) estimation aggregated within GICS sector grouping.,"{'id': 'analyst15', 'name': 'Earnings forecasts'}","{'id': 'analyst', 'name': 'Analyst'}","{'id': 'analyst-analyst-estimates', 'name': 'Analyst Estimates'}",USA,1,TOP3000,MATRIX,1.0,69,296,1.2,[]
anl15_ebtgics_s_18_m_pe,The weighted average price/earnings ratio based on 18-month forward EPS estimation aggregated within GICS sector grouping.,"{'id': 'analyst15', 'name': 'Earnings forecasts'}","{'id': 'analyst', 'name': 'Analyst'}","{'id': 'analyst-analyst-estimates', 'name': 'Analyst Estimates'}",USA,1,TOP3000,MATRIX,1.0,74,140,1.2,[]
anl15_ebtgics_s_18_m_st_dev,The weighted average standard deviation of 18 month forward earnings before tax (EBT) estimation aggregated within GICS sector grouping.,"{'id': 'analyst15', 'name': 'Earnings forecasts'}","{'id': 'analyst', 'name': 'Analyst'}","{'id': 'analyst-analyst-estimates', 'name': 'Analyst Estimates'}",USA,1,TOP3000,MATRIX,1.0,27,155,1.2,[]
anl15_ebtgics_s_18_m_total,The total of 18-month forward earnings before tax (EBT) estimation aggregated within GICS sector grouping.,"{'id': 'analyst15', 'name': 'Earnings forecasts'}","{'id': 'analyst', 'name': 'Analyst'}","{'id': 'analyst-analyst-estimates', 'name': 'Analyst Estimates'}",USA,1,TOP3000,MATRIX,1.0,25,636,1.2,[]
anl15_ebtgics_s_cal_fy0_gro,The weighted year-over-year growth of Earnings Before Tax (EBT) estimation for the current calendarized fiscal year aggregated within GICS sector grouping.,"{'id': 'analyst15', 'name': 'Earnings forecasts'}","{'id': 'analyst', 'name': 'Analyst'}","{'id': 'analyst-analyst-estimates', 'name': 'Analyst Estimates'}",USA,1,TOP3000,MATRIX,1.0,42,568,1.2,[]
anl15_ebtgics_s_cal_fy0_pe,The weighted average price/earnings ratio based on EPS estimation for the current calendarized fiscal year aggregated within GICS sector grouping.,"{'id': 'analyst15', 'name': 'Earnings forecasts'}","{'id': 'analyst', 'name': 'Analyst'}","{'id': 'analyst-analyst-estimates', 'name': 'Analyst Estimates'}",USA,1,TOP3000,MATRIX,1.0,56,210,1.2,[]
anl15_ebtgics_s_cal_fy0_total,The total of earnings before tax (EBT) estimation for the current calendarized fiscal year aggregated within GICS sector grouping.,"{'id': 'analyst15', 'name': 'Earnings forecasts'}","{'id': 'analyst', 'name': 'Analyst'}","{'id': 'analyst-analyst-estimates', 'name': 'Analyst Estimates'}",USA,1,TOP3000,MATRIX,1.0,20,65,1.2,[]
anl15_ebtgics_s_cal_fy0_val,The weighted average of earnings before tax (EBT) estimation for the current calendarized fiscal year aggregated within GICS sector grouping.,"{'id': 'analyst15', 'name': 'Earnings forecasts'}","{'id': 'analyst', 'name': 'Analyst'}","{'id': 'analyst-analyst-estimates', 'name': 'Analyst Estimates'}",USA,1,TOP3000,MATRIX,1.0,32,83,1.2,[]
anl15_ebtgics_s_cal_fy1_1m_chg,The weighted 1-month percent change of earnings before tax (EBT) estimation for the calendarized 1 fiscal year aggregated within GICS sector grouping.,"{'id': 'analyst15', 'name': 'Earnings forecasts'}","{'id': 'analyst', 'name': 'Analyst'}","{'id': 'analyst-analyst-estimates', 'name': 'Analyst Estimates'}",USA,1,TOP3000,MATRIX,1.0,39,132,1.2,[]
anl15_ebtgics_s_cal_fy1_3m_chg,The weighted 3-month percent change of earnings before tax (EBT) estimation for the calendarized 1 fiscal year aggregated within GICS sector grouping.,"{'id': 'analyst15', 'name': 'Earnings forecasts'}","{'id': 'analyst', 'name': 'Analyst'}","{'id': 'analyst-analyst-estimates', 'name': 'Analyst Estimates'}",USA,1,TOP3000,MATRIX,1.0,20,172,1.2,[]
anl15_ebtgics_s_cal_fy1_6m_chg,The weighted 6-month percent change of earnings before tax (EBT) estimation for the calendarized 1 fiscal year aggregated within GICS sector grouping.,"{'id': 'analyst15', 'name': 'Earnings forecasts'}","{'id': 'analyst', 'name': 'Analyst'}","{'id': 'analyst-analyst-estimates', 'name': 'Analyst Estimates'}",USA,1,TOP3000,MATRIX,1.0,33,257,1.2,[]
anl15_ebtgics_s_cal_fy1_cos,The number of companies with a calendarized 1 fiscal year earnings before tax (EBT) estimation within GICS sector grouping.,"{'id': 'analyst15', 'name': 'Earnings forecasts'}","{'id': 'analyst', 'name': 'Analyst'}","{'id': 'analyst-analyst-estimates', 'name': 'Analyst Estimates'}",USA,1,TOP3000,MATRIX,1.0,35,161,1.2,[]
anl15_ebtgics_s_cal_fy1_ests,The total number of calendarized 1 fiscal year earnings before tax (EBT) estimation within GICS sector grouping.,"{'id': 'analyst15', 'name': 'Earnings forecasts'}","{'id': 'analyst', 'name': 'Analyst'}","{'id': 'analyst-analyst-estimates', 'name': 'Analyst Estimates'}",USA,1,TOP3000,MATRIX,1.0,31,341,1.2,[]
anl15_ebtgics_s_cal_fy1_gro,The weighted year-over-year growth of earnings before tax (EBT) estimation for the calendarized 1 fiscal year aggregated within GICS sector grouping.,"{'id': 'analyst15', 'name': 'Earnings forecasts'}","{'id': 'analyst', 'name': 'Analyst'}","{'id': 'analyst-analyst-estimates', 'name': 'Analyst Estimates'}",USA,1,TOP3000,MATRIX,1.0,65,618,1.2,[]
anl15_ebtgics_s_cal_fy1_mean,The weighted average of earnings before tax (EBT) estimation for the calendarized 1 fiscal year aggregated within GICS sector grouping.,"{'id': 'analyst15', 'name': 'Earnings forecasts'}","{'id': 'analyst', 'name': 'Analyst'}","{'id': 'analyst-analyst-estimates', 'name': 'Analyst Estimates'}",USA,1,TOP3000,MATRIX,1.0,48,93,1.2,[]
anl15_ebtgics_s_cal_fy1_pe,The weighted average price/earnings ratio based on EPS estimation for the calendarized 1 fiscal year aggregated within GICS sector grouping.,"{'id': 'analyst15', 'name': 'Earnings forecasts'}","{'id': 'analyst', 'name': 'Analyst'}","{'id': 'analyst-analyst-estimates', 'name': 'Analyst Estimates'}",USA,1,TOP3000,MATRIX,1.0,56,172,1.2,[]
anl15_ebtgics_s_cal_fy1_st_dev,The weighted average standard deviation of earnings before tax (EBT) estimation for the calendarized 1 fiscal year aggregated within GICS sector grouping.,"{'id': 'analyst15', 'name': 'Earnings forecasts'}","{'id': 'analyst', 'name': 'Analyst'}","{'id': 'analyst-analyst-estimates', 'name': 'Analyst Estimates'}",USA,1,TOP3000,MATRIX,1.0,39,65,1.2,[]
anl15_ebtgics_s_cal_fy1_total,The total of earnings before tax (EBT) estimation for the calendarized 1 fiscal year aggregated within GICS sector grouping.,"{'id': 'analyst15', 'name': 'Earnings forecasts'}","{'id': 'analyst', 'name': 'Analyst'}","{'id': 'analyst-analyst-estimates', 'name': 'Analyst Estimates'}",USA,1,TOP3000,MATRIX,1.0,27,51,1.2,[]
anl15_ebtgics_s_cal_fy2_1m_chg,The weighted 1-month percent change of earnings before tax (EBT) estimation for the calendarized 2 fiscal year aggregated within GICS sector grouping.,"{'id': 'analyst15', 'name': 'Earnings forecasts'}","{'id': 'analyst', 'name': 'Analyst'}","{'id': 'analyst-analyst-estimates', 'name': 'Analyst Estimates'}",USA,1,TOP3000,MATRIX,1.0,33,46,1.2,[]
anl15_ebtgics_s_cal_fy2_3m_chg,The weighted 3-month percent change of earnings before tax (EBT) estimation for the calendarized 2 fiscal years aggregated within GICS sector grouping.,"{'id': 'analyst15', 'name': 'Earnings forecasts'}","{'id': 'analyst', 'name': 'Analyst'}","{'id': 'analyst-analyst-estimates', 'name': 'Analyst Estimates'}",USA,1,TOP3000,MATRIX,1.0,19,39,1.2,[]
anl15_ebtgics_s_cal_fy2_6m_chg,The weighted 6-month percent change of earnings before tax (EBT) estimation for the calendarized 2 fiscal years aggregated within GICS sector grouping.,"{'id': 'analyst15', 'name': 'Earnings forecasts'}","{'id': 'analyst', 'name': 'Analyst'}","{'id': 'analyst-analyst-estimates', 'name': 'Analyst Estimates'}",USA,1,TOP3000,MATRIX,1.0,38,622,1.2,[]
anl15_ebtgics_s_cal_fy2_cos,The number of companies with a calendarized 2 fiscal year earnings before tax (EBT) estimation within GICS sector grouping.,"{'id': 'analyst15', 'name': 'Earnings forecasts'}","{'id': 'analyst', 'name': 'Analyst'}","{'id': 'analyst-analyst-estimates', 'name': 'Analyst Estimates'}",USA,1,TOP3000,MATRIX,1.0,52,144,1.2,[]
anl15_ebtgics_s_cal_fy2_ests,The total number of calendarized 2 fiscal year earnings before tax (EBT) estimation within GICS sector grouping.,"{'id': 'analyst15', 'name': 'Earnings forecasts'}","{'id': 'analyst', 'name': 'Analyst'}","{'id': 'analyst-analyst-estimates', 'name': 'Analyst Estimates'}",USA,1,TOP3000,MATRIX,1.0,9,230,1.2,[]
anl15_ebtgics_s_cal_fy2_gro,The weighted year-over-year growth of earnings before tax (EBT) estimation for the calendarized two fiscal years aggregated within GICS sector grouping.,"{'id': 'analyst15', 'name': 'Earnings forecasts'}","{'id': 'analyst', 'name': 'Analyst'}","{'id': 'analyst-analyst-estimates', 'name': 'Analyst Estimates'}",USA,1,TOP3000,MATRIX,1.0,48,125,1.2,[]
anl15_ebtgics_s_cal_fy2_mean,The weighted average of earnings before tax (EBT) estimation for the calendarized 2 fiscal years aggregated within GICS sector grouping.,"{'id': 'analyst15', 'name': 'Earnings forecasts'}","{'id': 'analyst', 'name': 'Analyst'}","{'id': 'analyst-analyst-estimates', 'name': 'Analyst Estimates'}",USA,1,TOP3000,MATRIX,1.0,35,196,1.2,[]
anl15_ebtgics_s_cal_fy2_pe,The weighted average price/earnings ratio based on EPS estimation for the calendarized 2 fiscal years aggregated within GICS sector grouping.,"{'id': 'analyst15', 'name': 'Earnings forecasts'}","{'id': 'analyst', 'name': 'Analyst'}","{'id': 'analyst-analyst-estimates', 'name': 'Analyst Estimates'}",USA,1,TOP3000,MATRIX,1.0,52,129,1.2,[]
anl15_ebtgics_s_cal_fy2_st_dev,The weighted average standard deviation of earnings before tax (EBT) estimation for the calendarized 2 fiscal years aggregated within GICS sector grouping.,"{'id': 'analyst15', 'name': 'Earnings forecasts'}","{'id': 'analyst', 'name': 'Analyst'}","{'id': 'analyst-analyst-estimates', 'name': 'Analyst Estimates'}",USA,1,TOP3000,MATRIX,1.0,32,72,1.2,[]
anl15_ebtgics_s_cal_fy2_total,The total of earnings before tax (EBT) estimation for the calendarized 2 fiscal years aggregated within GICS sector grouping.,"{'id': 'analyst15', 'name': 'Earnings forecasts'}","{'id': 'analyst', 'name': 'Analyst'}","{'id': 'analyst-analyst-estimates', 'name': 'Analyst Estimates'}",USA,1,TOP3000,MATRIX,1.0,19,35,1.2,[]
anl15_ebtgics_s_cal_fy3_1m_chg,The weighted 1-month percent change of earnings before tax (EBT) estimation for the calendarized 3 fiscal year aggregated within GICS sector grouping.,"{'id': 'analyst15', 'name': 'Earnings forecasts'}","{'id': 'analyst', 'name': 'Analyst'}","{'id': 'analyst-analyst-estimates', 'name': 'Analyst Estimates'}",USA,1,TOP3000,MATRIX,1.0,20,130,1.2,[]
anl15_ebtgics_s_cal_fy3_3m_chg,The weighted 3-month percent change of earnings before tax (EBT) estimation for the calendarized 3 fiscal years aggregated within GICS sector grouping.,"{'id': 'analyst15', 'name': 'Earnings forecasts'}","{'id': 'analyst', 'name': 'Analyst'}","{'id': 'analyst-analyst-estimates', 'name': 'Analyst Estimates'}",USA,1,TOP3000,MATRIX,1.0,10,17,1.2,[]
anl15_ebtgics_s_cal_fy3_6m_chg,The weighted 6-month percent change of earnings before tax (EBT) estimation for the calendarized 3 fiscal year aggregated within GICS sector grouping.,"{'id': 'analyst15', 'name': 'Earnings forecasts'}","{'id': 'analyst', 'name': 'Analyst'}","{'id': 'analyst-analyst-estimates', 'name': 'Analyst Estimates'}",USA,1,TOP3000,MATRIX,1.0,55,457,1.2,[]
anl15_ebtgics_s_cal_fy3_cos,The number of companies with a calendarized 3 fiscal year earnings before tax (EBT) estimation within GICS sector grouping.,"{'id': 'analyst15', 'name': 'Earnings forecasts'}","{'id': 'analyst', 'name': 'Analyst'}","{'id': 'analyst-analyst-estimates', 'name': 'Analyst Estimates'}",USA,1,TOP3000,MATRIX,1.0,51,219,1.2,[]
anl15_ebtgics_s_cal_fy3_ests,The total number of calendarized 3 fiscal year earnings before tax (EBT) estimation within GICS sector grouping.,"{'id': 'analyst15', 'name': 'Earnings forecasts'}","{'id': 'analyst', 'name': 'Analyst'}","{'id': 'analyst-analyst-estimates', 'name': 'Analyst Estimates'}",USA,1,TOP3000,MATRIX,1.0,25,56,1.2,[]
anl15_ebtgics_s_cal_fy3_gro,The weighted year-over-year growth of earnings before tax (EBT) estimation for the calendarized 3 fiscal years aggregated within GICS sector grouping.,"{'id': 'analyst15', 'name': 'Earnings forecasts'}","{'id': 'analyst', 'name': 'Analyst'}","{'id': 'analyst-analyst-estimates', 'name': 'Analyst Estimates'}",USA,1,TOP3000,MATRIX,1.0,32,65,1.2,[]
anl15_ebtgics_s_cal_fy3_mean,The weighted average of earnings before tax (EBT) estimation for the calendarized 3 fiscal years aggregated within GICS sector grouping.,"{'id': 'analyst15', 'name': 'Earnings forecasts'}","{'id': 'analyst', 'name': 'Analyst'}","{'id': 'analyst-analyst-estimates', 'name': 'Analyst Estimates'}",USA,1,TOP3000,MATRIX,1.0,36,163,1.2,[]
anl15_ebtgics_s_cal_fy3_pe,The weighted average price/earnings ratio based on EPS estimation for the calendarized 3 fiscal year aggregated within GICS sector grouping.,"{'id': 'analyst15', 'name': 'Earnings forecasts'}","{'id': 'analyst', 'name': 'Analyst'}","{'id': 'analyst-analyst-estimates', 'name': 'Analyst Estimates'}",USA,1,TOP3000,MATRIX,1.0,54,88,1.2,[]
anl15_ebtgics_s_cal_fy3_st_dev,The weighted average standard deviation of earnings before tax (EBT) estimation for the calendarized 3 fiscal years aggregated within GICS sector grouping.,"{'id': 'analyst15', 'name': 'Earnings forecasts'}","{'id': 'analyst', 'name': 'Analyst'}","{'id': 'analyst-analyst-estimates', 'name': 'Analyst Estimates'}",USA,1,TOP3000,MATRIX,1.0,43,232,1.2,[]
anl15_ebtgics_s_cal_fy3_total,The total of earnings before tax (EBT) estimation for the calendarized 3 fiscal years aggregated within GICS sector grouping.,"{'id': 'analyst15', 'name': 'Earnings forecasts'}","{'id': 'analyst', 'name': 'Analyst'}","{'id': 'analyst-analyst-estimates', 'name': 'Analyst Estimates'}",USA,1,TOP3000,MATRIX,1.0,38,491,1.2,[]
anl15_ebtgics_s_fy1_cos_dn,The number of companies for which earnings before tax (EBT) estimation for the calendarized 1 fiscal year has been lowered from last month within GICS sector grouping.,"{'id': 'analyst15', 'name': 'Earnings forecasts'}","{'id': 'analyst', 'name': 'Analyst'}","{'id': 'analyst-analyst-estimates', 'name': 'Analyst Estimates'}",USA,1,TOP3000,MATRIX,1.0,36,98,1.2,[]
anl15_ebtgics_s_fy1_cos_up,The number of companies for which earnings before tax (EBT) estimation for the calendarized 1 fiscal year has been raised from last month within GICS sector grouping.,"{'id': 'analyst15', 'name': 'Earnings forecasts'}","{'id': 'analyst', 'name': 'Analyst'}","{'id': 'analyst-analyst-estimates', 'name': 'Analyst Estimates'}",USA,1,TOP3000,MATRIX,1.0,27,54,1.2,[]
anl15_ebtgics_s_fy1_ests_dn,"Count of unique IDs of industry participants. Industry stands for an aggregate view of all  equity clearance activity for the date, symbol, and transaction type in question.","{'id': 'analyst15', 'name': 'Earnings forecasts'}","{'id': 'analyst', 'name': 'Analyst'}","{'id': 'analyst-analyst-estimates', 'name': 'Analyst Estimates'}",USA,1,TOP3000,MATRIX,1.0,28,54,1.2,[]
anl15_ebtgics_s_fy1_ests_up,"Count of unique IDs of industry participants. Industry stands for an aggregate view of all  equity clearance activity for the date, symbol, and transaction type in question.","{'id': 'analyst15', 'name': 'Earnings forecasts'}","{'id': 'analyst', 'name': 'Analyst'}","{'id': 'analyst-analyst-estimates', 'name': 'Analyst Estimates'}",USA,1,TOP3000,MATRIX,1.0,15,83,1.2,[]
anl15_ebtgics_s_fy2_cos_dn,The number of companies for which earnings before tax (EBT) estimation for the calendarized 2 fiscal year has been lowered from last month within GICS sector grouping.,"{'id': 'analyst15', 'name': 'Earnings forecasts'}","{'id': 'analyst', 'name': 'Analyst'}","{'id': 'analyst-analyst-estimates', 'name': 'Analyst Estimates'}",USA,1,TOP3000,MATRIX,1.0,35,347,1.2,[]
anl15_ebtgics_s_fy2_cos_up,The number of companies for which earnings before tax (EBT) estimation for the calendarized 2 fiscal years has been raised from last month within GICS sector grouping.,"{'id': 'analyst15', 'name': 'Earnings forecasts'}","{'id': 'analyst', 'name': 'Analyst'}","{'id': 'analyst-analyst-estimates', 'name': 'Analyst Estimates'}",USA,1,TOP3000,MATRIX,1.0,34,86,1.2,[]
anl15_ebtgics_s_fy2_ests_dn,"Count of unique IDs of industry participants. Industry stands for an aggregate view of all  equity clearance activity for the date, symbol, and transaction type in question.","{'id': 'analyst15', 'name': 'Earnings forecasts'}","{'id': 'analyst', 'name': 'Analyst'}","{'id': 'analyst-analyst-estimates', 'name': 'Analyst Estimates'}",USA,1,TOP3000,MATRIX,1.0,23,41,1.2,[]
anl15_ebtgics_s_fy2_ests_up,"Count of unique IDs of industry participants. Industry stands for an aggregate view of all  equity clearance activity for the date, symbol, and transaction type in question.","{'id': 'analyst15', 'name': 'Earnings forecasts'}","{'id': 'analyst', 'name': 'Analyst'}","{'id': 'analyst-analyst-estimates', 'name': 'Analyst Estimates'}",USA,1,TOP3000,MATRIX,1.0,39,66,1.2,[]
anl15_ebtgics_s_fy3_cos_dn,The number of companies for which earnings before tax (EBT) estimation for the calendarized 3 fiscal years has been lowered from last month within GICS sector grouping.,"{'id': 'analyst15', 'name': 'Earnings forecasts'}","{'id': 'analyst', 'name': 'Analyst'}","{'id': 'analyst-analyst-estimates', 'name': 'Analyst Estimates'}",USA,1,TOP3000,MATRIX,1.0,47,127,1.2,[]
anl15_ebtgics_s_fy3_cos_up,The number of companies for which earnings before tax (EBT) estimation for the calendarized 3 fiscal years has been raised from last month within GICS sector grouping.,"{'id': 'analyst15', 'name': 'Earnings forecasts'}","{'id': 'analyst', 'name': 'Analyst'}","{'id': 'analyst-analyst-estimates', 'name': 'Analyst Estimates'}",USA,1,TOP3000,MATRIX,1.0,30,58,1.2,[]
anl15_ebtgics_s_fy3_ests_dn,"Count of unique IDs of industry participants. Industry stands for an aggregate view of all  equity clearance activity for the date, symbol, and transaction type in question.","{'id': 'analyst15', 'name': 'Earnings forecasts'}","{'id': 'analyst', 'name': 'Analyst'}","{'id': 'analyst-analyst-estimates', 'name': 'Analyst Estimates'}",USA,1,TOP3000,MATRIX,1.0,47,349,1.2,[]
anl15_ebtgics_s_fy3_ests_up,"Count of unique IDs of industry participants. Industry stands for an aggregate view of all  equity clearance activity for the date, symbol, and transaction type in question.","{'id': 'analyst15', 'name': 'Earnings forecasts'}","{'id': 'analyst', 'name': 'Analyst'}","{'id': 'analyst-analyst-estimates', 'name': 'Analyst Estimates'}",USA,1,TOP3000,MATRIX,1.0,20,128,1.2,[]
anl15_gr_12_m_1m_chg,The weighted 1-month percent change of 12-month forward EPS estimation aggregated within GICS group grouping.,"{'id': 'analyst15', 'name': 'Earnings forecasts'}","{'id': 'analyst', 'name': 'Analyst'}","{'id': 'analyst-analyst-estimates', 'name': 'Analyst Estimates'}",USA,1,TOP3000,MATRIX,0.9991,77,221,1.2,[]
anl15_gr_12_m_3m_chg,The weighted 3-month percent change of 12-month forward EPS estimation aggregated within GICS group grouping.,"{'id': 'analyst15', 'name': 'Earnings forecasts'}","{'id': 'analyst', 'name': 'Analyst'}","{'id': 'analyst-analyst-estimates', 'name': 'Analyst Estimates'}",USA,1,TOP3000,MATRIX,0.9992,52,638,1.2,[]
anl15_gr_12_m_6m_chg,The weighted 6-month percent change of 12-month forward EPS estimation aggregated within GICS group grouping.,"{'id': 'analyst15', 'name': 'Earnings forecasts'}","{'id': 'analyst', 'name': 'Analyst'}","{'id': 'analyst-analyst-estimates', 'name': 'Analyst Estimates'}",USA,1,TOP3000,MATRIX,0.9993,51,630,1.2,[]
anl15_gr_12_m_cos,The number of companies with a 12-month forward mean EPS estimation within GICS group grouping.,"{'id': 'analyst15', 'name': 'Earnings forecasts'}","{'id': 'analyst', 'name': 'Analyst'}","{'id': 'analyst-analyst-estimates', 'name': 'Analyst Estimates'}",USA,1,TOP3000,MATRIX,0.9995,52,108,1.2,[]
anl15_gr_12_m_cos_dn,The number of companies for which 12-month forward mean EPS estimation has been lowered from last month within GICS group grouping.,"{'id': 'analyst15', 'name': 'Earnings forecasts'}","{'id': 'analyst', 'name': 'Analyst'}","{'id': 'analyst-analyst-estimates', 'name': 'Analyst Estimates'}",USA,1,TOP3000,MATRIX,0.9993,36,105,1.2,[]
anl15_gr_12_m_cos_up,The number of companies for which 12-month forward mean EPS estimation has been raised from last month within GICS group grouping.,"{'id': 'analyst15', 'name': 'Earnings forecasts'}","{'id': 'analyst', 'name': 'Analyst'}","{'id': 'analyst-analyst-estimates', 'name': 'Analyst Estimates'}",USA,1,TOP3000,MATRIX,0.999,36,390,1.2,[]
anl15_gr_12_m_ests,The 12-month forward pro-rated total number of estimates within GICS group grouping.,"{'id': 'analyst15', 'name': 'Earnings forecasts'}","{'id': 'analyst', 'name': 'Analyst'}","{'id': 'analyst-analyst-estimates', 'name': 'Analyst Estimates'}",USA,1,TOP3000,MATRIX,0.9995,32,60,1.2,[]
anl15_gr_12_m_ests_dn,"Count of unique IDs of industry participants. Industry stands for an aggregate view of all  equity clearance activity for the date, symbol, and transaction type in question.","{'id': 'analyst15', 'name': 'Earnings forecasts'}","{'id': 'analyst', 'name': 'Analyst'}","{'id': 'analyst-analyst-estimates', 'name': 'Analyst Estimates'}",USA,1,TOP3000,MATRIX,0.9981,29,36,1.2,[]
anl15_gr_12_m_ests_up,"Count of unique IDs of industry participants. Industry stands for an aggregate view of all  equity clearance activity for the date, symbol, and transaction type in question.","{'id': 'analyst15', 'name': 'Earnings forecasts'}","{'id': 'analyst', 'name': 'Analyst'}","{'id': 'analyst-analyst-estimates', 'name': 'Analyst Estimates'}",USA,1,TOP3000,MATRIX,0.9961,50,157,1.2,[]
anl15_gr_12_m_gro,The weighted 12-month forward year-over-year growth of EPS estimation aggregated within GICS group grouping.,"{'id': 'analyst15', 'name': 'Earnings forecasts'}","{'id': 'analyst', 'name': 'Analyst'}","{'id': 'analyst-analyst-estimates', 'name': 'Analyst Estimates'}",USA,1,TOP3000,MATRIX,0.9987,44,67,1.2,[]
anl15_gr_12_m_mean,The weighted average of 12-month forward EPS estimation aggregated within GICS group grouping.,"{'id': 'analyst15', 'name': 'Earnings forecasts'}","{'id': 'analyst', 'name': 'Analyst'}","{'id': 'analyst-analyst-estimates', 'name': 'Analyst Estimates'}",USA,1,TOP3000,MATRIX,0.9995,54,242,1.2,[]
anl15_gr_12_m_mktcap,The total market capitalization for the companies aggregated within GICS group grouping with a 12-month forward mean price estimation.,"{'id': 'analyst15', 'name': 'Earnings forecasts'}","{'id': 'analyst', 'name': 'Analyst'}","{'id': 'analyst-analyst-estimates', 'name': 'Analyst Estimates'}",USA,1,TOP3000,MATRIX,0.9995,36,546,1.2,[]
anl15_gr_12_m_pe,The weighted average price/earnings ratio based on 12 month forward EPS estimation aggregated within GICS group grouping.,"{'id': 'analyst15', 'name': 'Earnings forecasts'}","{'id': 'analyst', 'name': 'Analyst'}","{'id': 'analyst-analyst-estimates', 'name': 'Analyst Estimates'}",USA,1,TOP3000,MATRIX,0.9991,48,546,1.2,[]
anl15_gr_12_m_st_dev,The weighted average standard deviation of 12-month forward EPS estimation aggregated within GICS group grouping.,"{'id': 'analyst15', 'name': 'Earnings forecasts'}","{'id': 'analyst', 'name': 'Analyst'}","{'id': 'analyst-analyst-estimates', 'name': 'Analyst Estimates'}",USA,1,TOP3000,MATRIX,0.9995,54,413,1.2,[]
anl15_gr_12_m_total,The total of 12-month forward earnings estimation aggregated within GICS group grouping.,"{'id': 'analyst15', 'name': 'Earnings forecasts'}","{'id': 'analyst', 'name': 'Analyst'}","{'id': 'analyst-analyst-estimates', 'name': 'Analyst Estimates'}",USA,1,TOP3000,MATRIX,0.9995,58,150,1.2,[]
anl15_gr_12_m_tr_mean,The weighted average of 12-month trailing EPS aggregated within GICS group grouping.,"{'id': 'analyst15', 'name': 'Earnings forecasts'}","{'id': 'analyst', 'name': 'Analyst'}","{'id': 'analyst-analyst-estimates', 'name': 'Analyst Estimates'}",USA,1,TOP3000,MATRIX,0.9995,23,33,1.2,[]
anl15_gr_18_m_1m_chg,The weighted 1-month percent change of 18-month forward EPS estimation aggregated within GICS group grouping.,"{'id': 'analyst15', 'name': 'Earnings forecasts'}","{'id': 'analyst', 'name': 'Analyst'}","{'id': 'analyst-analyst-estimates', 'name': 'Analyst Estimates'}",USA,1,TOP3000,MATRIX,0.9986,30,93,1.2,[]
anl15_gr_18_m_3m_chg,The weighted 3-month percent change of 18-month forward EPS estimation aggregated within GICS group grouping.,"{'id': 'analyst15', 'name': 'Earnings forecasts'}","{'id': 'analyst', 'name': 'Analyst'}","{'id': 'analyst-analyst-estimates', 'name': 'Analyst Estimates'}",USA,1,TOP3000,MATRIX,0.9987,40,104,1.2,[]
anl15_gr_18_m_6m_chg,The weighted 6-month percent change of 18-month forward EPS estimation aggregated within GICS group grouping.,"{'id': 'analyst15', 'name': 'Earnings forecasts'}","{'id': 'analyst', 'name': 'Analyst'}","{'id': 'analyst-analyst-estimates', 'name': 'Analyst Estimates'}",USA,1,TOP3000,MATRIX,0.9988,51,545,1.2,[]
anl15_gr_18_m_cos,The number of companies with an 18-month forward mean EPS estimation within GICS group grouping.,"{'id': 'analyst15', 'name': 'Earnings forecasts'}","{'id': 'analyst', 'name': 'Analyst'}","{'id': 'analyst-analyst-estimates', 'name': 'Analyst Estimates'}",USA,1,TOP3000,MATRIX,0.999,40,82,1.2,[]
anl15_gr_18_m_cos_dn,The number of companies for which 18-month forward mean EPS estimation has been lowered from last month within GICS group grouping.,"{'id': 'analyst15', 'name': 'Earnings forecasts'}","{'id': 'analyst', 'name': 'Analyst'}","{'id': 'analyst-analyst-estimates', 'name': 'Analyst Estimates'}",USA,1,TOP3000,MATRIX,0.9984,21,212,1.2,[]
anl15_gr_18_m_cos_up,The number of companies for which 18-month forward mean EPS estimation has been raised from last month within GICS group grouping.,"{'id': 'analyst15', 'name': 'Earnings forecasts'}","{'id': 'analyst', 'name': 'Analyst'}","{'id': 'analyst-analyst-estimates', 'name': 'Analyst Estimates'}",USA,1,TOP3000,MATRIX,0.9979,20,213,1.2,[]
anl15_gr_18_m_ests,The 18-month forward pro-rated total number of estimates within GICS group grouping.,"{'id': 'analyst15', 'name': 'Earnings forecasts'}","{'id': 'analyst', 'name': 'Analyst'}","{'id': 'analyst-analyst-estimates', 'name': 'Analyst Estimates'}",USA,1,TOP3000,MATRIX,0.999,28,89,1.2,[]
anl15_gr_18_m_ests_dn,"Count of unique IDs of industry participants. Industry stands for an aggregate view of all  equity clearance activity for the date, symbol, and transaction type in question.","{'id': 'analyst15', 'name': 'Earnings forecasts'}","{'id': 'analyst', 'name': 'Analyst'}","{'id': 'analyst-analyst-estimates', 'name': 'Analyst Estimates'}",USA,1,TOP3000,MATRIX,0.9971,24,58,1.2,[]
anl15_gr_18_m_ests_up,"Count of unique IDs of industry participants. Industry stands for an aggregate view of all  equity clearance activity for the date, symbol, and transaction type in question.","{'id': 'analyst15', 'name': 'Earnings forecasts'}","{'id': 'analyst', 'name': 'Analyst'}","{'id': 'analyst-analyst-estimates', 'name': 'Analyst Estimates'}",USA,1,TOP3000,MATRIX,0.9955,36,82,1.2,[]
anl15_gr_18_m_gro,The weighted 18-month forward year-over-year growth of EPS estimation aggregated within GICS group grouping.,"{'id': 'analyst15', 'name': 'Earnings forecasts'}","{'id': 'analyst', 'name': 'Analyst'}","{'id': 'analyst-analyst-estimates', 'name': 'Analyst Estimates'}",USA,1,TOP3000,MATRIX,0.9981,52,86,1.2,[]
anl15_gr_18_m_mean,The weighted average of 18-month forward EPS estimation aggregated within GICS group grouping.,"{'id': 'analyst15', 'name': 'Earnings forecasts'}","{'id': 'analyst', 'name': 'Analyst'}","{'id': 'analyst-analyst-estimates', 'name': 'Analyst Estimates'}",USA,1,TOP3000,MATRIX,0.999,90,1811,1.2,[]
anl15_gr_18_m_mktcap,The total market capitalization for the companies aggregated within GICS group grouping with an 18-month forward mean price estimation.,"{'id': 'analyst15', 'name': 'Earnings forecasts'}","{'id': 'analyst', 'name': 'Analyst'}","{'id': 'analyst-analyst-estimates', 'name': 'Analyst Estimates'}",USA,1,TOP3000,MATRIX,0.999,32,434,1.2,[]
anl15_gr_18_m_pe,The weighted average Price/Earnings ratio based on 18-month forward EPS estimation aggregated within GICS group grouping.,"{'id': 'analyst15', 'name': 'Earnings forecasts'}","{'id': 'analyst', 'name': 'Analyst'}","{'id': 'analyst-analyst-estimates', 'name': 'Analyst Estimates'}",USA,1,TOP3000,MATRIX,0.9988,64,120,1.2,[]
anl15_gr_18_m_st_dev,The weighted average standard deviation of 18 month forward EPS estimation aggregated within GICS group grouping.,"{'id': 'analyst15', 'name': 'Earnings forecasts'}","{'id': 'analyst', 'name': 'Analyst'}","{'id': 'analyst-analyst-estimates', 'name': 'Analyst Estimates'}",USA,1,TOP3000,MATRIX,0.999,30,46,1.2,[]
anl15_gr_18_m_total,The total of 18-month forward earnings estimation aggregated within GICS group grouping.,"{'id': 'analyst15', 'name': 'Earnings forecasts'}","{'id': 'analyst', 'name': 'Analyst'}","{'id': 'analyst-analyst-estimates', 'name': 'Analyst Estimates'}",USA,1,TOP3000,MATRIX,0.999,44,227,1.2,[]
anl15_gr_cal_fy0_gro,The weighted year-over-year growth of EPS estimation for the current calendarized fiscal year aggregated within GICS group grouping.,"{'id': 'analyst15', 'name': 'Earnings forecasts'}","{'id': 'analyst', 'name': 'Analyst'}","{'id': 'analyst-analyst-estimates', 'name': 'Analyst Estimates'}",USA,1,TOP3000,MATRIX,0.9923,78,492,1.2,[]
anl15_gr_cal_fy0_pe,The weighted average price/earnings ratio based on EPS estimation for the current calendarized fiscal year aggregated within GICS group grouping.,"{'id': 'analyst15', 'name': 'Earnings forecasts'}","{'id': 'analyst', 'name': 'Analyst'}","{'id': 'analyst-analyst-estimates', 'name': 'Analyst Estimates'}",USA,1,TOP3000,MATRIX,0.9934,28,41,1.2,[]
anl15_gr_cal_fy0_total,The total of earnings estimation for the current calendarized fiscal year aggregated within GICS group grouping.,"{'id': 'analyst15', 'name': 'Earnings forecasts'}","{'id': 'analyst', 'name': 'Analyst'}","{'id': 'analyst-analyst-estimates', 'name': 'Analyst Estimates'}",USA,1,TOP3000,MATRIX,0.9995,11,24,1.2,[]
anl15_gr_cal_fy0_val,The weighted average of EPS estimation for the current calendarized fiscal year aggregated within GICS group grouping.,"{'id': 'analyst15', 'name': 'Earnings forecasts'}","{'id': 'analyst', 'name': 'Analyst'}","{'id': 'analyst-analyst-estimates', 'name': 'Analyst Estimates'}",USA,1,TOP3000,MATRIX,0.9995,46,96,1.2,[]
anl15_gr_cal_fy1_1m_chg,The weighted 1-month percent change of EPS estimation for the calendarized 1 fiscal year aggregated within GICS group grouping.,"{'id': 'analyst15', 'name': 'Earnings forecasts'}","{'id': 'analyst', 'name': 'Analyst'}","{'id': 'analyst-analyst-estimates', 'name': 'Analyst Estimates'}",USA,1,TOP3000,MATRIX,0.9986,28,54,1.2,[]
anl15_gr_cal_fy1_3m_chg,The weighted 3-month percent change of EPS estimation for the calendarized 1 fiscal year aggregated within GICS group grouping.,"{'id': 'analyst15', 'name': 'Earnings forecasts'}","{'id': 'analyst', 'name': 'Analyst'}","{'id': 'analyst-analyst-estimates', 'name': 'Analyst Estimates'}",USA,1,TOP3000,MATRIX,0.9989,17,200,1.2,[]
anl15_gr_cal_fy1_6m_chg,The weighted six-month percent change of EPS estimation for the calendarized one fiscal year aggregated within GICS group grouping.,"{'id': 'analyst15', 'name': 'Earnings forecasts'}","{'id': 'analyst', 'name': 'Analyst'}","{'id': 'analyst-analyst-estimates', 'name': 'Analyst Estimates'}",USA,1,TOP3000,MATRIX,0.999,30,385,1.2,[]
anl15_gr_cal_fy1_cos,The number of companies with a calendarized 1 fiscal year EPS estimation within GICS group grouping.,"{'id': 'analyst15', 'name': 'Earnings forecasts'}","{'id': 'analyst', 'name': 'Analyst'}","{'id': 'analyst-analyst-estimates', 'name': 'Analyst Estimates'}",USA,1,TOP3000,MATRIX,0.9995,43,70,1.2,[]
anl15_gr_cal_fy1_ests,The total number of calendarized 1 fiscal year EPS estimation within GICS group grouping.,"{'id': 'analyst15', 'name': 'Earnings forecasts'}","{'id': 'analyst', 'name': 'Analyst'}","{'id': 'analyst-analyst-estimates', 'name': 'Analyst Estimates'}",USA,1,TOP3000,MATRIX,0.9995,34,65,1.2,[]
anl15_gr_cal_fy1_gro,The weighted year-over-year growth of EPS estimation for the calendarized 1 fiscal year aggregated within GICS group grouping.,"{'id': 'analyst15', 'name': 'Earnings forecasts'}","{'id': 'analyst', 'name': 'Analyst'}","{'id': 'analyst-analyst-estimates', 'name': 'Analyst Estimates'}",USA,1,TOP3000,MATRIX,0.9939,33,113,1.2,[]
anl15_gr_cal_fy1_mean,The weighted average of EPS estimation for the calendarized 1 fiscal year aggregated within GICS group grouping.,"{'id': 'analyst15', 'name': 'Earnings forecasts'}","{'id': 'analyst', 'name': 'Analyst'}","{'id': 'analyst-analyst-estimates', 'name': 'Analyst Estimates'}",USA,1,TOP3000,MATRIX,0.9995,40,73,1.2,[]
anl15_gr_cal_fy1_mktcap,The total market capitalization for the companies aggregated within GICS group grouping with a calendarized 1 fiscal year mean price estimation.,"{'id': 'analyst15', 'name': 'Earnings forecasts'}","{'id': 'analyst', 'name': 'Analyst'}","{'id': 'analyst-analyst-estimates', 'name': 'Analyst Estimates'}",USA,1,TOP3000,MATRIX,0.9995,28,57,1.2,[]
anl15_gr_cal_fy1_pe,The weighted average Price/Earnings ratio based on EPS estimation for the calendarized 1 fiscal year aggregated within GICS group grouping.,"{'id': 'analyst15', 'name': 'Earnings forecasts'}","{'id': 'analyst', 'name': 'Analyst'}","{'id': 'analyst-analyst-estimates', 'name': 'Analyst Estimates'}",USA,1,TOP3000,MATRIX,0.9986,22,53,1.2,[]
anl15_gr_cal_fy1_st_dev,The weighted average standard deviation of EPS estimation for the calendarized one fiscal year aggregated within GICS group grouping.,"{'id': 'analyst15', 'name': 'Earnings forecasts'}","{'id': 'analyst', 'name': 'Analyst'}","{'id': 'analyst-analyst-estimates', 'name': 'Analyst Estimates'}",USA,1,TOP3000,MATRIX,0.9995,29,75,1.2,[]
anl15_gr_cal_fy1_total,The total of earnings estimation for the calendarized 1 fiscal year aggregated within GICS group grouping.,"{'id': 'analyst15', 'name': 'Earnings forecasts'}","{'id': 'analyst', 'name': 'Analyst'}","{'id': 'analyst-analyst-estimates', 'name': 'Analyst Estimates'}",USA,1,TOP3000,MATRIX,0.9995,29,52,1.2,[]
anl15_gr_cal_fy2_1m_chg,The weighted 1-month percent change of EPS estimation for the calendarized 2 fiscal year aggregated within GICS group grouping.,"{'id': 'analyst15', 'name': 'Earnings forecasts'}","{'id': 'analyst', 'name': 'Analyst'}","{'id': 'analyst-analyst-estimates', 'name': 'Analyst Estimates'}",USA,1,TOP3000,MATRIX,0.9992,14,195,1.2,[]
anl15_gr_cal_fy2_3m_chg,The weighted 3-month percent change of EPS estimation for the calendarized 2 fiscal years aggregated within GICS group grouping.,"{'id': 'analyst15', 'name': 'Earnings forecasts'}","{'id': 'analyst', 'name': 'Analyst'}","{'id': 'analyst-analyst-estimates', 'name': 'Analyst Estimates'}",USA,1,TOP3000,MATRIX,0.9994,33,318,1.2,[]
anl15_gr_cal_fy2_6m_chg,The weighted 6-month percent change of EPS estimation for the calendarized 2 fiscal years aggregated within GICS group grouping.,"{'id': 'analyst15', 'name': 'Earnings forecasts'}","{'id': 'analyst', 'name': 'Analyst'}","{'id': 'analyst-analyst-estimates', 'name': 'Analyst Estimates'}",USA,1,TOP3000,MATRIX,0.9993,52,118,1.2,[]
anl15_gr_cal_fy2_cos,The number of companies with a calendarized 2 fiscal year EPS estimation within GICS group grouping.,"{'id': 'analyst15', 'name': 'Earnings forecasts'}","{'id': 'analyst', 'name': 'Analyst'}","{'id': 'analyst-analyst-estimates', 'name': 'Analyst Estimates'}",USA,1,TOP3000,MATRIX,0.9995,35,67,1.2,[]
anl15_gr_cal_fy2_ests,The total number of calendarized 2 fiscal year EPS estimation within GICS group grouping.,"{'id': 'analyst15', 'name': 'Earnings forecasts'}","{'id': 'analyst', 'name': 'Analyst'}","{'id': 'analyst-analyst-estimates', 'name': 'Analyst Estimates'}",USA,1,TOP3000,MATRIX,0.9995,24,39,1.2,[]
anl15_gr_cal_fy2_gro,The weighted year over year growth of EPS estimation for the calendarized 2 fiscal year aggregated within GICS group grouping.,"{'id': 'analyst15', 'name': 'Earnings forecasts'}","{'id': 'analyst', 'name': 'Analyst'}","{'id': 'analyst-analyst-estimates', 'name': 'Analyst Estimates'}",USA,1,TOP3000,MATRIX,0.9986,69,396,1.2,[]
anl15_gr_cal_fy2_mean,The weighted average of EPS estimation for the calendarized 2 fiscal years aggregated within GICS group grouping.,"{'id': 'analyst15', 'name': 'Earnings forecasts'}","{'id': 'analyst', 'name': 'Analyst'}","{'id': 'analyst-analyst-estimates', 'name': 'Analyst Estimates'}",USA,1,TOP3000,MATRIX,0.9995,41,87,1.2,[]
anl15_gr_cal_fy2_mktcap,The total market capitalization for the companies aggregated within GICS group grouping with a calendarized 2 fiscal year mean price estimation.,"{'id': 'analyst15', 'name': 'Earnings forecasts'}","{'id': 'analyst', 'name': 'Analyst'}","{'id': 'analyst-analyst-estimates', 'name': 'Analyst Estimates'}",USA,1,TOP3000,MATRIX,0.9995,40,96,1.2,[]
anl15_gr_cal_fy2_pe,The weighted average price/earnings ratio based on EPS estimation for the calendarized 2 fiscal years aggregated within GICS group grouping.,"{'id': 'analyst15', 'name': 'Earnings forecasts'}","{'id': 'analyst', 'name': 'Analyst'}","{'id': 'analyst-analyst-estimates', 'name': 'Analyst Estimates'}",USA,1,TOP3000,MATRIX,0.9992,42,69,1.2,[]
anl15_gr_cal_fy2_st_dev,The weighted average standard deviation of EPS estimation for the calendarized two fiscal years aggregated within GICS group grouping.,"{'id': 'analyst15', 'name': 'Earnings forecasts'}","{'id': 'analyst', 'name': 'Analyst'}","{'id': 'analyst-analyst-estimates', 'name': 'Analyst Estimates'}",USA,1,TOP3000,MATRIX,0.9995,36,110,1.2,[]
anl15_gr_cal_fy2_total,The total of earnings estimation for the calendarized 2 fiscal years aggregated within GICS group grouping.,"{'id': 'analyst15', 'name': 'Earnings forecasts'}","{'id': 'analyst', 'name': 'Analyst'}","{'id': 'analyst-analyst-estimates', 'name': 'Analyst Estimates'}",USA,1,TOP3000,MATRIX,0.9995,20,47,1.2,[]
anl15_gr_cal_fy3_1m_chg,The weighted 1-month percent change of EPS estimation for the calendarized 3-fiscal year aggregated within GICS group grouping.,"{'id': 'analyst15', 'name': 'Earnings forecasts'}","{'id': 'analyst', 'name': 'Analyst'}","{'id': 'analyst-analyst-estimates', 'name': 'Analyst Estimates'}",USA,1,TOP3000,MATRIX,0.9958,50,175,1.2,[]
anl15_gr_cal_fy3_3m_chg,The weighted 3-month percent change of EPS estimation for the calendarized 3 fiscal years aggregated within GICS group grouping.,"{'id': 'analyst15', 'name': 'Earnings forecasts'}","{'id': 'analyst', 'name': 'Analyst'}","{'id': 'analyst-analyst-estimates', 'name': 'Analyst Estimates'}",USA,1,TOP3000,MATRIX,0.9944,30,66,1.2,[]
anl15_gr_cal_fy3_6m_chg,The weighted 6-month percent change of EPS estimation for the calendarized 3 fiscal years aggregated within GICS group grouping.,"{'id': 'analyst15', 'name': 'Earnings forecasts'}","{'id': 'analyst', 'name': 'Analyst'}","{'id': 'analyst-analyst-estimates', 'name': 'Analyst Estimates'}",USA,1,TOP3000,MATRIX,0.9868,40,98,1.2,[]
anl15_gr_cal_fy3_cos,The number of companies with a calendarized 3 fiscal year EPS estimation within GICS group grouping.,"{'id': 'analyst15', 'name': 'Earnings forecasts'}","{'id': 'analyst', 'name': 'Analyst'}","{'id': 'analyst-analyst-estimates', 'name': 'Analyst Estimates'}",USA,1,TOP3000,MATRIX,0.9978,34,462,1.2,[]
anl15_gr_cal_fy3_ests,The total number of calendarized 3 fiscal year EPS estimation within GICS group grouping.,"{'id': 'analyst15', 'name': 'Earnings forecasts'}","{'id': 'analyst', 'name': 'Analyst'}","{'id': 'analyst-analyst-estimates', 'name': 'Analyst Estimates'}",USA,1,TOP3000,MATRIX,0.9978,37,256,1.2,[]
anl15_gr_cal_fy3_gro,The weighted year-over-year growth of EPS estimation for the calendarized 3 fiscal years aggregated within GICS group grouping.,"{'id': 'analyst15', 'name': 'Earnings forecasts'}","{'id': 'analyst', 'name': 'Analyst'}","{'id': 'analyst-analyst-estimates', 'name': 'Analyst Estimates'}",USA,1,TOP3000,MATRIX,0.997,31,172,1.2,[]
anl15_gr_cal_fy3_mean,The weighted average of EPS estimation for the calendarized 3 fiscal years aggregated within GICS group grouping.,"{'id': 'analyst15', 'name': 'Earnings forecasts'}","{'id': 'analyst', 'name': 'Analyst'}","{'id': 'analyst-analyst-estimates', 'name': 'Analyst Estimates'}",USA,1,TOP3000,MATRIX,0.9978,23,183,1.2,[]
anl15_gr_cal_fy3_mktcap,The total market capitalization for the companies aggregated within GICS group grouping with a calendarized 3 fiscal year mean price estimation.,"{'id': 'analyst15', 'name': 'Earnings forecasts'}","{'id': 'analyst', 'name': 'Analyst'}","{'id': 'analyst-analyst-estimates', 'name': 'Analyst Estimates'}",USA,1,TOP3000,MATRIX,0.9978,17,17,1.2,[]
anl15_gr_cal_fy3_pe,The weighted average price/earnings ratio based on EPS estimation for the calendarized 3 fiscal years aggregated within GICS group grouping.,"{'id': 'analyst15', 'name': 'Earnings forecasts'}","{'id': 'analyst', 'name': 'Analyst'}","{'id': 'analyst-analyst-estimates', 'name': 'Analyst Estimates'}",USA,1,TOP3000,MATRIX,0.9978,37,84,1.2,[]
anl15_gr_cal_fy3_st_dev,The weighted average standard deviation of EPS estimation for the calendarized 3 fiscal year aggregated within GICS group grouping.,"{'id': 'analyst15', 'name': 'Earnings forecasts'}","{'id': 'analyst', 'name': 'Analyst'}","{'id': 'analyst-analyst-estimates', 'name': 'Analyst Estimates'}",USA,1,TOP3000,MATRIX,0.995,25,63,1.2,[]
anl15_gr_cal_fy3_total,The total of earnings estimation for the calendarized 3 fiscal year aggregated within GICS group grouping.,"{'id': 'analyst15', 'name': 'Earnings forecasts'}","{'id': 'analyst', 'name': 'Analyst'}","{'id': 'analyst-analyst-estimates', 'name': 'Analyst Estimates'}",USA,1,TOP3000,MATRIX,0.9978,18,32,1.2,[]
anl15_gr_div_cos,The number of companies for which indicated annual dividend data is available within GICS group grouping.,"{'id': 'analyst15', 'name': 'Earnings forecasts'}","{'id': 'analyst', 'name': 'Analyst'}","{'id': 'analyst-analyst-estimates', 'name': 'Analyst Estimates'}",USA,1,TOP3000,MATRIX,0.9995,15,395,1.2,[]
anl15_gr_divyld,The weighted average dividend yield aggregated within GICS group grouping.,"{'id': 'analyst15', 'name': 'Earnings forecasts'}","{'id': 'analyst', 'name': 'Analyst'}","{'id': 'analyst-analyst-estimates', 'name': 'Analyst Estimates'}",USA,1,TOP3000,MATRIX,0.9995,12,207,1.2,[]
anl15_gr_fy1_cos_dn,The number of companies for which EPS estimation for the calendarized 1 fiscal year has been lowered from last month within GICS group grouping.,"{'id': 'analyst15', 'name': 'Earnings forecasts'}","{'id': 'analyst', 'name': 'Analyst'}","{'id': 'analyst-analyst-estimates', 'name': 'Analyst Estimates'}",USA,1,TOP3000,MATRIX,0.9994,41,86,1.2,[]
anl15_gr_fy1_cos_up,The number of companies for which EPS estimation for the calendarized 1 fiscal year has been raised from last month within GICS group grouping.,"{'id': 'analyst15', 'name': 'Earnings forecasts'}","{'id': 'analyst', 'name': 'Analyst'}","{'id': 'analyst-analyst-estimates', 'name': 'Analyst Estimates'}",USA,1,TOP3000,MATRIX,0.999,47,283,1.2,[]
anl15_gr_fy1_ests_dn,"Count of unique IDs of industry participants. Industry stands for an aggregate view of all  equity clearance activity for the date, symbol, and transaction type in question.","{'id': 'analyst15', 'name': 'Earnings forecasts'}","{'id': 'analyst', 'name': 'Analyst'}","{'id': 'analyst-analyst-estimates', 'name': 'Analyst Estimates'}",USA,1,TOP3000,MATRIX,0.9994,39,105,1.2,[]
anl15_gr_fy1_ests_up,"Count of unique IDs of industry participants. Industry stands for an aggregate view of all  equity clearance activity for the date, symbol, and transaction type in question.","{'id': 'analyst15', 'name': 'Earnings forecasts'}","{'id': 'analyst', 'name': 'Analyst'}","{'id': 'analyst-analyst-estimates', 'name': 'Analyst Estimates'}",USA,1,TOP3000,MATRIX,0.9993,17,49,1.2,[]
anl15_gr_fy2_cos_dn,The number of companies for which EPS estimation for the calendarized 2 fiscal year has been lowered from last month within GICS group grouping.,"{'id': 'analyst15', 'name': 'Earnings forecasts'}","{'id': 'analyst', 'name': 'Analyst'}","{'id': 'analyst-analyst-estimates', 'name': 'Analyst Estimates'}",USA,1,TOP3000,MATRIX,0.9995,38,78,1.2,[]
anl15_gr_fy2_cos_up,The number of companies for which EPS estimation for the calendarized 2 fiscal year has been raised from last month within GICS group grouping.,"{'id': 'analyst15', 'name': 'Earnings forecasts'}","{'id': 'analyst', 'name': 'Analyst'}","{'id': 'analyst-analyst-estimates', 'name': 'Analyst Estimates'}",USA,1,TOP3000,MATRIX,0.9978,16,52,1.2,[]
anl15_gr_fy2_ests_dn,"Count of unique IDs of industry participants. Industry stands for an aggregate view of all  equity clearance activity for the date, symbol, and transaction type in question.","{'id': 'analyst15', 'name': 'Earnings forecasts'}","{'id': 'analyst', 'name': 'Analyst'}","{'id': 'analyst-analyst-estimates', 'name': 'Analyst Estimates'}",USA,1,TOP3000,MATRIX,0.9989,18,65,1.2,[]
anl15_gr_fy2_ests_up,"Count of unique IDs of industry participants. Industry stands for an aggregate view of all  equity clearance activity for the date, symbol, and transaction type in question.","{'id': 'analyst15', 'name': 'Earnings forecasts'}","{'id': 'analyst', 'name': 'Analyst'}","{'id': 'analyst-analyst-estimates', 'name': 'Analyst Estimates'}",USA,1,TOP3000,MATRIX,0.998,33,167,1.2,[]
anl15_gr_fy3_cos_dn,The number of companies for which EPS estimation for the calendarized 3 fiscal year has been lowered from last month within GICS group grouping.,"{'id': 'analyst15', 'name': 'Earnings forecasts'}","{'id': 'analyst', 'name': 'Analyst'}","{'id': 'analyst-analyst-estimates', 'name': 'Analyst Estimates'}",USA,1,TOP3000,MATRIX,0.9938,34,335,1.2,[]
anl15_gr_fy3_cos_up,The number of companies for which EPS estimation for the calendarized 3 fiscal years has been raised from last month within GICS group grouping.,"{'id': 'analyst15', 'name': 'Earnings forecasts'}","{'id': 'analyst', 'name': 'Analyst'}","{'id': 'analyst-analyst-estimates', 'name': 'Analyst Estimates'}",USA,1,TOP3000,MATRIX,0.9918,25,320,1.2,[]
anl15_gr_fy3_ests_dn,"Count of unique IDs of industry participants. Industry stands for an aggregate view of all  equity clearance activity for the date, symbol, and transaction type in question.","{'id': 'analyst15', 'name': 'Earnings forecasts'}","{'id': 'analyst', 'name': 'Analyst'}","{'id': 'analyst-analyst-estimates', 'name': 'Analyst Estimates'}",USA,1,TOP3000,MATRIX,0.9891,54,603,1.2,[]
anl15_gr_fy3_ests_up,"Count of unique IDs of industry participants. Industry stands for an aggregate view of all  equity clearance activity for the date, symbol, and transaction type in question.","{'id': 'analyst15', 'name': 'Earnings forecasts'}","{'id': 'analyst', 'name': 'Analyst'}","{'id': 'analyst-analyst-estimates', 'name': 'Analyst Estimates'}",USA,1,TOP3000,MATRIX,0.9908,48,368,1.2,[]
anl15_gr_hist_eps_gro,The weighted annual EPS growth rate over the past 5 years aggregated within GICS group grouping.,"{'id': 'analyst15', 'name': 'Earnings forecasts'}","{'id': 'analyst', 'name': 'Analyst'}","{'id': 'analyst-analyst-estimates', 'name': 'Analyst Estimates'}",USA,1,TOP3000,MATRIX,0.9995,81,727,1.2,[]
anl15_gr_ltg_1m_chg,The weighted 1-month percent change of long-term growth EPS estimation aggregated within GICS group grouping.,"{'id': 'analyst15', 'name': 'Earnings forecasts'}","{'id': 'analyst', 'name': 'Analyst'}","{'id': 'analyst-analyst-estimates', 'name': 'Analyst Estimates'}",USA,1,TOP3000,MATRIX,0.9948,39,95,1.2,[]
anl15_gr_ltg_3m_chg,The weighted 3-month percent change of long-term growth EPS estimation aggregated within GICS group grouping.,"{'id': 'analyst15', 'name': 'Earnings forecasts'}","{'id': 'analyst', 'name': 'Analyst'}","{'id': 'analyst-analyst-estimates', 'name': 'Analyst Estimates'}",USA,1,TOP3000,MATRIX,0.9947,39,543,1.2,[]
anl15_gr_ltg_6m_chg,The weighted 6-month percent change of long-term growth EPS estimation aggregated within GICS group grouping.,"{'id': 'analyst15', 'name': 'Earnings forecasts'}","{'id': 'analyst', 'name': 'Analyst'}","{'id': 'analyst-analyst-estimates', 'name': 'Analyst Estimates'}",USA,1,TOP3000,MATRIX,0.9945,33,158,1.2,[]
anl15_gr_ltg_cos,The number of companies with a long-term growth EPS estimation within GICS group grouping.,"{'id': 'analyst15', 'name': 'Earnings forecasts'}","{'id': 'analyst', 'name': 'Analyst'}","{'id': 'analyst-analyst-estimates', 'name': 'Analyst Estimates'}",USA,1,TOP3000,MATRIX,0.9977,36,95,1.2,[]
anl15_gr_ltg_cos_dn,The number of companies for which long-term growth EPS estimation has been lowered from last month within GICS group grouping.,"{'id': 'analyst15', 'name': 'Earnings forecasts'}","{'id': 'analyst', 'name': 'Analyst'}","{'id': 'analyst-analyst-estimates', 'name': 'Analyst Estimates'}",USA,1,TOP3000,MATRIX,0.9965,11,31,1.2,[]
anl15_gr_ltg_cos_up,The number of companies for which long-term growth EPS estimation has been raised from last month within GICS group grouping.,"{'id': 'analyst15', 'name': 'Earnings forecasts'}","{'id': 'analyst', 'name': 'Analyst'}","{'id': 'analyst-analyst-estimates', 'name': 'Analyst Estimates'}",USA,1,TOP3000,MATRIX,0.9957,28,217,1.2,[]
anl15_gr_ltg_ests,The total number of long-term growth EPS estimations within GICS group grouping.,"{'id': 'analyst15', 'name': 'Earnings forecasts'}","{'id': 'analyst', 'name': 'Analyst'}","{'id': 'analyst-analyst-estimates', 'name': 'Analyst Estimates'}",USA,1,TOP3000,MATRIX,0.9977,71,224,1.2,[]
anl15_gr_ltg_ests_dn,"Count of unique IDs of industry participants. Industry stands for an aggregate view of all  equity clearance activity for the date, symbol, and transaction type in question.","{'id': 'analyst15', 'name': 'Earnings forecasts'}","{'id': 'analyst', 'name': 'Analyst'}","{'id': 'analyst-analyst-estimates', 'name': 'Analyst Estimates'}",USA,1,TOP3000,MATRIX,0.9899,31,48,1.2,[]
anl15_gr_ltg_ests_up,"Count of unique IDs of industry participants. Industry stands for an aggregate view of all  equity clearance activity for the date, symbol, and transaction type in question.","{'id': 'analyst15', 'name': 'Earnings forecasts'}","{'id': 'analyst', 'name': 'Analyst'}","{'id': 'analyst-analyst-estimates', 'name': 'Analyst Estimates'}",USA,1,TOP3000,MATRIX,0.9869,45,128,1.2,[]
anl15_gr_ltg_mdn,The weighted average of long-term growth EPS estimation aggregated within GICS group grouping.,"{'id': 'analyst15', 'name': 'Earnings forecasts'}","{'id': 'analyst', 'name': 'Analyst'}","{'id': 'analyst-analyst-estimates', 'name': 'Analyst Estimates'}",USA,1,TOP3000,MATRIX,0.9977,34,95,1.2,[]
anl15_gr_ltg_mktcap,The total market capitalization for the companies aggregated within GICS group grouping with a long-term growth price estimation.,"{'id': 'analyst15', 'name': 'Earnings forecasts'}","{'id': 'analyst', 'name': 'Analyst'}","{'id': 'analyst-analyst-estimates', 'name': 'Analyst Estimates'}",USA,1,TOP3000,MATRIX,0.9977,22,34,1.2,[]
anl15_gr_ltg_st_dev,The weighted average standard deviation of long-term growth EPS estimation aggregated within GICS group grouping.,"{'id': 'analyst15', 'name': 'Earnings forecasts'}","{'id': 'analyst', 'name': 'Analyst'}","{'id': 'analyst-analyst-estimates', 'name': 'Analyst Estimates'}",USA,1,TOP3000,MATRIX,0.9976,29,235,1.2,[]
anl15_gr_prc,The weighted average price aggregated within GICS group grouping.,"{'id': 'analyst15', 'name': 'Earnings forecasts'}","{'id': 'analyst', 'name': 'Analyst'}","{'id': 'analyst-analyst-estimates', 'name': 'Analyst Estimates'}",USA,1,TOP3000,MATRIX,0.9995,35,260,1.2,[]
anl15_ind_12_m_1m_chg,The weighted 1-month percent change of 12-month forward EPS estimation aggregated within GICS industry grouping.,"{'id': 'analyst15', 'name': 'Earnings forecasts'}","{'id': 'analyst', 'name': 'Analyst'}","{'id': 'analyst-analyst-estimates', 'name': 'Analyst Estimates'}",USA,1,TOP3000,MATRIX,0.9711,68,161,1.2,[]
anl15_ind_12_m_3m_chg,The weighted 3-month percent change of 12-month forward EPS estimation aggregated within GICS industry grouping.,"{'id': 'analyst15', 'name': 'Earnings forecasts'}","{'id': 'analyst', 'name': 'Analyst'}","{'id': 'analyst-analyst-estimates', 'name': 'Analyst Estimates'}",USA,1,TOP3000,MATRIX,0.9716,27,41,1.2,[]
anl15_ind_12_m_6m_chg,The weighted 6-month percent change of 12-month forward EPS estimation aggregated within GICS industry grouping.,"{'id': 'analyst15', 'name': 'Earnings forecasts'}","{'id': 'analyst', 'name': 'Analyst'}","{'id': 'analyst-analyst-estimates', 'name': 'Analyst Estimates'}",USA,1,TOP3000,MATRIX,0.9719,46,104,1.2,[]
anl15_ind_12_m_cos,The number of companies with a 12-month forward mean EPS estimation within GICS industry grouping.,"{'id': 'analyst15', 'name': 'Earnings forecasts'}","{'id': 'analyst', 'name': 'Analyst'}","{'id': 'analyst-analyst-estimates', 'name': 'Analyst Estimates'}",USA,1,TOP3000,MATRIX,0.9738,48,113,1.2,[]
anl15_ind_12_m_cos_dn,The number of companies for which 12-month forward mean EPS estimation has been lowered from last month within GICS industry grouping.,"{'id': 'analyst15', 'name': 'Earnings forecasts'}","{'id': 'analyst', 'name': 'Analyst'}","{'id': 'analyst-analyst-estimates', 'name': 'Analyst Estimates'}",USA,1,TOP3000,MATRIX,0.9673,29,63,1.2,[]
anl15_ind_12_m_cos_up,The number of companies for which 12-month forward mean EPS estimation has been raised from last month within GICS industry grouping.,"{'id': 'analyst15', 'name': 'Earnings forecasts'}","{'id': 'analyst', 'name': 'Analyst'}","{'id': 'analyst-analyst-estimates', 'name': 'Analyst Estimates'}",USA,1,TOP3000,MATRIX,0.9613,33,53,1.2,[]
anl15_ind_12_m_ests,The 12-month forward pro-rated total number of estimates within GICS industry grouping.,"{'id': 'analyst15', 'name': 'Earnings forecasts'}","{'id': 'analyst', 'name': 'Analyst'}","{'id': 'analyst-analyst-estimates', 'name': 'Analyst Estimates'}",USA,1,TOP3000,MATRIX,0.9738,40,79,1.2,[]
anl15_ind_12_m_ests_dn,"Count of unique IDs of industry participants. Industry stands for an aggregate view of all  equity clearance activity for the date, symbol, and transaction type in question.","{'id': 'analyst15', 'name': 'Earnings forecasts'}","{'id': 'analyst', 'name': 'Analyst'}","{'id': 'analyst-analyst-estimates', 'name': 'Analyst Estimates'}",USA,1,TOP3000,MATRIX,0.9661,33,67,1.2,[]
anl15_ind_12_m_ests_up,"Count of unique IDs of industry participants. Industry stands for an aggregate view of all  equity clearance activity for the date, symbol, and transaction type in question.","{'id': 'analyst15', 'name': 'Earnings forecasts'}","{'id': 'analyst', 'name': 'Analyst'}","{'id': 'analyst-analyst-estimates', 'name': 'Analyst Estimates'}",USA,1,TOP3000,MATRIX,0.9641,36,150,1.2,[]
anl15_ind_12_m_gro,The weighted 12-month forward year-over-year growth of EPS estimation aggregated within GICS industry grouping.,"{'id': 'analyst15', 'name': 'Earnings forecasts'}","{'id': 'analyst', 'name': 'Analyst'}","{'id': 'analyst-analyst-estimates', 'name': 'Analyst Estimates'}",USA,1,TOP3000,MATRIX,0.9677,20,159,1.2,[]
anl15_ind_12_m_mean,The weighted average of 12-month forward EPS estimation aggregated within GICS industry grouping.,"{'id': 'analyst15', 'name': 'Earnings forecasts'}","{'id': 'analyst', 'name': 'Analyst'}","{'id': 'analyst-analyst-estimates', 'name': 'Analyst Estimates'}",USA,1,TOP3000,MATRIX,0.9738,24,36,1.2,[]
anl15_ind_12_m_mktcap,The total market capitalization for the companies aggregated within GICS industry grouping with a 12-month forward mean price estimation.,"{'id': 'analyst15', 'name': 'Earnings forecasts'}","{'id': 'analyst', 'name': 'Analyst'}","{'id': 'analyst-analyst-estimates', 'name': 'Analyst Estimates'}",USA,1,TOP3000,MATRIX,0.9738,31,50,1.2,[]
anl15_ind_12_m_pe,The weighted average price/earnings ratio based on 12-month forward EPS estimation aggregated within GICS industry grouping.,"{'id': 'analyst15', 'name': 'Earnings forecasts'}","{'id': 'analyst', 'name': 'Analyst'}","{'id': 'analyst-analyst-estimates', 'name': 'Analyst Estimates'}",USA,1,TOP3000,MATRIX,0.9709,35,128,1.2,[]
anl15_ind_12_m_st_dev,The weighted average standard deviation of 12-month forward EPS estimation aggregated within GICS industry grouping.,"{'id': 'analyst15', 'name': 'Earnings forecasts'}","{'id': 'analyst', 'name': 'Analyst'}","{'id': 'analyst-analyst-estimates', 'name': 'Analyst Estimates'}",USA,1,TOP3000,MATRIX,0.9738,18,24,1.2,[]
anl15_ind_12_m_total,The total of 12-month forward earnings estimation aggregated within GICS industry grouping.,"{'id': 'analyst15', 'name': 'Earnings forecasts'}","{'id': 'analyst', 'name': 'Analyst'}","{'id': 'analyst-analyst-estimates', 'name': 'Analyst Estimates'}",USA,1,TOP3000,MATRIX,0.9738,29,68,1.2,[]
anl15_ind_12_m_tr_mean,The weighted average of 12-month trailing EPS aggregated within GICS industry grouping.,"{'id': 'analyst15', 'name': 'Earnings forecasts'}","{'id': 'analyst', 'name': 'Analyst'}","{'id': 'analyst-analyst-estimates', 'name': 'Analyst Estimates'}",USA,1,TOP3000,MATRIX,0.9738,39,59,1.2,[]
anl15_ind_18_m_1m_chg,The weighted 1 month percent change of 18 month forward EPS estimation aggregated within GICS industry grouping.,"{'id': 'analyst15', 'name': 'Earnings forecasts'}","{'id': 'analyst', 'name': 'Analyst'}","{'id': 'analyst-analyst-estimates', 'name': 'Analyst Estimates'}",USA,1,TOP3000,MATRIX,0.9718,23,95,1.2,[]
anl15_ind_18_m_3m_chg,The weighted 3-month percent change of 18-month forward EPS estimation aggregated within GICS industry grouping.,"{'id': 'analyst15', 'name': 'Earnings forecasts'}","{'id': 'analyst', 'name': 'Analyst'}","{'id': 'analyst-analyst-estimates', 'name': 'Analyst Estimates'}",USA,1,TOP3000,MATRIX,0.9726,22,53,1.2,[]
anl15_ind_18_m_6m_chg,The weighted six-month percent change of 18-month forward EPS estimation aggregated within GICS industry grouping.,"{'id': 'analyst15', 'name': 'Earnings forecasts'}","{'id': 'analyst', 'name': 'Analyst'}","{'id': 'analyst-analyst-estimates', 'name': 'Analyst Estimates'}",USA,1,TOP3000,MATRIX,0.9732,31,61,1.2,[]
anl15_ind_18_m_cos,The number of companies with an 18-month forward mean EPS estimation within GICS industry grouping.,"{'id': 'analyst15', 'name': 'Earnings forecasts'}","{'id': 'analyst', 'name': 'Analyst'}","{'id': 'analyst-analyst-estimates', 'name': 'Analyst Estimates'}",USA,1,TOP3000,MATRIX,0.9738,41,491,1.2,[]
anl15_ind_18_m_cos_dn,The number of companies for which 18-month forward mean EPS estimation has been lowered from last month within GICS industry grouping.,"{'id': 'analyst15', 'name': 'Earnings forecasts'}","{'id': 'analyst', 'name': 'Analyst'}","{'id': 'analyst-analyst-estimates', 'name': 'Analyst Estimates'}",USA,1,TOP3000,MATRIX,0.967,23,28,1.2,[]
anl15_ind_18_m_cos_up,The number of companies for which 18-month forward mean EPS estimation has been raised from last month within GICS industry grouping.,"{'id': 'analyst15', 'name': 'Earnings forecasts'}","{'id': 'analyst', 'name': 'Analyst'}","{'id': 'analyst-analyst-estimates', 'name': 'Analyst Estimates'}",USA,1,TOP3000,MATRIX,0.9622,22,60,1.2,[]
anl15_ind_18_m_ests,The 18-month forward pro-rated total number of estimates within GICS industry grouping.,"{'id': 'analyst15', 'name': 'Earnings forecasts'}","{'id': 'analyst', 'name': 'Analyst'}","{'id': 'analyst-analyst-estimates', 'name': 'Analyst Estimates'}",USA,1,TOP3000,MATRIX,0.9738,69,739,1.2,[]
anl15_ind_18_m_ests_dn,"Count of unique IDs of industry participants. Industry stands for an aggregate view of all  equity clearance activity for the date, symbol, and transaction type in question.","{'id': 'analyst15', 'name': 'Earnings forecasts'}","{'id': 'analyst', 'name': 'Analyst'}","{'id': 'analyst-analyst-estimates', 'name': 'Analyst Estimates'}",USA,1,TOP3000,MATRIX,0.964,26,44,1.2,[]
anl15_ind_18_m_ests_up,"Count of unique IDs of industry participants. Industry stands for an aggregate view of all  equity clearance activity for the date, symbol, and transaction type in question.","{'id': 'analyst15', 'name': 'Earnings forecasts'}","{'id': 'analyst', 'name': 'Analyst'}","{'id': 'analyst-analyst-estimates', 'name': 'Analyst Estimates'}",USA,1,TOP3000,MATRIX,0.9624,27,77,1.2,[]
anl15_ind_18_m_gro,The weighted 18-month forward year-over-year growth of EPS estimation aggregated within GICS industry grouping.,"{'id': 'analyst15', 'name': 'Earnings forecasts'}","{'id': 'analyst', 'name': 'Analyst'}","{'id': 'analyst-analyst-estimates', 'name': 'Analyst Estimates'}",USA,1,TOP3000,MATRIX,0.9697,29,129,1.2,[]
anl15_ind_18_m_mean,The weighted average of 18 month forward EPS estimation aggregated within GICS industry grouping.,"{'id': 'analyst15', 'name': 'Earnings forecasts'}","{'id': 'analyst', 'name': 'Analyst'}","{'id': 'analyst-analyst-estimates', 'name': 'Analyst Estimates'}",USA,1,TOP3000,MATRIX,0.9738,31,44,1.2,[]
anl15_ind_18_m_mktcap,The total market capitalization for the companies aggregated within GICS industry grouping with an 18-month forward mean price estimation.,"{'id': 'analyst15', 'name': 'Earnings forecasts'}","{'id': 'analyst', 'name': 'Analyst'}","{'id': 'analyst-analyst-estimates', 'name': 'Analyst Estimates'}",USA,1,TOP3000,MATRIX,0.9738,33,56,1.2,[]
anl15_ind_18_m_pe,The weighted average price/earnings ratio based on 18-month forward EPS estimation aggregated within GICS industry grouping.,"{'id': 'analyst15', 'name': 'Earnings forecasts'}","{'id': 'analyst', 'name': 'Analyst'}","{'id': 'analyst-analyst-estimates', 'name': 'Analyst Estimates'}",USA,1,TOP3000,MATRIX,0.9719,53,152,1.2,[]
anl15_ind_18_m_st_dev,The weighted average standard deviation of 18-month forward EPS estimation aggregated within GICS industry grouping.,"{'id': 'analyst15', 'name': 'Earnings forecasts'}","{'id': 'analyst', 'name': 'Analyst'}","{'id': 'analyst-analyst-estimates', 'name': 'Analyst Estimates'}",USA,1,TOP3000,MATRIX,0.9738,58,204,1.2,[]
anl15_ind_18_m_total,The total of 18-month forward earnings estimation aggregated within GICS industry grouping.,"{'id': 'analyst15', 'name': 'Earnings forecasts'}","{'id': 'analyst', 'name': 'Analyst'}","{'id': 'analyst-analyst-estimates', 'name': 'Analyst Estimates'}",USA,1,TOP3000,MATRIX,0.9738,28,92,1.2,[]
anl15_ind_cal_fy0_gro,The weighted year-over-year growth of EPS estimation for the current calendarized fiscal year aggregated within GICS industry grouping.,"{'id': 'analyst15', 'name': 'Earnings forecasts'}","{'id': 'analyst', 'name': 'Analyst'}","{'id': 'analyst-analyst-estimates', 'name': 'Analyst Estimates'}",USA,1,TOP3000,MATRIX,0.9595,65,722,1.2,[]
anl15_ind_cal_fy0_pe,The weighted average price/earnings ratio based on EPS estimation for the current calendarized fiscal year aggregated within GICS industry grouping.,"{'id': 'analyst15', 'name': 'Earnings forecasts'}","{'id': 'analyst', 'name': 'Analyst'}","{'id': 'analyst-analyst-estimates', 'name': 'Analyst Estimates'}",USA,1,TOP3000,MATRIX,0.9595,27,57,1.2,[]
anl15_ind_cal_fy0_total,The total of earnings estimation for the current calendarized fiscal year aggregated within GICS industry grouping.,"{'id': 'analyst15', 'name': 'Earnings forecasts'}","{'id': 'analyst', 'name': 'Analyst'}","{'id': 'analyst-analyst-estimates', 'name': 'Analyst Estimates'}",USA,1,TOP3000,MATRIX,0.9738,16,28,1.2,[]
anl15_ind_cal_fy0_val,The weighted average of EPS estimation for the current calendarized fiscal year aggregated within GICS industry grouping.,"{'id': 'analyst15', 'name': 'Earnings forecasts'}","{'id': 'analyst', 'name': 'Analyst'}","{'id': 'analyst-analyst-estimates', 'name': 'Analyst Estimates'}",USA,1,TOP3000,MATRIX,0.9738,16,68,1.2,[]
anl15_ind_cal_fy1_1m_chg,The weighted 1-month percent change of EPS estimation for the calendarized 1 fiscal year aggregated within GICS industry grouping.,"{'id': 'analyst15', 'name': 'Earnings forecasts'}","{'id': 'analyst', 'name': 'Analyst'}","{'id': 'analyst-analyst-estimates', 'name': 'Analyst Estimates'}",USA,1,TOP3000,MATRIX,0.9672,38,85,1.2,[]
anl15_ind_cal_fy1_3m_chg,The weighted 3-month percent change of EPS estimation for the calendarized 1 fiscal year aggregated within GICS industry grouping.,"{'id': 'analyst15', 'name': 'Earnings forecasts'}","{'id': 'analyst', 'name': 'Analyst'}","{'id': 'analyst-analyst-estimates', 'name': 'Analyst Estimates'}",USA,1,TOP3000,MATRIX,0.9694,26,50,1.2,[]
anl15_ind_cal_fy1_6m_chg,The weighted 6-month percent change of EPS estimation for the calendarized 1 fiscal year aggregated within GICS industry grouping.,"{'id': 'analyst15', 'name': 'Earnings forecasts'}","{'id': 'analyst', 'name': 'Analyst'}","{'id': 'analyst-analyst-estimates', 'name': 'Analyst Estimates'}",USA,1,TOP3000,MATRIX,0.9709,34,67,1.2,[]
anl15_ind_cal_fy1_cos,The number of companies with a calendarized 1 fiscal year EPS estimation within GICS industry grouping.,"{'id': 'analyst15', 'name': 'Earnings forecasts'}","{'id': 'analyst', 'name': 'Analyst'}","{'id': 'analyst-analyst-estimates', 'name': 'Analyst Estimates'}",USA,1,TOP3000,MATRIX,0.9738,30,126,1.2,[]
anl15_ind_cal_fy1_ests,The total number of calendarized 1 fiscal year EPS estimation within GICS industry grouping.,"{'id': 'analyst15', 'name': 'Earnings forecasts'}","{'id': 'analyst', 'name': 'Analyst'}","{'id': 'analyst-analyst-estimates', 'name': 'Analyst Estimates'}",USA,1,TOP3000,MATRIX,0.9736,28,214,1.2,[]
anl15_ind_cal_fy1_gro,The weighted year-over-year growth of EPS estimation for the calendarized 1 fiscal year aggregated within GICS industry grouping.,"{'id': 'analyst15', 'name': 'Earnings forecasts'}","{'id': 'analyst', 'name': 'Analyst'}","{'id': 'analyst-analyst-estimates', 'name': 'Analyst Estimates'}",USA,1,TOP3000,MATRIX,0.96,25,52,1.2,[]
anl15_ind_cal_fy1_mean,The weighted average of EPS estimation for the calendarized 1 fiscal year aggregated within GICS industry grouping.,"{'id': 'analyst15', 'name': 'Earnings forecasts'}","{'id': 'analyst', 'name': 'Analyst'}","{'id': 'analyst-analyst-estimates', 'name': 'Analyst Estimates'}",USA,1,TOP3000,MATRIX,0.9738,34,47,1.2,[]
anl15_ind_cal_fy1_mktcap,The total market capitalization for the companies aggregated within GICS industry grouping with a calendarized 1 fiscal year mean price estimation.,"{'id': 'analyst15', 'name': 'Earnings forecasts'}","{'id': 'analyst', 'name': 'Analyst'}","{'id': 'analyst-analyst-estimates', 'name': 'Analyst Estimates'}",USA,1,TOP3000,MATRIX,0.9738,30,80,1.2,[]
anl15_ind_cal_fy1_pe,The weighted average price/earnings ratio based on EPS estimation for the calendarized 1 fiscal year aggregated within GICS industry grouping.,"{'id': 'analyst15', 'name': 'Earnings forecasts'}","{'id': 'analyst', 'name': 'Analyst'}","{'id': 'analyst-analyst-estimates', 'name': 'Analyst Estimates'}",USA,1,TOP3000,MATRIX,0.968,37,54,1.2,[]
anl15_ind_cal_fy1_st_dev,The weighted average standard deviation of EPS estimation for the calendarized 1 fiscal year aggregated within GICS industry grouping.,"{'id': 'analyst15', 'name': 'Earnings forecasts'}","{'id': 'analyst', 'name': 'Analyst'}","{'id': 'analyst-analyst-estimates', 'name': 'Analyst Estimates'}",USA,1,TOP3000,MATRIX,0.9734,48,166,1.2,[]
anl15_ind_cal_fy1_total,The total of earnings estimation for the calendarized 1 fiscal year aggregated within GICS industry grouping.,"{'id': 'analyst15', 'name': 'Earnings forecasts'}","{'id': 'analyst', 'name': 'Analyst'}","{'id': 'analyst-analyst-estimates', 'name': 'Analyst Estimates'}",USA,1,TOP3000,MATRIX,0.9738,34,55,1.2,[]
anl15_ind_cal_fy2_1m_chg,The weighted 1-month percent change of EPS estimation for the calendarized 2 fiscal year aggregated within GICS industry grouping.,"{'id': 'analyst15', 'name': 'Earnings forecasts'}","{'id': 'analyst', 'name': 'Analyst'}","{'id': 'analyst-analyst-estimates', 'name': 'Analyst Estimates'}",USA,1,TOP3000,MATRIX,0.9722,42,107,1.2,[]
anl15_ind_cal_fy2_3m_chg,The weighted three month percent change of EPS estimation for the calendarized 2 fiscal year aggregated within GICS industry grouping.,"{'id': 'analyst15', 'name': 'Earnings forecasts'}","{'id': 'analyst', 'name': 'Analyst'}","{'id': 'analyst-analyst-estimates', 'name': 'Analyst Estimates'}",USA,1,TOP3000,MATRIX,0.9728,33,67,1.2,[]
anl15_ind_cal_fy2_6m_chg,The weighted 6-month percent change of EPS estimation for the calendarized 2 fiscal years aggregated within GICS industry grouping.,"{'id': 'analyst15', 'name': 'Earnings forecasts'}","{'id': 'analyst', 'name': 'Analyst'}","{'id': 'analyst-analyst-estimates', 'name': 'Analyst Estimates'}",USA,1,TOP3000,MATRIX,0.9729,60,120,1.2,[]
anl15_ind_cal_fy2_cos,The number of companies with a calendarized 2 fiscal year EPS estimation within GICS industry grouping.,"{'id': 'analyst15', 'name': 'Earnings forecasts'}","{'id': 'analyst', 'name': 'Analyst'}","{'id': 'analyst-analyst-estimates', 'name': 'Analyst Estimates'}",USA,1,TOP3000,MATRIX,0.9738,41,218,1.2,[]
anl15_ind_cal_fy2_ests,The total number of calendarized 2 fiscal year EPS estimation within GICS industry grouping.,"{'id': 'analyst15', 'name': 'Earnings forecasts'}","{'id': 'analyst', 'name': 'Analyst'}","{'id': 'analyst-analyst-estimates', 'name': 'Analyst Estimates'}",USA,1,TOP3000,MATRIX,0.9738,59,199,1.2,[]
anl15_ind_cal_fy2_gro,The weighted year-over-year growth of EPS estimation for the calendarized 2 fiscal years aggregated within GICS industry grouping.,"{'id': 'analyst15', 'name': 'Earnings forecasts'}","{'id': 'analyst', 'name': 'Analyst'}","{'id': 'analyst-analyst-estimates', 'name': 'Analyst Estimates'}",USA,1,TOP3000,MATRIX,0.968,37,86,1.2,[]
anl15_ind_cal_fy2_mean,The weighted average of EPS estimation for the calendarized 2 fiscal year aggregated within GICS industry grouping.,"{'id': 'analyst15', 'name': 'Earnings forecasts'}","{'id': 'analyst', 'name': 'Analyst'}","{'id': 'analyst-analyst-estimates', 'name': 'Analyst Estimates'}",USA,1,TOP3000,MATRIX,0.9738,36,193,1.2,[]
anl15_ind_cal_fy2_mktcap,The total market capitalization for the companies aggregated within GICS industry grouping with a calendarized 2 fiscal year mean price estimation.,"{'id': 'analyst15', 'name': 'Earnings forecasts'}","{'id': 'analyst', 'name': 'Analyst'}","{'id': 'analyst-analyst-estimates', 'name': 'Analyst Estimates'}",USA,1,TOP3000,MATRIX,0.9738,21,40,1.2,[]
anl15_ind_cal_fy2_pe,The weighted average price/earnings ratio based on EPS estimation for the calendarized 2 fiscal years aggregated within GICS industry grouping.,"{'id': 'analyst15', 'name': 'Earnings forecasts'}","{'id': 'analyst', 'name': 'Analyst'}","{'id': 'analyst-analyst-estimates', 'name': 'Analyst Estimates'}",USA,1,TOP3000,MATRIX,0.9722,33,211,1.2,[]
anl15_ind_cal_fy2_st_dev,The weighted average standard deviation of EPS estimation for the calendarized 2 fiscal years aggregated within GICS industry grouping.,"{'id': 'analyst15', 'name': 'Earnings forecasts'}","{'id': 'analyst', 'name': 'Analyst'}","{'id': 'analyst-analyst-estimates', 'name': 'Analyst Estimates'}",USA,1,TOP3000,MATRIX,0.9738,24,30,1.2,[]
anl15_ind_cal_fy2_total,The total of earnings estimation for the calendarized 2 fiscal years aggregated within GICS industry grouping.,"{'id': 'analyst15', 'name': 'Earnings forecasts'}","{'id': 'analyst', 'name': 'Analyst'}","{'id': 'analyst-analyst-estimates', 'name': 'Analyst Estimates'}",USA,1,TOP3000,MATRIX,0.9738,25,33,1.2,[]
anl15_ind_cal_fy3_1m_chg,The weighted 1-month percent change of EPS estimation for the calendarized 3 fiscal year aggregated within GICS industry grouping.,"{'id': 'analyst15', 'name': 'Earnings forecasts'}","{'id': 'analyst', 'name': 'Analyst'}","{'id': 'analyst-analyst-estimates', 'name': 'Analyst Estimates'}",USA,1,TOP3000,MATRIX,0.9667,27,135,1.2,[]
anl15_ind_cal_fy3_3m_chg,The weighted 3-month percent change of EPS estimation for the calendarized 3 fiscal year aggregated within GICS industry grouping.,"{'id': 'analyst15', 'name': 'Earnings forecasts'}","{'id': 'analyst', 'name': 'Analyst'}","{'id': 'analyst-analyst-estimates', 'name': 'Analyst Estimates'}",USA,1,TOP3000,MATRIX,0.9646,17,35,1.2,[]
anl15_ind_cal_fy3_6m_chg,The weighted 6-month percent change of EPS estimation for the calendarized 3 fiscal years aggregated within GICS industry grouping.,"{'id': 'analyst15', 'name': 'Earnings forecasts'}","{'id': 'analyst', 'name': 'Analyst'}","{'id': 'analyst-analyst-estimates', 'name': 'Analyst Estimates'}",USA,1,TOP3000,MATRIX,0.9491,33,71,1.2,[]
anl15_ind_cal_fy3_cos,The number of companies with a calendarized 3 fiscal year EPS estimation within GICS industry grouping.,"{'id': 'analyst15', 'name': 'Earnings forecasts'}","{'id': 'analyst', 'name': 'Analyst'}","{'id': 'analyst-analyst-estimates', 'name': 'Analyst Estimates'}",USA,1,TOP3000,MATRIX,0.9733,21,33,1.2,[]
anl15_ind_cal_fy3_ests,The total number of calendarized 3 fiscal year EPS estimation within GICS industry grouping.,"{'id': 'analyst15', 'name': 'Earnings forecasts'}","{'id': 'analyst', 'name': 'Analyst'}","{'id': 'analyst-analyst-estimates', 'name': 'Analyst Estimates'}",USA,1,TOP3000,MATRIX,0.9719,67,159,1.2,[]
anl15_ind_cal_fy3_gro,The weighted year-over-year growth of EPS estimation for the calendarized 3 fiscal years aggregated within GICS industry grouping.,"{'id': 'analyst15', 'name': 'Earnings forecasts'}","{'id': 'analyst', 'name': 'Analyst'}","{'id': 'analyst-analyst-estimates', 'name': 'Analyst Estimates'}",USA,1,TOP3000,MATRIX,0.9715,21,34,1.2,[]
anl15_ind_cal_fy3_mean,The weighted average of EPS estimation for the calendarized 3 fiscal years aggregated within GICS industry grouping.,"{'id': 'analyst15', 'name': 'Earnings forecasts'}","{'id': 'analyst', 'name': 'Analyst'}","{'id': 'analyst-analyst-estimates', 'name': 'Analyst Estimates'}",USA,1,TOP3000,MATRIX,0.9733,26,51,1.2,[]
anl15_ind_cal_fy3_mktcap,The total market capitalization for the companies aggregated within GICS industry grouping with a calendarized 3 fiscal year mean price estimation.,"{'id': 'analyst15', 'name': 'Earnings forecasts'}","{'id': 'analyst', 'name': 'Analyst'}","{'id': 'analyst-analyst-estimates', 'name': 'Analyst Estimates'}",USA,1,TOP3000,MATRIX,0.9733,22,155,1.2,[]
anl15_ind_cal_fy3_pe,The weighted average price/earnings ratio based on EPS estimation for the calendarized 3 fiscal year aggregated within GICS industry grouping.,"{'id': 'analyst15', 'name': 'Earnings forecasts'}","{'id': 'analyst', 'name': 'Analyst'}","{'id': 'analyst-analyst-estimates', 'name': 'Analyst Estimates'}",USA,1,TOP3000,MATRIX,0.9732,51,528,1.2,[]
anl15_ind_cal_fy3_st_dev,The weighted average standard deviation of EPS estimation for the calendarized 3 fiscal year aggregated within GICS industry grouping.,"{'id': 'analyst15', 'name': 'Earnings forecasts'}","{'id': 'analyst', 'name': 'Analyst'}","{'id': 'analyst-analyst-estimates', 'name': 'Analyst Estimates'}",USA,1,TOP3000,MATRIX,0.9632,29,57,1.2,[]
anl15_ind_cal_fy3_total,The total of earnings estimation for the calendarized 3 fiscal years aggregated within GICS industry grouping.,"{'id': 'analyst15', 'name': 'Earnings forecasts'}","{'id': 'analyst', 'name': 'Analyst'}","{'id': 'analyst-analyst-estimates', 'name': 'Analyst Estimates'}",USA,1,TOP3000,MATRIX,0.9733,15,25,1.2,[]
anl15_ind_div_cos,The number of companies for which indicated annual dividend data is available within GICS industry grouping.,"{'id': 'analyst15', 'name': 'Earnings forecasts'}","{'id': 'analyst', 'name': 'Analyst'}","{'id': 'analyst-analyst-estimates', 'name': 'Analyst Estimates'}",USA,1,TOP3000,MATRIX,0.9446,21,39,1.2,[]
anl15_ind_divyld,The weighted average dividend yield aggregated within GICS industry grouping.,"{'id': 'analyst15', 'name': 'Earnings forecasts'}","{'id': 'analyst', 'name': 'Analyst'}","{'id': 'analyst-analyst-estimates', 'name': 'Analyst Estimates'}",USA,1,TOP3000,MATRIX,0.9314,12,24,1.2,[]
anl15_ind_fy1_cos_dn,The number of companies for which EPS estimation for the calendarized 1 fiscal year has been lowered from last month within GICS industry grouping.,"{'id': 'analyst15', 'name': 'Earnings forecasts'}","{'id': 'analyst', 'name': 'Analyst'}","{'id': 'analyst-analyst-estimates', 'name': 'Analyst Estimates'}",USA,1,TOP3000,MATRIX,0.9644,41,67,1.2,[]
anl15_ind_fy1_cos_up,The number of companies for which EPS estimation for the calendarized 1 fiscal year has been raised from last month within GICS industry grouping.,"{'id': 'analyst15', 'name': 'Earnings forecasts'}","{'id': 'analyst', 'name': 'Analyst'}","{'id': 'analyst-analyst-estimates', 'name': 'Analyst Estimates'}",USA,1,TOP3000,MATRIX,0.9627,18,183,1.2,[]
anl15_ind_fy1_ests_dn,"Count of unique IDs of industry participants. Industry stands for an aggregate view of all  equity clearance activity for the date, symbol, and transaction type in question.","{'id': 'analyst15', 'name': 'Earnings forecasts'}","{'id': 'analyst', 'name': 'Analyst'}","{'id': 'analyst-analyst-estimates', 'name': 'Analyst Estimates'}",USA,1,TOP3000,MATRIX,0.9685,20,573,1.2,[]
anl15_ind_fy1_ests_up,"Count of unique IDs of industry participants. Industry stands for an aggregate view of all  equity clearance activity for the date, symbol, and transaction type in question.","{'id': 'analyst15', 'name': 'Earnings forecasts'}","{'id': 'analyst', 'name': 'Analyst'}","{'id': 'analyst-analyst-estimates', 'name': 'Analyst Estimates'}",USA,1,TOP3000,MATRIX,0.968,23,73,1.2,[]
anl15_ind_fy2_cos_dn,The number of companies for which EPS estimation for the calendarized 2 fiscal years has been lowered from last month within GICS industry grouping.,"{'id': 'analyst15', 'name': 'Earnings forecasts'}","{'id': 'analyst', 'name': 'Analyst'}","{'id': 'analyst-analyst-estimates', 'name': 'Analyst Estimates'}",USA,1,TOP3000,MATRIX,0.9677,20,68,1.2,[]
anl15_ind_fy2_cos_up,The number of companies for which EPS estimation for the calendarized 2 fiscal year has been raised from last month within GICS industry grouping.,"{'id': 'analyst15', 'name': 'Earnings forecasts'}","{'id': 'analyst', 'name': 'Analyst'}","{'id': 'analyst-analyst-estimates', 'name': 'Analyst Estimates'}",USA,1,TOP3000,MATRIX,0.9604,15,19,1.2,[]
anl15_ind_fy2_ests_dn,"Count of unique IDs of industry participants. Industry stands for an aggregate view of all  equity clearance activity for the date, symbol, and transaction type in question.","{'id': 'analyst15', 'name': 'Earnings forecasts'}","{'id': 'analyst', 'name': 'Analyst'}","{'id': 'analyst-analyst-estimates', 'name': 'Analyst Estimates'}",USA,1,TOP3000,MATRIX,0.9684,20,88,1.2,[]
anl15_ind_fy2_ests_up,"Count of unique IDs of industry participants. Industry stands for an aggregate view of all  equity clearance activity for the date, symbol, and transaction type in question.","{'id': 'analyst15', 'name': 'Earnings forecasts'}","{'id': 'analyst', 'name': 'Analyst'}","{'id': 'analyst-analyst-estimates', 'name': 'Analyst Estimates'}",USA,1,TOP3000,MATRIX,0.9667,27,55,1.2,[]
anl15_ind_fy3_cos_dn,The number of companies for which EPS estimation for the calendarized 3 fiscal years has been lowered from last month within GICS industry grouping.,"{'id': 'analyst15', 'name': 'Earnings forecasts'}","{'id': 'analyst', 'name': 'Analyst'}","{'id': 'analyst-analyst-estimates', 'name': 'Analyst Estimates'}",USA,1,TOP3000,MATRIX,0.9556,29,629,1.2,[]
anl15_ind_fy3_cos_up,The number of companies for which EPS estimation for the calendarized 3 fiscal year has been raised from last month within GICS industry grouping.,"{'id': 'analyst15', 'name': 'Earnings forecasts'}","{'id': 'analyst', 'name': 'Analyst'}","{'id': 'analyst-analyst-estimates', 'name': 'Analyst Estimates'}",USA,1,TOP3000,MATRIX,0.9507,22,465,1.2,[]
anl15_ind_fy3_ests_dn,"Count of unique IDs of industry participants. Industry stands for an aggregate view of all  equity clearance activity for the date, symbol, and transaction type in question.","{'id': 'analyst15', 'name': 'Earnings forecasts'}","{'id': 'analyst', 'name': 'Analyst'}","{'id': 'analyst-analyst-estimates', 'name': 'Analyst Estimates'}",USA,1,TOP3000,MATRIX,0.9464,17,29,1.2,[]
anl15_ind_fy3_ests_up,"Count of unique IDs of industry participants. Industry stands for an aggregate view of all  equity clearance activity for the date, symbol, and transaction type in question.","{'id': 'analyst15', 'name': 'Earnings forecasts'}","{'id': 'analyst', 'name': 'Analyst'}","{'id': 'analyst-analyst-estimates', 'name': 'Analyst Estimates'}",USA,1,TOP3000,MATRIX,0.9472,35,63,1.2,[]
anl15_ind_hist_eps_gro,The weighted annual EPS growth rate over the past 5 years aggregated within GICS industry grouping.,"{'id': 'analyst15', 'name': 'Earnings forecasts'}","{'id': 'analyst', 'name': 'Analyst'}","{'id': 'analyst-analyst-estimates', 'name': 'Analyst Estimates'}",USA,1,TOP3000,MATRIX,0.9726,29,205,1.2,[]
anl15_ind_ltg_1m_chg,The weighted 1-month percent change of long-term growth EPS estimation aggregated within GICS industry grouping.,"{'id': 'analyst15', 'name': 'Earnings forecasts'}","{'id': 'analyst', 'name': 'Analyst'}","{'id': 'analyst-analyst-estimates', 'name': 'Analyst Estimates'}",USA,1,TOP3000,MATRIX,0.9563,27,40,1.2,[]
anl15_ind_ltg_3m_chg,The weighted 3-month percent change of long-term growth EPS estimation aggregated within GICS industry grouping.,"{'id': 'analyst15', 'name': 'Earnings forecasts'}","{'id': 'analyst', 'name': 'Analyst'}","{'id': 'analyst-analyst-estimates', 'name': 'Analyst Estimates'}",USA,1,TOP3000,MATRIX,0.9608,29,73,1.2,[]
anl15_ind_ltg_6m_chg,The weighted 6-month percent change of long-term growth EPS estimation aggregated within GICS industry grouping.,"{'id': 'analyst15', 'name': 'Earnings forecasts'}","{'id': 'analyst', 'name': 'Analyst'}","{'id': 'analyst-analyst-estimates', 'name': 'Analyst Estimates'}",USA,1,TOP3000,MATRIX,0.9616,22,58,1.2,[]
anl15_ind_ltg_cos,The number of companies with a long-term growth EPS estimation within GICS industry grouping.,"{'id': 'analyst15', 'name': 'Earnings forecasts'}","{'id': 'analyst', 'name': 'Analyst'}","{'id': 'analyst-analyst-estimates', 'name': 'Analyst Estimates'}",USA,1,TOP3000,MATRIX,0.9735,51,799,1.2,[]
anl15_ind_ltg_cos_dn,The number of companies for which long-term growth EPS estimation has been lowered from last month within GICS industry grouping.,"{'id': 'analyst15', 'name': 'Earnings forecasts'}","{'id': 'analyst', 'name': 'Analyst'}","{'id': 'analyst-analyst-estimates', 'name': 'Analyst Estimates'}",USA,1,TOP3000,MATRIX,0.9491,17,39,1.2,[]
anl15_ind_ltg_cos_up,The number of companies for which long-term growth EPS estimation has been raised from last month within GICS industry grouping.,"{'id': 'analyst15', 'name': 'Earnings forecasts'}","{'id': 'analyst', 'name': 'Analyst'}","{'id': 'analyst-analyst-estimates', 'name': 'Analyst Estimates'}",USA,1,TOP3000,MATRIX,0.9463,12,32,1.2,[]
anl15_ind_ltg_ests,The total number of long-term growth EPS estimation within GICS industry grouping.,"{'id': 'analyst15', 'name': 'Earnings forecasts'}","{'id': 'analyst', 'name': 'Analyst'}","{'id': 'analyst-analyst-estimates', 'name': 'Analyst Estimates'}",USA,1,TOP3000,MATRIX,0.9735,54,154,1.2,[]
anl15_ind_ltg_ests_dn,"Count of unique IDs of industry participants. Industry stands for an aggregate view of all  equity clearance activity for the date, symbol, and transaction type in question.","{'id': 'analyst15', 'name': 'Earnings forecasts'}","{'id': 'analyst', 'name': 'Analyst'}","{'id': 'analyst-analyst-estimates', 'name': 'Analyst Estimates'}",USA,1,TOP3000,MATRIX,0.9279,25,51,1.2,[]
anl15_ind_ltg_ests_up,"Count of unique IDs of industry participants. Industry stands for an aggregate view of all  equity clearance activity for the date, symbol, and transaction type in question.","{'id': 'analyst15', 'name': 'Earnings forecasts'}","{'id': 'analyst', 'name': 'Analyst'}","{'id': 'analyst-analyst-estimates', 'name': 'Analyst Estimates'}",USA,1,TOP3000,MATRIX,0.9172,29,58,1.2,[]
anl15_ind_ltg_mdn,The weighted average of long-term growth EPS estimation aggregated within GICS industry grouping.,"{'id': 'analyst15', 'name': 'Earnings forecasts'}","{'id': 'analyst', 'name': 'Analyst'}","{'id': 'analyst-analyst-estimates', 'name': 'Analyst Estimates'}",USA,1,TOP3000,MATRIX,0.9735,20,75,1.2,[]
anl15_ind_ltg_mktcap,The total market capitalization for the companies aggregated within GICS industry grouping with a long-term growth price estimation.,"{'id': 'analyst15', 'name': 'Earnings forecasts'}","{'id': 'analyst', 'name': 'Analyst'}","{'id': 'analyst-analyst-estimates', 'name': 'Analyst Estimates'}",USA,1,TOP3000,MATRIX,0.9735,12,22,1.2,[]
anl15_ind_ltg_st_dev,The weighted average standard deviation of long-term growth EPS estimation aggregated within GICS industry grouping.,"{'id': 'analyst15', 'name': 'Earnings forecasts'}","{'id': 'analyst', 'name': 'Analyst'}","{'id': 'analyst-analyst-estimates', 'name': 'Analyst Estimates'}",USA,1,TOP3000,MATRIX,0.9662,28,40,1.2,[]
anl15_ind_prc,The weighted average price aggregated within GICS industry grouping.,"{'id': 'analyst15', 'name': 'Earnings forecasts'}","{'id': 'analyst', 'name': 'Analyst'}","{'id': 'analyst-analyst-estimates', 'name': 'Analyst Estimates'}",USA,1,TOP3000,MATRIX,0.9738,30,64,1.2,[]
anl15_s_12_m_1m_chg,The weighted 1-month percent change of 12-month forward EPS estimation aggregated within GICS sector grouping.,"{'id': 'analyst15', 'name': 'Earnings forecasts'}","{'id': 'analyst', 'name': 'Analyst'}","{'id': 'analyst-analyst-estimates', 'name': 'Analyst Estimates'}",USA,1,TOP3000,MATRIX,1.0,40,161,1.2,[]
anl15_s_12_m_3m_chg,The weighted 3-month percent change of 12-month forward EPS estimation aggregated within GICS sector grouping.,"{'id': 'analyst15', 'name': 'Earnings forecasts'}","{'id': 'analyst', 'name': 'Analyst'}","{'id': 'analyst-analyst-estimates', 'name': 'Analyst Estimates'}",USA,1,TOP3000,MATRIX,1.0,48,80,1.2,[]
anl15_s_12_m_6m_chg,The weighted 6-month percent change of 12-month forward EPS estimation aggregated within GICS sector grouping.,"{'id': 'analyst15', 'name': 'Earnings forecasts'}","{'id': 'analyst', 'name': 'Analyst'}","{'id': 'analyst-analyst-estimates', 'name': 'Analyst Estimates'}",USA,1,TOP3000,MATRIX,1.0,46,236,1.2,[]
anl15_s_12_m_cos,The number of companies with a 12-month forward mean EPS estimation within GICS sector grouping.,"{'id': 'analyst15', 'name': 'Earnings forecasts'}","{'id': 'analyst', 'name': 'Analyst'}","{'id': 'analyst-analyst-estimates', 'name': 'Analyst Estimates'}",USA,1,TOP3000,MATRIX,1.0,43,105,1.2,[]
anl15_s_12_m_cos_dn,The number of companies for which 12-month forward mean EPS estimation has been lowered from last month within GICS sector grouping.,"{'id': 'analyst15', 'name': 'Earnings forecasts'}","{'id': 'analyst', 'name': 'Analyst'}","{'id': 'analyst-analyst-estimates', 'name': 'Analyst Estimates'}",USA,1,TOP3000,MATRIX,1.0,59,118,1.2,[]
anl15_s_12_m_cos_up,The number of companies for which 12-month forward mean EPS estimation has been raised from last month within GICS sector grouping.,"{'id': 'analyst15', 'name': 'Earnings forecasts'}","{'id': 'analyst', 'name': 'Analyst'}","{'id': 'analyst-analyst-estimates', 'name': 'Analyst Estimates'}",USA,1,TOP3000,MATRIX,1.0,56,292,1.2,[]
anl15_s_12_m_ests,The 12-month forward pro-rated total number of estimates within GICS sector grouping.,"{'id': 'analyst15', 'name': 'Earnings forecasts'}","{'id': 'analyst', 'name': 'Analyst'}","{'id': 'analyst-analyst-estimates', 'name': 'Analyst Estimates'}",USA,1,TOP3000,MATRIX,1.0,40,119,1.2,[]
anl15_s_12_m_ests_dn,"Count of unique IDs of industry participants. Industry stands for an aggregate view of all  equity clearance activity for the date, symbol, and transaction type in question.","{'id': 'analyst15', 'name': 'Earnings forecasts'}","{'id': 'analyst', 'name': 'Analyst'}","{'id': 'analyst-analyst-estimates', 'name': 'Analyst Estimates'}",USA,1,TOP3000,MATRIX,1.0,41,267,1.2,[]
anl15_s_12_m_ests_up,"Count of unique IDs of industry participants. Industry stands for an aggregate view of all  equity clearance activity for the date, symbol, and transaction type in question.","{'id': 'analyst15', 'name': 'Earnings forecasts'}","{'id': 'analyst', 'name': 'Analyst'}","{'id': 'analyst-analyst-estimates', 'name': 'Analyst Estimates'}",USA,1,TOP3000,MATRIX,1.0,44,129,1.2,[]
anl15_s_12_m_gro,The weighted 12 month forward year-over-year growth of EPS estimation aggregated within GICS sector grouping.,"{'id': 'analyst15', 'name': 'Earnings forecasts'}","{'id': 'analyst', 'name': 'Analyst'}","{'id': 'analyst-analyst-estimates', 'name': 'Analyst Estimates'}",USA,1,TOP3000,MATRIX,1.0,35,591,1.2,[]
anl15_s_12_m_mean,The weighted average of 12-month forward EPS estimation aggregated within GICS sector grouping.,"{'id': 'analyst15', 'name': 'Earnings forecasts'}","{'id': 'analyst', 'name': 'Analyst'}","{'id': 'analyst-analyst-estimates', 'name': 'Analyst Estimates'}",USA,1,TOP3000,MATRIX,1.0,54,463,1.2,[]
anl15_s_12_m_mktcap,The total market capitalization for the companies aggregated within GICS sector grouping with a 12-month forward mean price estimation.,"{'id': 'analyst15', 'name': 'Earnings forecasts'}","{'id': 'analyst', 'name': 'Analyst'}","{'id': 'analyst-analyst-estimates', 'name': 'Analyst Estimates'}",USA,1,TOP3000,MATRIX,1.0,37,71,1.2,[]
anl15_s_12_m_pe,The weighted average price/earnings ratio based on 12-month forward EPS estimation aggregated within GICS sector grouping.,"{'id': 'analyst15', 'name': 'Earnings forecasts'}","{'id': 'analyst', 'name': 'Analyst'}","{'id': 'analyst-analyst-estimates', 'name': 'Analyst Estimates'}",USA,1,TOP3000,MATRIX,1.0,35,81,1.2,[]
anl15_s_12_m_st_dev,The weighted average standard deviation of 12-month forward EPS estimation aggregated within GICS sector grouping.,"{'id': 'analyst15', 'name': 'Earnings forecasts'}","{'id': 'analyst', 'name': 'Analyst'}","{'id': 'analyst-analyst-estimates', 'name': 'Analyst Estimates'}",USA,1,TOP3000,MATRIX,1.0,55,291,1.2,[]
anl15_s_12_m_total,The total of 12-month forward earnings estimation aggregated within GICS sector grouping.,"{'id': 'analyst15', 'name': 'Earnings forecasts'}","{'id': 'analyst', 'name': 'Analyst'}","{'id': 'analyst-analyst-estimates', 'name': 'Analyst Estimates'}",USA,1,TOP3000,MATRIX,1.0,53,588,1.2,[]
anl15_s_12_m_tr_mean,The weighted average of 12-month trailing EPS aggregated within GICS sector grouping.,"{'id': 'analyst15', 'name': 'Earnings forecasts'}","{'id': 'analyst', 'name': 'Analyst'}","{'id': 'analyst-analyst-estimates', 'name': 'Analyst Estimates'}",USA,1,TOP3000,MATRIX,1.0,36,68,1.2,[]
anl15_s_18_m_1m_chg,The weighted 1-month percent change of 18-month forward EPS estimation aggregated within GICS sector grouping.,"{'id': 'analyst15', 'name': 'Earnings forecasts'}","{'id': 'analyst', 'name': 'Analyst'}","{'id': 'analyst-analyst-estimates', 'name': 'Analyst Estimates'}",USA,1,TOP3000,MATRIX,1.0,38,92,1.2,[]
anl15_s_18_m_3m_chg,The weighted 3-month percent change of 18-month forward EPS estimation aggregated within GICS sector grouping.,"{'id': 'analyst15', 'name': 'Earnings forecasts'}","{'id': 'analyst', 'name': 'Analyst'}","{'id': 'analyst-analyst-estimates', 'name': 'Analyst Estimates'}",USA,1,TOP3000,MATRIX,1.0,45,154,1.2,[]
anl15_s_18_m_6m_chg,The weighted 6-month percent change of 18-month forward EPS estimation aggregated within GICS sector grouping.,"{'id': 'analyst15', 'name': 'Earnings forecasts'}","{'id': 'analyst', 'name': 'Analyst'}","{'id': 'analyst-analyst-estimates', 'name': 'Analyst Estimates'}",USA,1,TOP3000,MATRIX,1.0,36,137,1.2,[]
anl15_s_18_m_cos,The number of companies with an 18-month forward mean EPS estimation within GICS sector grouping.,"{'id': 'analyst15', 'name': 'Earnings forecasts'}","{'id': 'analyst', 'name': 'Analyst'}","{'id': 'analyst-analyst-estimates', 'name': 'Analyst Estimates'}",USA,1,TOP3000,MATRIX,1.0,28,63,1.2,[]
anl15_s_18_m_cos_dn,The number of companies for which 18-month forward mean EPS estimation has been lowered from last month within GICS sector grouping.,"{'id': 'analyst15', 'name': 'Earnings forecasts'}","{'id': 'analyst', 'name': 'Analyst'}","{'id': 'analyst-analyst-estimates', 'name': 'Analyst Estimates'}",USA,1,TOP3000,MATRIX,1.0,37,340,1.2,[]
anl15_s_18_m_cos_up,The number of companies for which 18-month forward mean EPS estimation has been raised from last month within GICS sector grouping.,"{'id': 'analyst15', 'name': 'Earnings forecasts'}","{'id': 'analyst', 'name': 'Analyst'}","{'id': 'analyst-analyst-estimates', 'name': 'Analyst Estimates'}",USA,1,TOP3000,MATRIX,1.0,38,275,1.2,[]
anl15_s_18_m_ests,The 18-month forward pro-rated total number of estimates within GICS sector grouping.,"{'id': 'analyst15', 'name': 'Earnings forecasts'}","{'id': 'analyst', 'name': 'Analyst'}","{'id': 'analyst-analyst-estimates', 'name': 'Analyst Estimates'}",USA,1,TOP3000,MATRIX,1.0,45,126,1.2,[]
anl15_s_18_m_ests_dn,"Count of unique IDs of industry participants. Industry stands for an aggregate view of all  equity clearance activity for the date, symbol, and transaction type in question.","{'id': 'analyst15', 'name': 'Earnings forecasts'}","{'id': 'analyst', 'name': 'Analyst'}","{'id': 'analyst-analyst-estimates', 'name': 'Analyst Estimates'}",USA,1,TOP3000,MATRIX,1.0,47,77,1.2,[]
anl15_s_18_m_ests_up,"Count of unique IDs of industry participants. Industry stands for an aggregate view of all  equity clearance activity for the date, symbol, and transaction type in question.","{'id': 'analyst15', 'name': 'Earnings forecasts'}","{'id': 'analyst', 'name': 'Analyst'}","{'id': 'analyst-analyst-estimates', 'name': 'Analyst Estimates'}",USA,1,TOP3000,MATRIX,1.0,55,555,1.2,[]
anl15_s_18_m_gro,The weighted 18-month forward year-over-year growth of EPS estimation aggregated within GICS sector grouping.,"{'id': 'analyst15', 'name': 'Earnings forecasts'}","{'id': 'analyst', 'name': 'Analyst'}","{'id': 'analyst-analyst-estimates', 'name': 'Analyst Estimates'}",USA,1,TOP3000,MATRIX,1.0,73,157,1.2,[]
anl15_s_18_m_mean,The weighted average of 18-month forward EPS estimation aggregated within GICS sector grouping.,"{'id': 'analyst15', 'name': 'Earnings forecasts'}","{'id': 'analyst', 'name': 'Analyst'}","{'id': 'analyst-analyst-estimates', 'name': 'Analyst Estimates'}",USA,1,TOP3000,MATRIX,1.0,33,69,1.2,[]
anl15_s_18_m_mktcap,The total market capitalization for the companies aggregated within GICS sector grouping with an 18-month forward mean price estimation.,"{'id': 'analyst15', 'name': 'Earnings forecasts'}","{'id': 'analyst', 'name': 'Analyst'}","{'id': 'analyst-analyst-estimates', 'name': 'Analyst Estimates'}",USA,1,TOP3000,MATRIX,1.0,16,56,1.2,[]
anl15_s_18_m_pe,The weighted average price/earnings ratio based on 18-month forward EPS estimation aggregated within GICS sector grouping.,"{'id': 'analyst15', 'name': 'Earnings forecasts'}","{'id': 'analyst', 'name': 'Analyst'}","{'id': 'analyst-analyst-estimates', 'name': 'Analyst Estimates'}",USA,1,TOP3000,MATRIX,1.0,40,77,1.2,[]
anl15_s_18_m_st_dev,The weighted average standard deviation of 18-month forward EPS estimation aggregated within GICS sector grouping.,"{'id': 'analyst15', 'name': 'Earnings forecasts'}","{'id': 'analyst', 'name': 'Analyst'}","{'id': 'analyst-analyst-estimates', 'name': 'Analyst Estimates'}",USA,1,TOP3000,MATRIX,1.0,48,126,1.2,[]
anl15_s_18_m_total,The total of 18-month forward earnings estimation aggregated within GICS sector grouping.,"{'id': 'analyst15', 'name': 'Earnings forecasts'}","{'id': 'analyst', 'name': 'Analyst'}","{'id': 'analyst-analyst-estimates', 'name': 'Analyst Estimates'}",USA,1,TOP3000,MATRIX,1.0,43,409,1.2,[]
anl15_s_cal_fy0_gro,The weighted year-over-year growth of EPS estimation for the current calendarized fiscal year aggregated within GICS sector grouping.,"{'id': 'analyst15', 'name': 'Earnings forecasts'}","{'id': 'analyst', 'name': 'Analyst'}","{'id': 'analyst-analyst-estimates', 'name': 'Analyst Estimates'}",USA,1,TOP3000,MATRIX,0.9943,77,448,1.2,[]
anl15_s_cal_fy0_pe,The weighted average price/earnings ratio based on EPS estimation for the current calendarized fiscal year aggregated within GICS sector grouping.,"{'id': 'analyst15', 'name': 'Earnings forecasts'}","{'id': 'analyst', 'name': 'Analyst'}","{'id': 'analyst-analyst-estimates', 'name': 'Analyst Estimates'}",USA,1,TOP3000,MATRIX,0.9952,47,91,1.2,[]
anl15_s_cal_fy0_total,The total of earnings estimation for the current calendarized fiscal year aggregated within GICS sector grouping.,"{'id': 'analyst15', 'name': 'Earnings forecasts'}","{'id': 'analyst', 'name': 'Analyst'}","{'id': 'analyst-analyst-estimates', 'name': 'Analyst Estimates'}",USA,1,TOP3000,MATRIX,1.0,31,81,1.2,[]
anl15_s_cal_fy0_val,The weighted average of EPS estimation for the current calendarized fiscal year aggregated within GICS sector grouping.,"{'id': 'analyst15', 'name': 'Earnings forecasts'}","{'id': 'analyst', 'name': 'Analyst'}","{'id': 'analyst-analyst-estimates', 'name': 'Analyst Estimates'}",USA,1,TOP3000,MATRIX,1.0,37,179,1.2,[]
anl15_s_cal_fy1_1m_chg,The weighted 1-month percent change of EPS estimation for the calendarized 1 fiscal year aggregated within GICS sector grouping.,"{'id': 'analyst15', 'name': 'Earnings forecasts'}","{'id': 'analyst', 'name': 'Analyst'}","{'id': 'analyst-analyst-estimates', 'name': 'Analyst Estimates'}",USA,1,TOP3000,MATRIX,1.0,47,163,1.2,[]
anl15_s_cal_fy1_3m_chg,The weighted 3-month percent change of EPS estimation for the calendarized 1 fiscal year aggregated within GICS sector grouping.,"{'id': 'analyst15', 'name': 'Earnings forecasts'}","{'id': 'analyst', 'name': 'Analyst'}","{'id': 'analyst-analyst-estimates', 'name': 'Analyst Estimates'}",USA,1,TOP3000,MATRIX,1.0,54,486,1.2,[]
anl15_s_cal_fy1_6m_chg,The weighted 6-month percent change of EPS estimation for the calendarized 1 fiscal year aggregated within GICS sector grouping.,"{'id': 'analyst15', 'name': 'Earnings forecasts'}","{'id': 'analyst', 'name': 'Analyst'}","{'id': 'analyst-analyst-estimates', 'name': 'Analyst Estimates'}",USA,1,TOP3000,MATRIX,1.0,37,282,1.2,[]
anl15_s_cal_fy1_cos,The number of companies with a calendarized 1 fiscal year EPS estimation within GICS sector grouping.,"{'id': 'analyst15', 'name': 'Earnings forecasts'}","{'id': 'analyst', 'name': 'Analyst'}","{'id': 'analyst-analyst-estimates', 'name': 'Analyst Estimates'}",USA,1,TOP3000,MATRIX,1.0,44,122,1.2,[]
anl15_s_cal_fy1_ests,The total number of calendarized 1 fiscal year EPS estimation within GICS sector grouping.,"{'id': 'analyst15', 'name': 'Earnings forecasts'}","{'id': 'analyst', 'name': 'Analyst'}","{'id': 'analyst-analyst-estimates', 'name': 'Analyst Estimates'}",USA,1,TOP3000,MATRIX,1.0,34,298,1.2,[]
anl15_s_cal_fy1_gro,The weighted year-over-year growth of EPS estimation for the calendarized 1 fiscal year aggregated within GICS sector grouping.,"{'id': 'analyst15', 'name': 'Earnings forecasts'}","{'id': 'analyst', 'name': 'Analyst'}","{'id': 'analyst-analyst-estimates', 'name': 'Analyst Estimates'}",USA,1,TOP3000,MATRIX,0.9952,47,145,1.2,[]
anl15_s_cal_fy1_mean,The weighted average of EPS estimation for the calendarized 1 fiscal year aggregated within GICS sector grouping.,"{'id': 'analyst15', 'name': 'Earnings forecasts'}","{'id': 'analyst', 'name': 'Analyst'}","{'id': 'analyst-analyst-estimates', 'name': 'Analyst Estimates'}",USA,1,TOP3000,MATRIX,1.0,41,750,1.2,[]
anl15_s_cal_fy1_mktcap,The total market capitalization for the companies aggregated within GICS sector grouping with a calendarized 1 fiscal year mean price estimation.,"{'id': 'analyst15', 'name': 'Earnings forecasts'}","{'id': 'analyst', 'name': 'Analyst'}","{'id': 'analyst-analyst-estimates', 'name': 'Analyst Estimates'}",USA,1,TOP3000,MATRIX,1.0,27,459,1.2,[]
anl15_s_cal_fy1_pe,The weighted average price/earnings ratio based on EPS estimation for the calendarized 1 fiscal year aggregated within GICS sector grouping.,"{'id': 'analyst15', 'name': 'Earnings forecasts'}","{'id': 'analyst', 'name': 'Analyst'}","{'id': 'analyst-analyst-estimates', 'name': 'Analyst Estimates'}",USA,1,TOP3000,MATRIX,1.0,39,106,1.2,[]
anl15_s_cal_fy1_st_dev,The weighted average standard deviation of EPS estimation for the calendarized 1 fiscal year aggregated within GICS sector grouping.,"{'id': 'analyst15', 'name': 'Earnings forecasts'}","{'id': 'analyst', 'name': 'Analyst'}","{'id': 'analyst-analyst-estimates', 'name': 'Analyst Estimates'}",USA,1,TOP3000,MATRIX,1.0,29,116,1.2,[]
anl15_s_cal_fy1_total,The total of earnings estimation for the calendarized 1 fiscal year aggregated within GICS sector grouping.,"{'id': 'analyst15', 'name': 'Earnings forecasts'}","{'id': 'analyst', 'name': 'Analyst'}","{'id': 'analyst-analyst-estimates', 'name': 'Analyst Estimates'}",USA,1,TOP3000,MATRIX,1.0,37,81,1.2,[]
anl15_s_cal_fy2_1m_chg,The weighted 1-month percent change of EPS estimation for the calendarized 2 fiscal years aggregated within GICS sector grouping.,"{'id': 'analyst15', 'name': 'Earnings forecasts'}","{'id': 'analyst', 'name': 'Analyst'}","{'id': 'analyst-analyst-estimates', 'name': 'Analyst Estimates'}",USA,1,TOP3000,MATRIX,1.0,23,60,1.2,[]
anl15_s_cal_fy2_3m_chg,The weighted 3-month percent change of EPS estimation for the calendarized two fiscal years aggregated within GICS sector grouping.,"{'id': 'analyst15', 'name': 'Earnings forecasts'}","{'id': 'analyst', 'name': 'Analyst'}","{'id': 'analyst-analyst-estimates', 'name': 'Analyst Estimates'}",USA,1,TOP3000,MATRIX,1.0,39,91,1.2,[]
anl15_s_cal_fy2_6m_chg,The weighted 6-month percent change of EPS estimation for the calendarized 2 fiscal year aggregated within GICS sector grouping.,"{'id': 'analyst15', 'name': 'Earnings forecasts'}","{'id': 'analyst', 'name': 'Analyst'}","{'id': 'analyst-analyst-estimates', 'name': 'Analyst Estimates'}",USA,1,TOP3000,MATRIX,1.0,47,117,1.2,[]
anl15_s_cal_fy2_cos,The number of companies with a calendarized 2 fiscal year EPS estimation within GICS sector grouping.,"{'id': 'analyst15', 'name': 'Earnings forecasts'}","{'id': 'analyst', 'name': 'Analyst'}","{'id': 'analyst-analyst-estimates', 'name': 'Analyst Estimates'}",USA,1,TOP3000,MATRIX,1.0,27,42,1.2,[]
anl15_s_cal_fy2_ests,The total number of calendarized 2 fiscal year EPS estimation within GICS sector grouping.,"{'id': 'analyst15', 'name': 'Earnings forecasts'}","{'id': 'analyst', 'name': 'Analyst'}","{'id': 'analyst-analyst-estimates', 'name': 'Analyst Estimates'}",USA,1,TOP3000,MATRIX,1.0,36,86,1.2,[]
anl15_s_cal_fy2_gro,The weighted year-over-year growth of EPS estimation for the calendarized 2 fiscal year aggregated within GICS sector grouping.,"{'id': 'analyst15', 'name': 'Earnings forecasts'}","{'id': 'analyst', 'name': 'Analyst'}","{'id': 'analyst-analyst-estimates', 'name': 'Analyst Estimates'}",USA,1,TOP3000,MATRIX,1.0,27,54,1.2,[]
anl15_s_cal_fy2_mean,The weighted average of EPS estimation for the calendarized 2 fiscal years aggregated within GICS sector grouping.,"{'id': 'analyst15', 'name': 'Earnings forecasts'}","{'id': 'analyst', 'name': 'Analyst'}","{'id': 'analyst-analyst-estimates', 'name': 'Analyst Estimates'}",USA,1,TOP3000,MATRIX,1.0,26,55,1.2,[]
anl15_s_cal_fy2_mktcap,The total market capitalization for the companies aggregated within GICS sector grouping with a calendarized 2 fiscal year mean price estimation.,"{'id': 'analyst15', 'name': 'Earnings forecasts'}","{'id': 'analyst', 'name': 'Analyst'}","{'id': 'analyst-analyst-estimates', 'name': 'Analyst Estimates'}",USA,1,TOP3000,MATRIX,1.0,19,50,1.2,[]
anl15_s_cal_fy2_pe,The weighted average price/earnings ratio based on EPS estimation for the calendarized 2 fiscal year aggregated within GICS sector grouping.,"{'id': 'analyst15', 'name': 'Earnings forecasts'}","{'id': 'analyst', 'name': 'Analyst'}","{'id': 'analyst-analyst-estimates', 'name': 'Analyst Estimates'}",USA,1,TOP3000,MATRIX,1.0,38,117,1.2,[]
anl15_s_cal_fy2_st_dev,The weighted average standard deviation of EPS estimation for the calendarized 2 fiscal years aggregated within GICS sector grouping.,"{'id': 'analyst15', 'name': 'Earnings forecasts'}","{'id': 'analyst', 'name': 'Analyst'}","{'id': 'analyst-analyst-estimates', 'name': 'Analyst Estimates'}",USA,1,TOP3000,MATRIX,1.0,37,67,1.2,[]
anl15_s_cal_fy2_total,The total of earnings estimation for the calendarized 2 fiscal year aggregated within GICS sector grouping.,"{'id': 'analyst15', 'name': 'Earnings forecasts'}","{'id': 'analyst', 'name': 'Analyst'}","{'id': 'analyst-analyst-estimates', 'name': 'Analyst Estimates'}",USA,1,TOP3000,MATRIX,1.0,24,44,1.2,[]
anl15_s_cal_fy3_1m_chg,The weighted 1-month percent change of EPS estimation for the calendarized 3 fiscal years aggregated within GICS sector grouping.,"{'id': 'analyst15', 'name': 'Earnings forecasts'}","{'id': 'analyst', 'name': 'Analyst'}","{'id': 'analyst-analyst-estimates', 'name': 'Analyst Estimates'}",USA,1,TOP3000,MATRIX,1.0,23,124,1.2,[]
anl15_s_cal_fy3_3m_chg,The weighted 3-month percent change of EPS estimation for the calendarized 3 fiscal year aggregated within GICS sector grouping.,"{'id': 'analyst15', 'name': 'Earnings forecasts'}","{'id': 'analyst', 'name': 'Analyst'}","{'id': 'analyst-analyst-estimates', 'name': 'Analyst Estimates'}",USA,1,TOP3000,MATRIX,1.0,21,70,1.2,[]
anl15_s_cal_fy3_6m_chg,The weighted 6-month percent change of EPS estimation for the calendarized 3 fiscal year aggregated within GICS sector grouping.,"{'id': 'analyst15', 'name': 'Earnings forecasts'}","{'id': 'analyst', 'name': 'Analyst'}","{'id': 'analyst-analyst-estimates', 'name': 'Analyst Estimates'}",USA,1,TOP3000,MATRIX,0.999,42,477,1.2,[]
anl15_s_cal_fy3_cos,The number of companies with a calendarized 3 fiscal year EPS estimation within GICS sector grouping.,"{'id': 'analyst15', 'name': 'Earnings forecasts'}","{'id': 'analyst', 'name': 'Analyst'}","{'id': 'analyst-analyst-estimates', 'name': 'Analyst Estimates'}",USA,1,TOP3000,MATRIX,1.0,48,367,1.2,[]
anl15_s_cal_fy3_ests,The total number of calendarized 3 fiscal year EPS estimation within GICS sector grouping.,"{'id': 'analyst15', 'name': 'Earnings forecasts'}","{'id': 'analyst', 'name': 'Analyst'}","{'id': 'analyst-analyst-estimates', 'name': 'Analyst Estimates'}",USA,1,TOP3000,MATRIX,1.0,49,92,1.2,[]
anl15_s_cal_fy3_gro,The weighted year-over-year growth of EPS estimation for the calendarized 3 fiscal year aggregated within GICS sector grouping.,"{'id': 'analyst15', 'name': 'Earnings forecasts'}","{'id': 'analyst', 'name': 'Analyst'}","{'id': 'analyst-analyst-estimates', 'name': 'Analyst Estimates'}",USA,1,TOP3000,MATRIX,1.0,44,97,1.2,[]
anl15_s_cal_fy3_mean,The weighted average of EPS estimation for the calendarized 3 fiscal year aggregated within GICS sector grouping.,"{'id': 'analyst15', 'name': 'Earnings forecasts'}","{'id': 'analyst', 'name': 'Analyst'}","{'id': 'analyst-analyst-estimates', 'name': 'Analyst Estimates'}",USA,1,TOP3000,MATRIX,1.0,64,116,1.2,[]
anl15_s_cal_fy3_mktcap,The total market capitalization for the companies aggregated within GICS sector grouping with a calendarized 3 fiscal year mean price estimation.,"{'id': 'analyst15', 'name': 'Earnings forecasts'}","{'id': 'analyst', 'name': 'Analyst'}","{'id': 'analyst-analyst-estimates', 'name': 'Analyst Estimates'}",USA,1,TOP3000,MATRIX,1.0,27,73,1.2,[]
anl15_s_cal_fy3_pe,The weighted average price/earnings ratio based on EPS estimation for the calendarized 3 fiscal years aggregated within GICS sector grouping.,"{'id': 'analyst15', 'name': 'Earnings forecasts'}","{'id': 'analyst', 'name': 'Analyst'}","{'id': 'analyst-analyst-estimates', 'name': 'Analyst Estimates'}",USA,1,TOP3000,MATRIX,1.0,52,127,1.2,[]
anl15_s_cal_fy3_st_dev,The weighted average standard deviation of EPS estimation for the calendarized 3 fiscal years aggregated within GICS sector grouping.,"{'id': 'analyst15', 'name': 'Earnings forecasts'}","{'id': 'analyst', 'name': 'Analyst'}","{'id': 'analyst-analyst-estimates', 'name': 'Analyst Estimates'}",USA,1,TOP3000,MATRIX,1.0,41,72,1.2,[]
anl15_s_cal_fy3_total,The total of earnings estimation for the calendarized 3 fiscal year aggregated within GICS sector grouping.,"{'id': 'analyst15', 'name': 'Earnings forecasts'}","{'id': 'analyst', 'name': 'Analyst'}","{'id': 'analyst-analyst-estimates', 'name': 'Analyst Estimates'}",USA,1,TOP3000,MATRIX,1.0,40,361,1.2,[]
anl15_s_div_cos,The number of companies for which indicated annual dividend data is available within GICS sector grouping.,"{'id': 'analyst15', 'name': 'Earnings forecasts'}","{'id': 'analyst', 'name': 'Analyst'}","{'id': 'analyst-analyst-estimates', 'name': 'Analyst Estimates'}",USA,1,TOP3000,MATRIX,1.0,41,120,1.2,[]
anl15_s_divyld,The weighted average dividend yield aggregated within GICS sector grouping.,"{'id': 'analyst15', 'name': 'Earnings forecasts'}","{'id': 'analyst', 'name': 'Analyst'}","{'id': 'analyst-analyst-estimates', 'name': 'Analyst Estimates'}",USA,1,TOP3000,MATRIX,1.0,22,369,1.2,[]
anl15_s_fy1_cos_dn,The number of companies for which EPS estimation for the calendarized one fiscal year has been lowered from last month within GICS sector grouping.,"{'id': 'analyst15', 'name': 'Earnings forecasts'}","{'id': 'analyst', 'name': 'Analyst'}","{'id': 'analyst-analyst-estimates', 'name': 'Analyst Estimates'}",USA,1,TOP3000,MATRIX,1.0,41,108,1.2,[]
anl15_s_fy1_cos_up,The number of companies for which EPS estimation for the calendarized 1 fiscal year has been raised from last month within GICS sector grouping.,"{'id': 'analyst15', 'name': 'Earnings forecasts'}","{'id': 'analyst', 'name': 'Analyst'}","{'id': 'analyst-analyst-estimates', 'name': 'Analyst Estimates'}",USA,1,TOP3000,MATRIX,1.0,27,152,1.2,[]
anl15_s_fy1_ests_dn,"Count of unique IDs of industry participants. Industry stands for an aggregate view of all  equity clearance activity for the date, symbol, and transaction type in question.","{'id': 'analyst15', 'name': 'Earnings forecasts'}","{'id': 'analyst', 'name': 'Analyst'}","{'id': 'analyst-analyst-estimates', 'name': 'Analyst Estimates'}",USA,1,TOP3000,MATRIX,1.0,32,74,1.2,[]
anl15_s_fy1_ests_up,"Count of unique IDs of industry participants. Industry stands for an aggregate view of all  equity clearance activity for the date, symbol, and transaction type in question.","{'id': 'analyst15', 'name': 'Earnings forecasts'}","{'id': 'analyst', 'name': 'Analyst'}","{'id': 'analyst-analyst-estimates', 'name': 'Analyst Estimates'}",USA,1,TOP3000,MATRIX,1.0,30,275,1.2,[]
anl15_s_fy2_cos_dn,The number of companies for which EPS estimation for the calendarized 2 fiscal years has been lowered from last month within GICS sector grouping.,"{'id': 'analyst15', 'name': 'Earnings forecasts'}","{'id': 'analyst', 'name': 'Analyst'}","{'id': 'analyst-analyst-estimates', 'name': 'Analyst Estimates'}",USA,1,TOP3000,MATRIX,1.0,32,175,1.2,[]
anl15_s_fy2_cos_up,The number of companies for which EPS estimation for the calendarized 2 fiscal years has been raised from last month within GICS sector grouping.,"{'id': 'analyst15', 'name': 'Earnings forecasts'}","{'id': 'analyst', 'name': 'Analyst'}","{'id': 'analyst-analyst-estimates', 'name': 'Analyst Estimates'}",USA,1,TOP3000,MATRIX,1.0,26,44,1.2,[]
anl15_s_fy2_ests_dn,"Count of unique IDs of industry participants. Industry stands for an aggregate view of all  equity clearance activity for the date, symbol, and transaction type in question.","{'id': 'analyst15', 'name': 'Earnings forecasts'}","{'id': 'analyst', 'name': 'Analyst'}","{'id': 'analyst-analyst-estimates', 'name': 'Analyst Estimates'}",USA,1,TOP3000,MATRIX,1.0,62,162,1.2,[]
anl15_s_fy2_ests_up,"Count of unique IDs of industry participants. Industry stands for an aggregate view of all  equity clearance activity for the date, symbol, and transaction type in question.","{'id': 'analyst15', 'name': 'Earnings forecasts'}","{'id': 'analyst', 'name': 'Analyst'}","{'id': 'analyst-analyst-estimates', 'name': 'Analyst Estimates'}",USA,1,TOP3000,MATRIX,1.0,46,110,1.2,[]
anl15_s_fy3_cos_dn,The number of companies for which EPS estimation for the calendarized 3 fiscal years has been lowered from last month within GICS sector grouping.,"{'id': 'analyst15', 'name': 'Earnings forecasts'}","{'id': 'analyst', 'name': 'Analyst'}","{'id': 'analyst-analyst-estimates', 'name': 'Analyst Estimates'}",USA,1,TOP3000,MATRIX,1.0,23,470,1.2,[]
anl15_s_fy3_cos_up,The number of companies for which EPS estimation for the calendarized 3 fiscal years has been raised from last month within GICS sector grouping.,"{'id': 'analyst15', 'name': 'Earnings forecasts'}","{'id': 'analyst', 'name': 'Analyst'}","{'id': 'analyst-analyst-estimates', 'name': 'Analyst Estimates'}",USA,1,TOP3000,MATRIX,1.0,49,338,1.2,[]
anl15_s_fy3_ests_dn,"Count of unique IDs of industry participants. Industry stands for an aggregate view of all  equity clearance activity for the date, symbol, and transaction type in question.","{'id': 'analyst15', 'name': 'Earnings forecasts'}","{'id': 'analyst', 'name': 'Analyst'}","{'id': 'analyst-analyst-estimates', 'name': 'Analyst Estimates'}",USA,1,TOP3000,MATRIX,1.0,76,415,1.2,[]
anl15_s_fy3_ests_up,"Count of unique IDs of industry participants. Industry stands for an aggregate view of all  equity clearance activity for the date, symbol, and transaction type in question.","{'id': 'analyst15', 'name': 'Earnings forecasts'}","{'id': 'analyst', 'name': 'Analyst'}","{'id': 'analyst-analyst-estimates', 'name': 'Analyst Estimates'}",USA,1,TOP3000,MATRIX,1.0,48,384,1.2,[]
anl15_s_hist_eps_gro,The weighted annual EPS growth rate over the past 5 years aggregated within GICS sector grouping.,"{'id': 'analyst15', 'name': 'Earnings forecasts'}","{'id': 'analyst', 'name': 'Analyst'}","{'id': 'analyst-analyst-estimates', 'name': 'Analyst Estimates'}",USA,1,TOP3000,MATRIX,1.0,61,237,1.2,[]
anl15_s_ltg_1m_chg,The weighted one-month percent change of long-term growth EPS estimation aggregated within GICS sector grouping.,"{'id': 'analyst15', 'name': 'Earnings forecasts'}","{'id': 'analyst', 'name': 'Analyst'}","{'id': 'analyst-analyst-estimates', 'name': 'Analyst Estimates'}",USA,1,TOP3000,MATRIX,0.9995,28,121,1.2,[]
anl15_s_ltg_3m_chg,The weighted 3-month percent change of long-term growth EPS estimation aggregated within GICS sector grouping.,"{'id': 'analyst15', 'name': 'Earnings forecasts'}","{'id': 'analyst', 'name': 'Analyst'}","{'id': 'analyst-analyst-estimates', 'name': 'Analyst Estimates'}",USA,1,TOP3000,MATRIX,0.9995,49,271,1.2,[]
anl15_s_ltg_6m_chg,The weighted 6-month percent change of long-term growth EPS estimation aggregated within GICS sector grouping.,"{'id': 'analyst15', 'name': 'Earnings forecasts'}","{'id': 'analyst', 'name': 'Analyst'}","{'id': 'analyst-analyst-estimates', 'name': 'Analyst Estimates'}",USA,1,TOP3000,MATRIX,0.9998,30,64,1.2,[]
anl15_s_ltg_cos,The number of companies with a long-term growth EPS estimation within GICS sector grouping.,"{'id': 'analyst15', 'name': 'Earnings forecasts'}","{'id': 'analyst', 'name': 'Analyst'}","{'id': 'analyst-analyst-estimates', 'name': 'Analyst Estimates'}",USA,1,TOP3000,MATRIX,1.0,69,264,1.2,[]
anl15_s_ltg_cos_dn,The number of companies for which long-term growth EPS estimation has been lowered from last month within GICS sector grouping.,"{'id': 'analyst15', 'name': 'Earnings forecasts'}","{'id': 'analyst', 'name': 'Analyst'}","{'id': 'analyst-analyst-estimates', 'name': 'Analyst Estimates'}",USA,1,TOP3000,MATRIX,1.0,71,147,1.2,[]
anl15_s_ltg_cos_up,The number of companies for which long-term growth EPS estimation has been raised from last month within GICS sector grouping.,"{'id': 'analyst15', 'name': 'Earnings forecasts'}","{'id': 'analyst', 'name': 'Analyst'}","{'id': 'analyst-analyst-estimates', 'name': 'Analyst Estimates'}",USA,1,TOP3000,MATRIX,1.0,51,101,1.2,[]
anl15_s_ltg_ests,The total number of long term growth EPS estimation within GICS sector grouping.,"{'id': 'analyst15', 'name': 'Earnings forecasts'}","{'id': 'analyst', 'name': 'Analyst'}","{'id': 'analyst-analyst-estimates', 'name': 'Analyst Estimates'}",USA,1,TOP3000,MATRIX,1.0,86,526,1.2,[]
anl15_s_ltg_ests_dn,"Count of unique IDs of industry participants. Industry stands for an aggregate view of all  equity clearance activity for the date, symbol, and transaction type in question.","{'id': 'analyst15', 'name': 'Earnings forecasts'}","{'id': 'analyst', 'name': 'Analyst'}","{'id': 'analyst-analyst-estimates', 'name': 'Analyst Estimates'}",USA,1,TOP3000,MATRIX,1.0,121,660,1.2,[]
anl15_s_ltg_ests_up,"Count of unique IDs of industry participants. Industry stands for an aggregate view of all  equity clearance activity for the date, symbol, and transaction type in question.","{'id': 'analyst15', 'name': 'Earnings forecasts'}","{'id': 'analyst', 'name': 'Analyst'}","{'id': 'analyst-analyst-estimates', 'name': 'Analyst Estimates'}",USA,1,TOP3000,MATRIX,1.0,59,92,1.2,[]
anl15_s_ltg_mdn,The weighted average of long-term growth EPS estimation aggregated within GICS sector grouping.,"{'id': 'analyst15', 'name': 'Earnings forecasts'}","{'id': 'analyst', 'name': 'Analyst'}","{'id': 'analyst-analyst-estimates', 'name': 'Analyst Estimates'}",USA,1,TOP3000,MATRIX,1.0,47,214,1.2,[]
anl15_s_ltg_mktcap,The total market capitalization for the companies aggregated within GICS sector grouping with a long-term growth price estimation.,"{'id': 'analyst15', 'name': 'Earnings forecasts'}","{'id': 'analyst', 'name': 'Analyst'}","{'id': 'analyst-analyst-estimates', 'name': 'Analyst Estimates'}",USA,1,TOP3000,MATRIX,1.0,40,732,1.2,[]
anl15_s_ltg_st_dev,The weighted average standard deviation of long-term growth EPS estimation aggregated within GICS sector grouping.,"{'id': 'analyst15', 'name': 'Earnings forecasts'}","{'id': 'analyst', 'name': 'Analyst'}","{'id': 'analyst-analyst-estimates', 'name': 'Analyst Estimates'}",USA,1,TOP3000,MATRIX,1.0,58,96,1.2,[]
anl15_s_prc,The weighted average price aggregated within GICS sector grouping.,"{'id': 'analyst15', 'name': 'Earnings forecasts'}","{'id': 'analyst', 'name': 'Analyst'}","{'id': 'analyst-analyst-estimates', 'name': 'Analyst Estimates'}",USA,1,TOP3000,MATRIX,1.0,18,59,1.2,[]
anl15_sal_gr_12_m_1m_chg,The weighted 1-month percent change of 12-month forward revenue (SAL) estimation aggregated within GICS group grouping.,"{'id': 'analyst15', 'name': 'Earnings forecasts'}","{'id': 'analyst', 'name': 'Analyst'}","{'id': 'analyst-analyst-estimates', 'name': 'Analyst Estimates'}",USA,1,TOP3000,MATRIX,1.0,45,126,1.2,[]
anl15_sal_gr_12_m_3m_chg,The weighted 3-month percent change of 12-month forward revenue (SAL) estimation aggregated within GICS group grouping.,"{'id': 'analyst15', 'name': 'Earnings forecasts'}","{'id': 'analyst', 'name': 'Analyst'}","{'id': 'analyst-analyst-estimates', 'name': 'Analyst Estimates'}",USA,1,TOP3000,MATRIX,1.0,25,46,1.2,[]
anl15_sal_gr_12_m_6m_chg,The weighted 6-month percent change of 12-month forward revenue (SAL) estimation aggregated within GICS group grouping.,"{'id': 'analyst15', 'name': 'Earnings forecasts'}","{'id': 'analyst', 'name': 'Analyst'}","{'id': 'analyst-analyst-estimates', 'name': 'Analyst Estimates'}",USA,1,TOP3000,MATRIX,1.0,37,465,1.2,[]
anl15_sal_gr_12_m_cos,The number of companies with a 12-month forward mean revenue (SAL) estimation within GICS group grouping.,"{'id': 'analyst15', 'name': 'Earnings forecasts'}","{'id': 'analyst', 'name': 'Analyst'}","{'id': 'analyst-analyst-estimates', 'name': 'Analyst Estimates'}",USA,1,TOP3000,MATRIX,1.0,25,33,1.2,[]
anl15_sal_gr_12_m_cos_dn,The number of companies for which 12-month forward mean revenue (SAL) estimation has been lowered from last month within GICS group grouping.,"{'id': 'analyst15', 'name': 'Earnings forecasts'}","{'id': 'analyst', 'name': 'Analyst'}","{'id': 'analyst-analyst-estimates', 'name': 'Analyst Estimates'}",USA,1,TOP3000,MATRIX,1.0,29,126,1.2,[]
anl15_sal_gr_12_m_cos_up,The number of companies for which 12-month forward mean revenue (SAL) estimation has been raised from last month within GICS group grouping.,"{'id': 'analyst15', 'name': 'Earnings forecasts'}","{'id': 'analyst', 'name': 'Analyst'}","{'id': 'analyst-analyst-estimates', 'name': 'Analyst Estimates'}",USA,1,TOP3000,MATRIX,1.0,20,25,1.2,[]
anl15_sal_gr_12_m_ests,The 12-month forward pro-rated total number of estimates within GICS group grouping.,"{'id': 'analyst15', 'name': 'Earnings forecasts'}","{'id': 'analyst', 'name': 'Analyst'}","{'id': 'analyst-analyst-estimates', 'name': 'Analyst Estimates'}",USA,1,TOP3000,MATRIX,1.0,18,32,1.2,[]
anl15_sal_gr_12_m_ests_dn,"Count of unique IDs of industry participants. Industry stands for an aggregate view of all  equity clearance activity for the date, symbol, and transaction type in question.","{'id': 'analyst15', 'name': 'Earnings forecasts'}","{'id': 'analyst', 'name': 'Analyst'}","{'id': 'analyst-analyst-estimates', 'name': 'Analyst Estimates'}",USA,1,TOP3000,MATRIX,1.0,71,408,1.2,[]
anl15_sal_gr_12_m_ests_up,"Count of unique IDs of industry participants. Industry stands for an aggregate view of all  equity clearance activity for the date, symbol, and transaction type in question.","{'id': 'analyst15', 'name': 'Earnings forecasts'}","{'id': 'analyst', 'name': 'Analyst'}","{'id': 'analyst-analyst-estimates', 'name': 'Analyst Estimates'}",USA,1,TOP3000,MATRIX,1.0,21,428,1.2,[]
anl15_sal_gr_12_m_gro,The weighted 12-month forward year-over-year growth of revenue (SAL) estimation aggregated within GICS group grouping.,"{'id': 'analyst15', 'name': 'Earnings forecasts'}","{'id': 'analyst', 'name': 'Analyst'}","{'id': 'analyst-analyst-estimates', 'name': 'Analyst Estimates'}",USA,1,TOP3000,MATRIX,1.0,32,84,1.2,[]
anl15_sal_gr_12_m_mean,The weighted average of 12-month forward revenue (SAL) estimation aggregated within GICS group grouping.,"{'id': 'analyst15', 'name': 'Earnings forecasts'}","{'id': 'analyst', 'name': 'Analyst'}","{'id': 'analyst-analyst-estimates', 'name': 'Analyst Estimates'}",USA,1,TOP3000,MATRIX,1.0,34,942,1.2,[]
anl15_sal_gr_12_m_pe,The weighted average price/earnings ratio based on 12-month forward EPS estimation aggregated within GICS group grouping.,"{'id': 'analyst15', 'name': 'Earnings forecasts'}","{'id': 'analyst', 'name': 'Analyst'}","{'id': 'analyst-analyst-estimates', 'name': 'Analyst Estimates'}",USA,1,TOP3000,MATRIX,1.0,53,134,1.2,[]
anl15_sal_gr_12_m_st_dev,The weighted average standard deviation of 12-month forward revenue (SAL) estimation aggregated within GICS group grouping.,"{'id': 'analyst15', 'name': 'Earnings forecasts'}","{'id': 'analyst', 'name': 'Analyst'}","{'id': 'analyst-analyst-estimates', 'name': 'Analyst Estimates'}",USA,1,TOP3000,MATRIX,1.0,59,223,1.2,[]
anl15_sal_gr_12_m_total,The total of 12-month forward revenue (SAL) estimation aggregated within GICS group grouping.,"{'id': 'analyst15', 'name': 'Earnings forecasts'}","{'id': 'analyst', 'name': 'Analyst'}","{'id': 'analyst-analyst-estimates', 'name': 'Analyst Estimates'}",USA,1,TOP3000,MATRIX,1.0,38,83,1.2,[]
anl15_sal_gr_12_m_tr_mean,The weighted average of 12-month trailing revenue (SAL) aggregated within GICS group grouping.,"{'id': 'analyst15', 'name': 'Earnings forecasts'}","{'id': 'analyst', 'name': 'Analyst'}","{'id': 'analyst-analyst-estimates', 'name': 'Analyst Estimates'}",USA,1,TOP3000,MATRIX,1.0,30,68,1.2,[]
anl15_sal_gr_18_m_1m_chg,The weighted 1-month percent change of 18-month forward revenue (SAL) estimation aggregated within GICS group grouping.,"{'id': 'analyst15', 'name': 'Earnings forecasts'}","{'id': 'analyst', 'name': 'Analyst'}","{'id': 'analyst-analyst-estimates', 'name': 'Analyst Estimates'}",USA,1,TOP3000,MATRIX,1.0,22,286,1.2,[]
anl15_sal_gr_18_m_3m_chg,The weighted 3-month percent change of 18-month forward revenue (SAL) estimation aggregated within GICS group grouping.,"{'id': 'analyst15', 'name': 'Earnings forecasts'}","{'id': 'analyst', 'name': 'Analyst'}","{'id': 'analyst-analyst-estimates', 'name': 'Analyst Estimates'}",USA,1,TOP3000,MATRIX,1.0,27,131,1.2,[]
anl15_sal_gr_18_m_6m_chg,The weighted 6-month percent change of 18-month forward revenue (SAL) estimation aggregated within GICS group grouping.,"{'id': 'analyst15', 'name': 'Earnings forecasts'}","{'id': 'analyst', 'name': 'Analyst'}","{'id': 'analyst-analyst-estimates', 'name': 'Analyst Estimates'}",USA,1,TOP3000,MATRIX,1.0,39,69,1.2,[]
anl15_sal_gr_18_m_cos,The number of companies with an 18 month forward mean revenue (SAL) estimation within GICS group grouping.,"{'id': 'analyst15', 'name': 'Earnings forecasts'}","{'id': 'analyst', 'name': 'Analyst'}","{'id': 'analyst-analyst-estimates', 'name': 'Analyst Estimates'}",USA,1,TOP3000,MATRIX,1.0,42,72,1.2,[]
anl15_sal_gr_18_m_cos_dn,The number of companies for which 18-month forward mean revenue (SAL) estimation has been lowered from last month within GICS group grouping.,"{'id': 'analyst15', 'name': 'Earnings forecasts'}","{'id': 'analyst', 'name': 'Analyst'}","{'id': 'analyst-analyst-estimates', 'name': 'Analyst Estimates'}",USA,1,TOP3000,MATRIX,1.0,59,149,1.2,[]
anl15_sal_gr_18_m_cos_up,The number of companies for which 18-month forward mean revenue (SAL) estimation has been raised from last month within GICS group grouping.,"{'id': 'analyst15', 'name': 'Earnings forecasts'}","{'id': 'analyst', 'name': 'Analyst'}","{'id': 'analyst-analyst-estimates', 'name': 'Analyst Estimates'}",USA,1,TOP3000,MATRIX,1.0,26,214,1.2,[]
anl15_sal_gr_18_m_ests,The 18-month forward pro-rated total number of estimates within GICS group grouping.,"{'id': 'analyst15', 'name': 'Earnings forecasts'}","{'id': 'analyst', 'name': 'Analyst'}","{'id': 'analyst-analyst-estimates', 'name': 'Analyst Estimates'}",USA,1,TOP3000,MATRIX,1.0,19,41,1.2,[]
anl15_sal_gr_18_m_ests_dn,"Count of unique IDs of industry participants. Industry stands for an aggregate view of all  equity clearance activity for the date, symbol, and transaction type in question.","{'id': 'analyst15', 'name': 'Earnings forecasts'}","{'id': 'analyst', 'name': 'Analyst'}","{'id': 'analyst-analyst-estimates', 'name': 'Analyst Estimates'}",USA,1,TOP3000,MATRIX,1.0,68,183,1.2,[]
anl15_sal_gr_18_m_ests_up,"Count of unique IDs of industry participants. Industry stands for an aggregate view of all  equity clearance activity for the date, symbol, and transaction type in question.","{'id': 'analyst15', 'name': 'Earnings forecasts'}","{'id': 'analyst', 'name': 'Analyst'}","{'id': 'analyst-analyst-estimates', 'name': 'Analyst Estimates'}",USA,1,TOP3000,MATRIX,1.0,41,164,1.2,[]
anl15_sal_gr_18_m_gro,The weighted 18-month forward year-over-year growth of revenue (SAL) estimation aggregated within GICS group grouping.,"{'id': 'analyst15', 'name': 'Earnings forecasts'}","{'id': 'analyst', 'name': 'Analyst'}","{'id': 'analyst-analyst-estimates', 'name': 'Analyst Estimates'}",USA,1,TOP3000,MATRIX,1.0,12,45,1.2,[]
anl15_sal_gr_18_m_mean,The weighted average of 18-month forward revenue (SAL) estimation aggregated within GICS group grouping.,"{'id': 'analyst15', 'name': 'Earnings forecasts'}","{'id': 'analyst', 'name': 'Analyst'}","{'id': 'analyst-analyst-estimates', 'name': 'Analyst Estimates'}",USA,1,TOP3000,MATRIX,1.0,27,44,1.2,[]
anl15_sal_gr_18_m_pe,The weighted average price/earnings ratio based on 18-month forward EPS estimation aggregated within GICS group grouping.,"{'id': 'analyst15', 'name': 'Earnings forecasts'}","{'id': 'analyst', 'name': 'Analyst'}","{'id': 'analyst-analyst-estimates', 'name': 'Analyst Estimates'}",USA,1,TOP3000,MATRIX,1.0,34,368,1.2,[]
anl15_sal_gr_18_m_st_dev,The weighted average standard deviation of 18-month forward revenue (SAL) estimation aggregated within GICS group grouping.,"{'id': 'analyst15', 'name': 'Earnings forecasts'}","{'id': 'analyst', 'name': 'Analyst'}","{'id': 'analyst-analyst-estimates', 'name': 'Analyst Estimates'}",USA,1,TOP3000,MATRIX,1.0,52,383,1.2,[]
anl15_sal_gr_18_m_total,The total of 18-month forward revenue (SAL) estimation aggregated within GICS group grouping.,"{'id': 'analyst15', 'name': 'Earnings forecasts'}","{'id': 'analyst', 'name': 'Analyst'}","{'id': 'analyst-analyst-estimates', 'name': 'Analyst Estimates'}",USA,1,TOP3000,MATRIX,1.0,26,304,1.2,[]
anl15_sal_gr_cal_fy0_gro,The weighted year over year growth of revenue (SAL) estimation for the current calendarized fiscal year aggregated within GICS group grouping.,"{'id': 'analyst15', 'name': 'Earnings forecasts'}","{'id': 'analyst', 'name': 'Analyst'}","{'id': 'analyst-analyst-estimates', 'name': 'Analyst Estimates'}",USA,1,TOP3000,MATRIX,1.0,46,125,1.2,[]
anl15_sal_gr_cal_fy0_pe,The weighted average price/earnings ratio based on EPS estimation for the current calendarized fiscal year aggregated within GICS group grouping.,"{'id': 'analyst15', 'name': 'Earnings forecasts'}","{'id': 'analyst', 'name': 'Analyst'}","{'id': 'analyst-analyst-estimates', 'name': 'Analyst Estimates'}",USA,1,TOP3000,MATRIX,1.0,36,84,1.2,[]
anl15_sal_gr_cal_fy0_total,The total of revenue (SAL) estimation for the current calendarized fiscal year aggregated within GICS group grouping.,"{'id': 'analyst15', 'name': 'Earnings forecasts'}","{'id': 'analyst', 'name': 'Analyst'}","{'id': 'analyst-analyst-estimates', 'name': 'Analyst Estimates'}",USA,1,TOP3000,MATRIX,1.0,35,264,1.2,[]
anl15_sal_gr_cal_fy0_val,The weighted average of revenue (SAL) estimation for the current calendarized fiscal year aggregated within GICS group grouping.,"{'id': 'analyst15', 'name': 'Earnings forecasts'}","{'id': 'analyst', 'name': 'Analyst'}","{'id': 'analyst-analyst-estimates', 'name': 'Analyst Estimates'}",USA,1,TOP3000,MATRIX,1.0,44,176,1.2,[]
anl15_sal_gr_cal_fy1_1m_chg,The weighted 1-month percent change of revenue (SAL) estimation for the calendarized 1 fiscal year aggregated within GICS group grouping.,"{'id': 'analyst15', 'name': 'Earnings forecasts'}","{'id': 'analyst', 'name': 'Analyst'}","{'id': 'analyst-analyst-estimates', 'name': 'Analyst Estimates'}",USA,1,TOP3000,MATRIX,1.0,32,228,1.2,[]
anl15_sal_gr_cal_fy1_3m_chg,The weighted 3-month percent change of revenue (SAL) estimation for the calendarized 1 fiscal year aggregated within GICS group grouping.,"{'id': 'analyst15', 'name': 'Earnings forecasts'}","{'id': 'analyst', 'name': 'Analyst'}","{'id': 'analyst-analyst-estimates', 'name': 'Analyst Estimates'}",USA,1,TOP3000,MATRIX,1.0,14,33,1.2,[]
anl15_sal_gr_cal_fy1_6m_chg,The weighted 6-month percent change of revenue (SAL) estimation for the calendarized 1 fiscal year aggregated within GICS group grouping.,"{'id': 'analyst15', 'name': 'Earnings forecasts'}","{'id': 'analyst', 'name': 'Analyst'}","{'id': 'analyst-analyst-estimates', 'name': 'Analyst Estimates'}",USA,1,TOP3000,MATRIX,1.0,22,390,1.2,[]
anl15_sal_gr_cal_fy1_cos,The number of companies with a calendarized 1 fiscal year revenue (SAL) estimation within GICS group grouping.,"{'id': 'analyst15', 'name': 'Earnings forecasts'}","{'id': 'analyst', 'name': 'Analyst'}","{'id': 'analyst-analyst-estimates', 'name': 'Analyst Estimates'}",USA,1,TOP3000,MATRIX,1.0,28,83,1.2,[]
anl15_sal_gr_cal_fy1_ests,The total number of calendarized 1 fiscal year revenue (SAL) estimations within GICS group grouping.,"{'id': 'analyst15', 'name': 'Earnings forecasts'}","{'id': 'analyst', 'name': 'Analyst'}","{'id': 'analyst-analyst-estimates', 'name': 'Analyst Estimates'}",USA,1,TOP3000,MATRIX,1.0,32,59,1.2,[]
anl15_sal_gr_cal_fy1_gro,The weighted year-over-year growth of revenue (SAL) estimation for the calendarized 1 fiscal year aggregated within GICS group grouping.,"{'id': 'analyst15', 'name': 'Earnings forecasts'}","{'id': 'analyst', 'name': 'Analyst'}","{'id': 'analyst-analyst-estimates', 'name': 'Analyst Estimates'}",USA,1,TOP3000,MATRIX,1.0,47,113,1.2,[]
anl15_sal_gr_cal_fy1_mean,The weighted average of revenue (SAL) estimation for the calendarized 1 fiscal year aggregated within GICS group grouping.,"{'id': 'analyst15', 'name': 'Earnings forecasts'}","{'id': 'analyst', 'name': 'Analyst'}","{'id': 'analyst-analyst-estimates', 'name': 'Analyst Estimates'}",USA,1,TOP3000,MATRIX,1.0,29,100,1.2,[]
anl15_sal_gr_cal_fy1_pe,The weighted average price/earnings ratio based on EPS estimation for the calendarized 1 fiscal year aggregated within GICS group grouping.,"{'id': 'analyst15', 'name': 'Earnings forecasts'}","{'id': 'analyst', 'name': 'Analyst'}","{'id': 'analyst-analyst-estimates', 'name': 'Analyst Estimates'}",USA,1,TOP3000,MATRIX,1.0,73,1329,1.2,[]
anl15_sal_gr_cal_fy1_st_dev,The weighted average standard deviation of revenue (SAL) estimation for the calendarized 1 fiscal year aggregated within GICS group grouping.,"{'id': 'analyst15', 'name': 'Earnings forecasts'}","{'id': 'analyst', 'name': 'Analyst'}","{'id': 'analyst-analyst-estimates', 'name': 'Analyst Estimates'}",USA,1,TOP3000,MATRIX,1.0,32,560,1.2,[]
anl15_sal_gr_cal_fy1_total,The total of revenue (SAL) estimation for the calendarized 1 fiscal year aggregated within GICS group grouping.,"{'id': 'analyst15', 'name': 'Earnings forecasts'}","{'id': 'analyst', 'name': 'Analyst'}","{'id': 'analyst-analyst-estimates', 'name': 'Analyst Estimates'}",USA,1,TOP3000,MATRIX,1.0,23,555,1.2,[]
anl15_sal_gr_cal_fy2_1m_chg,The weighted 1-month percent change of revenue (SAL) estimation for the calendarized 2 fiscal years aggregated within GICS group grouping.,"{'id': 'analyst15', 'name': 'Earnings forecasts'}","{'id': 'analyst', 'name': 'Analyst'}","{'id': 'analyst-analyst-estimates', 'name': 'Analyst Estimates'}",USA,1,TOP3000,MATRIX,1.0,39,117,1.2,[]
anl15_sal_gr_cal_fy2_3m_chg,The weighted 3-month percent change of revenue (SAL) estimation for the calendarized 2 fiscal year aggregated within GICS group grouping.,"{'id': 'analyst15', 'name': 'Earnings forecasts'}","{'id': 'analyst', 'name': 'Analyst'}","{'id': 'analyst-analyst-estimates', 'name': 'Analyst Estimates'}",USA,1,TOP3000,MATRIX,1.0,22,243,1.2,[]
anl15_sal_gr_cal_fy2_6m_chg,The weighted 6-month percent change of revenue (SAL) estimation for the calendarized 2 fiscal years aggregated within GICS group grouping.,"{'id': 'analyst15', 'name': 'Earnings forecasts'}","{'id': 'analyst', 'name': 'Analyst'}","{'id': 'analyst-analyst-estimates', 'name': 'Analyst Estimates'}",USA,1,TOP3000,MATRIX,1.0,11,16,1.2,[]
anl15_sal_gr_cal_fy2_cos,The number of companies with a calendarized 2 fiscal year revenue (SAL) estimation within GICS group grouping.,"{'id': 'analyst15', 'name': 'Earnings forecasts'}","{'id': 'analyst', 'name': 'Analyst'}","{'id': 'analyst-analyst-estimates', 'name': 'Analyst Estimates'}",USA,1,TOP3000,MATRIX,1.0,38,313,1.2,[]
anl15_sal_gr_cal_fy2_ests,The total number of calendarized 2 fiscal year revenue (SAL) estimations within GICS group grouping.,"{'id': 'analyst15', 'name': 'Earnings forecasts'}","{'id': 'analyst', 'name': 'Analyst'}","{'id': 'analyst-analyst-estimates', 'name': 'Analyst Estimates'}",USA,1,TOP3000,MATRIX,1.0,21,74,1.2,[]
anl15_sal_gr_cal_fy2_gro,The weighted year-over-year growth of revenue (SAL) estimation for the calendarized 2 fiscal year aggregated within GICS group grouping.,"{'id': 'analyst15', 'name': 'Earnings forecasts'}","{'id': 'analyst', 'name': 'Analyst'}","{'id': 'analyst-analyst-estimates', 'name': 'Analyst Estimates'}",USA,1,TOP3000,MATRIX,1.0,54,187,1.2,[]
anl15_sal_gr_cal_fy2_mean,The weighted average of revenue (SAL) estimation for the calendarized 2-fiscal-year aggregated within GICS group grouping.,"{'id': 'analyst15', 'name': 'Earnings forecasts'}","{'id': 'analyst', 'name': 'Analyst'}","{'id': 'analyst-analyst-estimates', 'name': 'Analyst Estimates'}",USA,1,TOP3000,MATRIX,1.0,25,48,1.2,[]
anl15_sal_gr_cal_fy2_pe,The weighted average price/earnings ratio based on EPS estimation for the calendarized 2 fiscal years aggregated within GICS group grouping.,"{'id': 'analyst15', 'name': 'Earnings forecasts'}","{'id': 'analyst', 'name': 'Analyst'}","{'id': 'analyst-analyst-estimates', 'name': 'Analyst Estimates'}",USA,1,TOP3000,MATRIX,1.0,38,349,1.2,[]
anl15_sal_gr_cal_fy2_st_dev,The weighted average standard deviation of revenue (SAL) estimation for the calendarized 2 fiscal years aggregated within GICS group grouping.,"{'id': 'analyst15', 'name': 'Earnings forecasts'}","{'id': 'analyst', 'name': 'Analyst'}","{'id': 'analyst-analyst-estimates', 'name': 'Analyst Estimates'}",USA,1,TOP3000,MATRIX,1.0,26,116,1.2,[]
anl15_sal_gr_cal_fy2_total,The total of revenue (SAL) estimation for the calendarized 2 fiscal years aggregated within GICS group grouping.,"{'id': 'analyst15', 'name': 'Earnings forecasts'}","{'id': 'analyst', 'name': 'Analyst'}","{'id': 'analyst-analyst-estimates', 'name': 'Analyst Estimates'}",USA,1,TOP3000,MATRIX,1.0,14,54,1.2,[]
anl15_sal_gr_cal_fy3_1m_chg,The weighted one month percent change of revenue (SAL) estimation for the calendarized 3 fiscal year aggregated within GICS group grouping.,"{'id': 'analyst15', 'name': 'Earnings forecasts'}","{'id': 'analyst', 'name': 'Analyst'}","{'id': 'analyst-analyst-estimates', 'name': 'Analyst Estimates'}",USA,1,TOP3000,MATRIX,1.0,40,116,1.2,[]
anl15_sal_gr_cal_fy3_3m_chg,The weighted 3 month percent change of revenue (SAL) estimation for the calendarized 3 fiscal year aggregated within GICS group grouping.,"{'id': 'analyst15', 'name': 'Earnings forecasts'}","{'id': 'analyst', 'name': 'Analyst'}","{'id': 'analyst-analyst-estimates', 'name': 'Analyst Estimates'}",USA,1,TOP3000,MATRIX,1.0,33,369,1.2,[]
anl15_sal_gr_cal_fy3_6m_chg,The weighted 6 month percent change of revenue (SAL) estimation for the calendarized 3 fiscal year aggregated within GICS group grouping.,"{'id': 'analyst15', 'name': 'Earnings forecasts'}","{'id': 'analyst', 'name': 'Analyst'}","{'id': 'analyst-analyst-estimates', 'name': 'Analyst Estimates'}",USA,1,TOP3000,MATRIX,1.0,31,149,1.2,[]
anl15_sal_gr_cal_fy3_cos,The number of companies with a calendarized 3 fiscal year revenue (SAL) estimation within GICS group grouping.,"{'id': 'analyst15', 'name': 'Earnings forecasts'}","{'id': 'analyst', 'name': 'Analyst'}","{'id': 'analyst-analyst-estimates', 'name': 'Analyst Estimates'}",USA,1,TOP3000,MATRIX,1.0,58,153,1.2,[]
anl15_sal_gr_cal_fy3_ests,The total number of calendarized 3 fiscal year revenue (SAL) estimation within GICS group grouping.,"{'id': 'analyst15', 'name': 'Earnings forecasts'}","{'id': 'analyst', 'name': 'Analyst'}","{'id': 'analyst-analyst-estimates', 'name': 'Analyst Estimates'}",USA,1,TOP3000,MATRIX,1.0,20,148,1.2,[]
anl15_sal_gr_cal_fy3_gro,The weighted year-over-year growth of revenue (SAL) estimation for the calendarized 3 fiscal years aggregated within GICS group grouping.,"{'id': 'analyst15', 'name': 'Earnings forecasts'}","{'id': 'analyst', 'name': 'Analyst'}","{'id': 'analyst-analyst-estimates', 'name': 'Analyst Estimates'}",USA,1,TOP3000,MATRIX,1.0,33,78,1.2,[]
anl15_sal_gr_cal_fy3_mean,The weighted average of revenue (SAL) estimation for the calendarized 3 fiscal years aggregated within GICS group grouping.,"{'id': 'analyst15', 'name': 'Earnings forecasts'}","{'id': 'analyst', 'name': 'Analyst'}","{'id': 'analyst-analyst-estimates', 'name': 'Analyst Estimates'}",USA,1,TOP3000,MATRIX,1.0,21,127,1.2,[]
anl15_sal_gr_cal_fy3_pe,The weighted average price/earnings ratio based on EPS estimation for the calendarized 3 fiscal years aggregated within GICS group grouping.,"{'id': 'analyst15', 'name': 'Earnings forecasts'}","{'id': 'analyst', 'name': 'Analyst'}","{'id': 'analyst-analyst-estimates', 'name': 'Analyst Estimates'}",USA,1,TOP3000,MATRIX,1.0,25,56,1.2,[]
anl15_sal_gr_cal_fy3_st_dev,The weighted average standard deviation of revenue (SAL) estimation for the calendarized 3 fiscal years aggregated within GICS group grouping.,"{'id': 'analyst15', 'name': 'Earnings forecasts'}","{'id': 'analyst', 'name': 'Analyst'}","{'id': 'analyst-analyst-estimates', 'name': 'Analyst Estimates'}",USA,1,TOP3000,MATRIX,1.0,55,201,1.2,[]
anl15_sal_gr_cal_fy3_total,The total of revenue (SAL) estimation for the calendarized 3 fiscal years aggregated within GICS group grouping.,"{'id': 'analyst15', 'name': 'Earnings forecasts'}","{'id': 'analyst', 'name': 'Analyst'}","{'id': 'analyst-analyst-estimates', 'name': 'Analyst Estimates'}",USA,1,TOP3000,MATRIX,1.0,17,35,1.2,[]
anl15_sal_gr_fy1_cos_dn,The number of companies for which revenue (SAL) estimation for the calendarized 1 fiscal year has been lowered from last month within GICS group grouping.,"{'id': 'analyst15', 'name': 'Earnings forecasts'}","{'id': 'analyst', 'name': 'Analyst'}","{'id': 'analyst-analyst-estimates', 'name': 'Analyst Estimates'}",USA,1,TOP3000,MATRIX,1.0,42,126,1.2,[]
anl15_sal_gr_fy1_cos_up,The number of companies for which revenue (SAL) estimation for the calendarized one fiscal year has been raised from last month within GICS group grouping.,"{'id': 'analyst15', 'name': 'Earnings forecasts'}","{'id': 'analyst', 'name': 'Analyst'}","{'id': 'analyst-analyst-estimates', 'name': 'Analyst Estimates'}",USA,1,TOP3000,MATRIX,1.0,30,56,1.2,[]
anl15_sal_gr_fy1_ests_dn,"Count of unique IDs of industry participants. Industry stands for an aggregate view of all  equity clearance activity for the date, symbol, and transaction type in question.","{'id': 'analyst15', 'name': 'Earnings forecasts'}","{'id': 'analyst', 'name': 'Analyst'}","{'id': 'analyst-analyst-estimates', 'name': 'Analyst Estimates'}",USA,1,TOP3000,MATRIX,1.0,35,80,1.2,[]
anl15_sal_gr_fy1_ests_up,"Count of unique IDs of industry participants. Industry stands for an aggregate view of all  equity clearance activity for the date, symbol, and transaction type in question.","{'id': 'analyst15', 'name': 'Earnings forecasts'}","{'id': 'analyst', 'name': 'Analyst'}","{'id': 'analyst-analyst-estimates', 'name': 'Analyst Estimates'}",USA,1,TOP3000,MATRIX,1.0,18,52,1.2,[]
anl15_sal_gr_fy2_cos_dn,The number of companies for which revenue (SAL) estimation for the calendarized 2 fiscal year has been lowered from last month within GICS group grouping.,"{'id': 'analyst15', 'name': 'Earnings forecasts'}","{'id': 'analyst', 'name': 'Analyst'}","{'id': 'analyst-analyst-estimates', 'name': 'Analyst Estimates'}",USA,1,TOP3000,MATRIX,1.0,31,110,1.2,[]
anl15_sal_gr_fy2_cos_up,The number of companies for which revenue (SAL) estimation for the calendarized 2 fiscal year has been raised from last month within GICS group grouping.,"{'id': 'analyst15', 'name': 'Earnings forecasts'}","{'id': 'analyst', 'name': 'Analyst'}","{'id': 'analyst-analyst-estimates', 'name': 'Analyst Estimates'}",USA,1,TOP3000,MATRIX,1.0,23,185,1.2,[]
anl15_sal_gr_fy2_ests_dn,"Count of unique IDs of industry participants. Industry stands for an aggregate view of all  equity clearance activity for the date, symbol, and transaction type in question.","{'id': 'analyst15', 'name': 'Earnings forecasts'}","{'id': 'analyst', 'name': 'Analyst'}","{'id': 'analyst-analyst-estimates', 'name': 'Analyst Estimates'}",USA,1,TOP3000,MATRIX,1.0,43,487,1.2,[]
anl15_sal_gr_fy2_ests_up,"Count of unique IDs of industry participants. Industry stands for an aggregate view of all  equity clearance activity for the date, symbol, and transaction type in question.","{'id': 'analyst15', 'name': 'Earnings forecasts'}","{'id': 'analyst', 'name': 'Analyst'}","{'id': 'analyst-analyst-estimates', 'name': 'Analyst Estimates'}",USA,1,TOP3000,MATRIX,1.0,26,52,1.2,[]
anl15_sal_gr_fy3_cos_dn,The number of companies for which revenue (SAL) estimation for the calendarized 3 fiscal years has been lowered from last month within GICS group grouping.,"{'id': 'analyst15', 'name': 'Earnings forecasts'}","{'id': 'analyst', 'name': 'Analyst'}","{'id': 'analyst-analyst-estimates', 'name': 'Analyst Estimates'}",USA,1,TOP3000,MATRIX,1.0,18,65,1.2,[]
anl15_sal_gr_fy3_cos_up,The number of companies for which revenue (SAL) estimation for the calendarized 3 fiscal years has been raised from last month within GICS group grouping.,"{'id': 'analyst15', 'name': 'Earnings forecasts'}","{'id': 'analyst', 'name': 'Analyst'}","{'id': 'analyst-analyst-estimates', 'name': 'Analyst Estimates'}",USA,1,TOP3000,MATRIX,1.0,25,165,1.2,[]
anl15_sal_gr_fy3_ests_dn,"Count of unique IDs of industry participants. Industry stands for an aggregate view of all  equity clearance activity for the date, symbol, and transaction type in question.","{'id': 'analyst15', 'name': 'Earnings forecasts'}","{'id': 'analyst', 'name': 'Analyst'}","{'id': 'analyst-analyst-estimates', 'name': 'Analyst Estimates'}",USA,1,TOP3000,MATRIX,1.0,40,328,1.2,[]
anl15_sal_gr_fy3_ests_up,"Count of unique IDs of industry participants. Industry stands for an aggregate view of all  equity clearance activity for the date, symbol, and transaction type in question.","{'id': 'analyst15', 'name': 'Earnings forecasts'}","{'id': 'analyst', 'name': 'Analyst'}","{'id': 'analyst-analyst-estimates', 'name': 'Analyst Estimates'}",USA,1,TOP3000,MATRIX,1.0,32,189,1.2,[]
anl15_sal_ind_12_m_1m_chg,The weighted 1-month percent change of 12-month forward revenue (SAL) estimation aggregated within GICS industry grouping.,"{'id': 'analyst15', 'name': 'Earnings forecasts'}","{'id': 'analyst', 'name': 'Analyst'}","{'id': 'analyst-analyst-estimates', 'name': 'Analyst Estimates'}",USA,1,TOP3000,MATRIX,0.994,30,278,1.2,[]
anl15_sal_ind_12_m_3m_chg,The weighted 3-month percent change of 12-month forward revenue (SAL) estimation aggregated within GICS industry grouping.,"{'id': 'analyst15', 'name': 'Earnings forecasts'}","{'id': 'analyst', 'name': 'Analyst'}","{'id': 'analyst-analyst-estimates', 'name': 'Analyst Estimates'}",USA,1,TOP3000,MATRIX,0.9943,15,31,1.2,[]
anl15_sal_ind_12_m_6m_chg,The weighted 6-month percent change of 12-month forward revenue (SAL) estimation aggregated within GICS industry grouping.,"{'id': 'analyst15', 'name': 'Earnings forecasts'}","{'id': 'analyst', 'name': 'Analyst'}","{'id': 'analyst-analyst-estimates', 'name': 'Analyst Estimates'}",USA,1,TOP3000,MATRIX,0.9943,31,52,1.2,[]
anl15_sal_ind_12_m_cos,The number of companies with a 12-month forward mean revenue (SAL) estimation within GICS industry grouping.,"{'id': 'analyst15', 'name': 'Earnings forecasts'}","{'id': 'analyst', 'name': 'Analyst'}","{'id': 'analyst-analyst-estimates', 'name': 'Analyst Estimates'}",USA,1,TOP3000,MATRIX,0.9943,41,76,1.2,[]
anl15_sal_ind_12_m_cos_dn,The number of companies for which 12 month forward mean revenue (SAL) estimation has been lowered from last month within GICS industry grouping.,"{'id': 'analyst15', 'name': 'Earnings forecasts'}","{'id': 'analyst', 'name': 'Analyst'}","{'id': 'analyst-analyst-estimates', 'name': 'Analyst Estimates'}",USA,1,TOP3000,MATRIX,0.9878,20,48,1.2,[]
anl15_sal_ind_12_m_cos_up,The number of companies for which 12-month forward mean revenue (SAL) estimation has been raised from last month within GICS industry grouping.,"{'id': 'analyst15', 'name': 'Earnings forecasts'}","{'id': 'analyst', 'name': 'Analyst'}","{'id': 'analyst-analyst-estimates', 'name': 'Analyst Estimates'}",USA,1,TOP3000,MATRIX,0.9842,21,205,1.2,[]
anl15_sal_ind_12_m_ests,The 12-month forward pro-rated total number of estimates within GICS industry grouping.,"{'id': 'analyst15', 'name': 'Earnings forecasts'}","{'id': 'analyst', 'name': 'Analyst'}","{'id': 'analyst-analyst-estimates', 'name': 'Analyst Estimates'}",USA,1,TOP3000,MATRIX,0.9943,58,351,1.2,[]
anl15_sal_ind_12_m_ests_dn,"Count of unique IDs of industry participants. Industry stands for an aggregate view of all  equity clearance activity for the date, symbol, and transaction type in question.","{'id': 'analyst15', 'name': 'Earnings forecasts'}","{'id': 'analyst', 'name': 'Analyst'}","{'id': 'analyst-analyst-estimates', 'name': 'Analyst Estimates'}",USA,1,TOP3000,MATRIX,0.9879,45,353,1.2,[]
anl15_sal_ind_12_m_ests_up,"Count of unique IDs of industry participants. Industry stands for an aggregate view of all  equity clearance activity for the date, symbol, and transaction type in question.","{'id': 'analyst15', 'name': 'Earnings forecasts'}","{'id': 'analyst', 'name': 'Analyst'}","{'id': 'analyst-analyst-estimates', 'name': 'Analyst Estimates'}",USA,1,TOP3000,MATRIX,0.9858,26,125,1.2,[]
anl15_sal_ind_12_m_gro,The weighted 12-month forward year-over-year growth of revenue (SAL) estimation aggregated within GICS industry grouping.,"{'id': 'analyst15', 'name': 'Earnings forecasts'}","{'id': 'analyst', 'name': 'Analyst'}","{'id': 'analyst-analyst-estimates', 'name': 'Analyst Estimates'}",USA,1,TOP3000,MATRIX,0.9943,29,146,1.2,[]
anl15_sal_ind_12_m_mean,The weighted average of 12 month forward revenue (SAL) estimation aggregated within GICS industry grouping.,"{'id': 'analyst15', 'name': 'Earnings forecasts'}","{'id': 'analyst', 'name': 'Analyst'}","{'id': 'analyst-analyst-estimates', 'name': 'Analyst Estimates'}",USA,1,TOP3000,MATRIX,0.9943,36,250,1.2,[]
anl15_sal_ind_12_m_pe,The weighted average price/earnings ratio based on 12-month forward EPS estimation aggregated within GICS industry grouping.,"{'id': 'analyst15', 'name': 'Earnings forecasts'}","{'id': 'analyst', 'name': 'Analyst'}","{'id': 'analyst-analyst-estimates', 'name': 'Analyst Estimates'}",USA,1,TOP3000,MATRIX,0.9943,32,72,1.2,[]
anl15_sal_ind_12_m_st_dev,The weighted average standard deviation of 12-month forward revenue (SAL) estimation aggregated within GICS industry grouping.,"{'id': 'analyst15', 'name': 'Earnings forecasts'}","{'id': 'analyst', 'name': 'Analyst'}","{'id': 'analyst-analyst-estimates', 'name': 'Analyst Estimates'}",USA,1,TOP3000,MATRIX,0.9943,46,538,1.2,[]
anl15_sal_ind_12_m_total,The total of 12-month forward revenue (SAL) estimation aggregated within GICS industry grouping.,"{'id': 'analyst15', 'name': 'Earnings forecasts'}","{'id': 'analyst', 'name': 'Analyst'}","{'id': 'analyst-analyst-estimates', 'name': 'Analyst Estimates'}",USA,1,TOP3000,MATRIX,0.9943,30,45,1.2,[]
anl15_sal_ind_12_m_tr_mean,The weighted average of 12-month trailing revenue (SAL) aggregated within GICS industry grouping.,"{'id': 'analyst15', 'name': 'Earnings forecasts'}","{'id': 'analyst', 'name': 'Analyst'}","{'id': 'analyst-analyst-estimates', 'name': 'Analyst Estimates'}",USA,1,TOP3000,MATRIX,0.9943,25,180,1.2,[]
anl15_sal_ind_18_m_1m_chg,The weighted 1-month percent change of 18-month forward revenue (SAL) estimation aggregated within GICS industry grouping.,"{'id': 'analyst15', 'name': 'Earnings forecasts'}","{'id': 'analyst', 'name': 'Analyst'}","{'id': 'analyst-analyst-estimates', 'name': 'Analyst Estimates'}",USA,1,TOP3000,MATRIX,0.994,14,57,1.2,[]
anl15_sal_ind_18_m_3m_chg,The weighted 3-month percent change of 18-month forward revenue (SAL) estimation aggregated within GICS industry grouping.,"{'id': 'analyst15', 'name': 'Earnings forecasts'}","{'id': 'analyst', 'name': 'Analyst'}","{'id': 'analyst-analyst-estimates', 'name': 'Analyst Estimates'}",USA,1,TOP3000,MATRIX,0.9942,13,123,1.2,[]
anl15_sal_ind_18_m_6m_chg,The weighted 6-month percent change of 18-month forward revenue (SAL) estimation aggregated within GICS industry grouping.,"{'id': 'analyst15', 'name': 'Earnings forecasts'}","{'id': 'analyst', 'name': 'Analyst'}","{'id': 'analyst-analyst-estimates', 'name': 'Analyst Estimates'}",USA,1,TOP3000,MATRIX,0.9941,32,109,1.2,[]
anl15_sal_ind_18_m_cos,The number of companies with an 18-month forward mean revenue (SAL) estimation within GICS industry grouping.,"{'id': 'analyst15', 'name': 'Earnings forecasts'}","{'id': 'analyst', 'name': 'Analyst'}","{'id': 'analyst-analyst-estimates', 'name': 'Analyst Estimates'}",USA,1,TOP3000,MATRIX,0.9942,46,401,1.2,[]
anl15_sal_ind_18_m_cos_dn,The number of companies for which 18-month forward mean revenue (SAL) estimation has been lowered from last month within GICS industry grouping.,"{'id': 'analyst15', 'name': 'Earnings forecasts'}","{'id': 'analyst', 'name': 'Analyst'}","{'id': 'analyst-analyst-estimates', 'name': 'Analyst Estimates'}",USA,1,TOP3000,MATRIX,0.9882,31,46,1.2,[]
anl15_sal_ind_18_m_cos_up,The number of companies for which 18-month forward mean revenue (SAL) estimation has been raised from last month within GICS industry grouping.,"{'id': 'analyst15', 'name': 'Earnings forecasts'}","{'id': 'analyst', 'name': 'Analyst'}","{'id': 'analyst-analyst-estimates', 'name': 'Analyst Estimates'}",USA,1,TOP3000,MATRIX,0.9854,37,67,1.2,[]
anl15_sal_ind_18_m_ests,The 18-month forward pro-rated total number of estimates within GICS industry grouping.,"{'id': 'analyst15', 'name': 'Earnings forecasts'}","{'id': 'analyst', 'name': 'Analyst'}","{'id': 'analyst-analyst-estimates', 'name': 'Analyst Estimates'}",USA,1,TOP3000,MATRIX,0.9942,82,332,1.2,[]
anl15_sal_ind_18_m_ests_dn,"Count of unique IDs of industry participants. Industry stands for an aggregate view of all  equity clearance activity for the date, symbol, and transaction type in question.","{'id': 'analyst15', 'name': 'Earnings forecasts'}","{'id': 'analyst', 'name': 'Analyst'}","{'id': 'analyst-analyst-estimates', 'name': 'Analyst Estimates'}",USA,1,TOP3000,MATRIX,0.985,30,49,1.2,[]
anl15_sal_ind_18_m_ests_up,"Count of unique IDs of industry participants. Industry stands for an aggregate view of all  equity clearance activity for the date, symbol, and transaction type in question.","{'id': 'analyst15', 'name': 'Earnings forecasts'}","{'id': 'analyst', 'name': 'Analyst'}","{'id': 'analyst-analyst-estimates', 'name': 'Analyst Estimates'}",USA,1,TOP3000,MATRIX,0.9842,19,56,1.2,[]
anl15_sal_ind_18_m_gro,The weighted 18-month forward year-over-year growth of revenue (SAL) estimation aggregated within GICS industry grouping.,"{'id': 'analyst15', 'name': 'Earnings forecasts'}","{'id': 'analyst', 'name': 'Analyst'}","{'id': 'analyst-analyst-estimates', 'name': 'Analyst Estimates'}",USA,1,TOP3000,MATRIX,0.9942,45,511,1.2,[]
anl15_sal_ind_18_m_mean,The weighted average of 18-month forward revenue (SAL) estimation aggregated within GICS industry grouping.,"{'id': 'analyst15', 'name': 'Earnings forecasts'}","{'id': 'analyst', 'name': 'Analyst'}","{'id': 'analyst-analyst-estimates', 'name': 'Analyst Estimates'}",USA,1,TOP3000,MATRIX,0.9942,10,23,1.2,[]
anl15_sal_ind_18_m_pe,The weighted average price/earnings ratio based on 18-month forward EPS estimation aggregated within GICS industry grouping.,"{'id': 'analyst15', 'name': 'Earnings forecasts'}","{'id': 'analyst', 'name': 'Analyst'}","{'id': 'analyst-analyst-estimates', 'name': 'Analyst Estimates'}",USA,1,TOP3000,MATRIX,0.9942,24,219,1.2,[]
anl15_sal_ind_18_m_st_dev,The weighted average standard deviation of 18-month forward revenue (SAL) estimation aggregated within GICS industry grouping.,"{'id': 'analyst15', 'name': 'Earnings forecasts'}","{'id': 'analyst', 'name': 'Analyst'}","{'id': 'analyst-analyst-estimates', 'name': 'Analyst Estimates'}",USA,1,TOP3000,MATRIX,0.9941,43,180,1.2,[]
anl15_sal_ind_18_m_total,The total of 18 month forward revenue (SAL) estimation aggregated within GICS industry grouping.,"{'id': 'analyst15', 'name': 'Earnings forecasts'}","{'id': 'analyst', 'name': 'Analyst'}","{'id': 'analyst-analyst-estimates', 'name': 'Analyst Estimates'}",USA,1,TOP3000,MATRIX,0.9942,13,29,1.2,[]
anl15_sal_ind_cal_fy0_gro,The weighted year-over-year growth of revenue (SAL) estimation for the current calendarized fiscal year aggregated within GICS industry grouping.,"{'id': 'analyst15', 'name': 'Earnings forecasts'}","{'id': 'analyst', 'name': 'Analyst'}","{'id': 'analyst-analyst-estimates', 'name': 'Analyst Estimates'}",USA,1,TOP3000,MATRIX,0.9942,64,173,1.2,[]
anl15_sal_ind_cal_fy0_pe,The weighted average price/earnings ratio based on EPS estimation for the current calendarized fiscal year aggregated within GICS industry grouping.,"{'id': 'analyst15', 'name': 'Earnings forecasts'}","{'id': 'analyst', 'name': 'Analyst'}","{'id': 'analyst-analyst-estimates', 'name': 'Analyst Estimates'}",USA,1,TOP3000,MATRIX,0.9943,36,94,1.2,[]
anl15_sal_ind_cal_fy0_total,The total of revenue (SAL) estimation for the current calendarized fiscal year aggregated within GICS industry grouping.,"{'id': 'analyst15', 'name': 'Earnings forecasts'}","{'id': 'analyst', 'name': 'Analyst'}","{'id': 'analyst-analyst-estimates', 'name': 'Analyst Estimates'}",USA,1,TOP3000,MATRIX,0.9943,28,55,1.2,[]
anl15_sal_ind_cal_fy0_val,The weighted average of revenue (SAL) estimation for the current calendarized fiscal year aggregated within GICS industry grouping.,"{'id': 'analyst15', 'name': 'Earnings forecasts'}","{'id': 'analyst', 'name': 'Analyst'}","{'id': 'analyst-analyst-estimates', 'name': 'Analyst Estimates'}",USA,1,TOP3000,MATRIX,0.9943,34,133,1.2,[]
anl15_sal_ind_cal_fy1_1m_chg,The weighted 1-month percent change of revenue (SAL) estimation for the calendarized 1 fiscal year aggregated within GICS industry grouping.,"{'id': 'analyst15', 'name': 'Earnings forecasts'}","{'id': 'analyst', 'name': 'Analyst'}","{'id': 'analyst-analyst-estimates', 'name': 'Analyst Estimates'}",USA,1,TOP3000,MATRIX,0.9939,37,108,1.2,[]
anl15_sal_ind_cal_fy1_3m_chg,The weighted 3-month percent change of revenue (SAL) estimation for the calendarized 1 fiscal year aggregated within GICS industry grouping.,"{'id': 'analyst15', 'name': 'Earnings forecasts'}","{'id': 'analyst', 'name': 'Analyst'}","{'id': 'analyst-analyst-estimates', 'name': 'Analyst Estimates'}",USA,1,TOP3000,MATRIX,0.9941,27,66,1.2,[]
anl15_sal_ind_cal_fy1_6m_chg,The weighted 6-month percent change of revenue (SAL) estimation for the calendarized 1 fiscal year aggregated within GICS industry grouping.,"{'id': 'analyst15', 'name': 'Earnings forecasts'}","{'id': 'analyst', 'name': 'Analyst'}","{'id': 'analyst-analyst-estimates', 'name': 'Analyst Estimates'}",USA,1,TOP3000,MATRIX,0.9941,29,60,1.2,[]
anl15_sal_ind_cal_fy1_cos,The number of companies with a calendarized 1 fiscal year revenue (SAL) estimation within GICS industry grouping.,"{'id': 'analyst15', 'name': 'Earnings forecasts'}","{'id': 'analyst', 'name': 'Analyst'}","{'id': 'analyst-analyst-estimates', 'name': 'Analyst Estimates'}",USA,1,TOP3000,MATRIX,0.9943,33,589,1.2,[]
anl15_sal_ind_cal_fy1_ests,The total number of calendarized 1 fiscal year revenue (SAL) estimation within GICS industry grouping.,"{'id': 'analyst15', 'name': 'Earnings forecasts'}","{'id': 'analyst', 'name': 'Analyst'}","{'id': 'analyst-analyst-estimates', 'name': 'Analyst Estimates'}",USA,1,TOP3000,MATRIX,0.9941,24,289,1.2,[]
anl15_sal_ind_cal_fy1_gro,The weighted year-over-year growth of revenue (SAL) estimation for the calendarized 1 fiscal year aggregated within GICS industry grouping.,"{'id': 'analyst15', 'name': 'Earnings forecasts'}","{'id': 'analyst', 'name': 'Analyst'}","{'id': 'analyst-analyst-estimates', 'name': 'Analyst Estimates'}",USA,1,TOP3000,MATRIX,0.9943,28,129,1.2,[]
anl15_sal_ind_cal_fy1_mean,The weighted average of revenue (SAL) estimation for the calendarized 1 fiscal year aggregated within GICS industry grouping.,"{'id': 'analyst15', 'name': 'Earnings forecasts'}","{'id': 'analyst', 'name': 'Analyst'}","{'id': 'analyst-analyst-estimates', 'name': 'Analyst Estimates'}",USA,1,TOP3000,MATRIX,0.9943,14,63,1.2,[]
anl15_sal_ind_cal_fy1_pe,The weighted average price/earnings ratio based on EPS estimation for the calendarized 1 fiscal year aggregated within GICS industry grouping.,"{'id': 'analyst15', 'name': 'Earnings forecasts'}","{'id': 'analyst', 'name': 'Analyst'}","{'id': 'analyst-analyst-estimates', 'name': 'Analyst Estimates'}",USA,1,TOP3000,MATRIX,0.9943,33,50,1.2,[]
anl15_sal_ind_cal_fy1_st_dev,The weighted average standard deviation of revenue (SAL) estimation for the calendarized 1 fiscal year aggregated within GICS industry grouping.,"{'id': 'analyst15', 'name': 'Earnings forecasts'}","{'id': 'analyst', 'name': 'Analyst'}","{'id': 'analyst-analyst-estimates', 'name': 'Analyst Estimates'}",USA,1,TOP3000,MATRIX,0.9941,55,135,1.2,[]
anl15_sal_ind_cal_fy1_total,The total of revenue (SAL) estimation for the calendarized 1 fiscal year aggregated within GICS industry grouping.,"{'id': 'analyst15', 'name': 'Earnings forecasts'}","{'id': 'analyst', 'name': 'Analyst'}","{'id': 'analyst-analyst-estimates', 'name': 'Analyst Estimates'}",USA,1,TOP3000,MATRIX,0.9943,21,261,1.2,[]
anl15_sal_ind_cal_fy2_1m_chg,The weighted 1-month percent change of revenue (SAL) estimation for the calendarized 2 fiscal year aggregated within GICS industry grouping.,"{'id': 'analyst15', 'name': 'Earnings forecasts'}","{'id': 'analyst', 'name': 'Analyst'}","{'id': 'analyst-analyst-estimates', 'name': 'Analyst Estimates'}",USA,1,TOP3000,MATRIX,0.994,27,209,1.2,[]
anl15_sal_ind_cal_fy2_3m_chg,The weighted 3-month percent change of revenue (SAL) estimation for the calendarized 2 fiscal years aggregated within GICS industry grouping.,"{'id': 'analyst15', 'name': 'Earnings forecasts'}","{'id': 'analyst', 'name': 'Analyst'}","{'id': 'analyst-analyst-estimates', 'name': 'Analyst Estimates'}",USA,1,TOP3000,MATRIX,0.9943,22,41,1.2,[]
anl15_sal_ind_cal_fy2_6m_chg,The weighted 6-month percent change of revenue (SAL) estimation for the calendarized 2 fiscal years aggregated within GICS industry grouping.,"{'id': 'analyst15', 'name': 'Earnings forecasts'}","{'id': 'analyst', 'name': 'Analyst'}","{'id': 'analyst-analyst-estimates', 'name': 'Analyst Estimates'}",USA,1,TOP3000,MATRIX,0.9941,26,67,1.2,[]
anl15_sal_ind_cal_fy2_cos,The number of companies with a calendarized two fiscal year revenue (SAL) estimation within GICS industry grouping.,"{'id': 'analyst15', 'name': 'Earnings forecasts'}","{'id': 'analyst', 'name': 'Analyst'}","{'id': 'analyst-analyst-estimates', 'name': 'Analyst Estimates'}",USA,1,TOP3000,MATRIX,0.9943,31,207,1.2,[]
anl15_sal_ind_cal_fy2_ests,The total number of calendarized 2 fiscal year revenue (SAL) estimations within GICS industry grouping.,"{'id': 'analyst15', 'name': 'Earnings forecasts'}","{'id': 'analyst', 'name': 'Analyst'}","{'id': 'analyst-analyst-estimates', 'name': 'Analyst Estimates'}",USA,1,TOP3000,MATRIX,0.9943,68,385,1.2,[]
anl15_sal_ind_cal_fy2_gro,The weighted year-over-year growth of revenue (SAL) estimation for the calendarized 2 fiscal years aggregated within GICS industry grouping.,"{'id': 'analyst15', 'name': 'Earnings forecasts'}","{'id': 'analyst', 'name': 'Analyst'}","{'id': 'analyst-analyst-estimates', 'name': 'Analyst Estimates'}",USA,1,TOP3000,MATRIX,0.9943,45,90,1.2,[]
anl15_sal_ind_cal_fy2_mean,The weighted average of revenue (SAL) estimation for the calendarized 2 fiscal year aggregated within GICS industry grouping.,"{'id': 'analyst15', 'name': 'Earnings forecasts'}","{'id': 'analyst', 'name': 'Analyst'}","{'id': 'analyst-analyst-estimates', 'name': 'Analyst Estimates'}",USA,1,TOP3000,MATRIX,0.9943,26,54,1.2,[]
anl15_sal_ind_cal_fy2_pe,The weighted average price/earnings ratio based on EPS estimation for the calendarized 2 fiscal year aggregated within GICS industry grouping.,"{'id': 'analyst15', 'name': 'Earnings forecasts'}","{'id': 'analyst', 'name': 'Analyst'}","{'id': 'analyst-analyst-estimates', 'name': 'Analyst Estimates'}",USA,1,TOP3000,MATRIX,0.9943,43,60,1.2,[]
anl15_sal_ind_cal_fy2_st_dev,The weighted average standard deviation of revenue (SAL) estimation for the calendarized 2 fiscal years aggregated within GICS industry grouping.,"{'id': 'analyst15', 'name': 'Earnings forecasts'}","{'id': 'analyst', 'name': 'Analyst'}","{'id': 'analyst-analyst-estimates', 'name': 'Analyst Estimates'}",USA,1,TOP3000,MATRIX,0.9942,71,172,1.2,[]
anl15_sal_ind_cal_fy2_total,The total of revenue (SAL) estimation for the calendarized 2 fiscal years aggregated within GICS industry grouping.,"{'id': 'analyst15', 'name': 'Earnings forecasts'}","{'id': 'analyst', 'name': 'Analyst'}","{'id': 'analyst-analyst-estimates', 'name': 'Analyst Estimates'}",USA,1,TOP3000,MATRIX,0.9943,11,32,1.2,[]
anl15_sal_ind_cal_fy3_1m_chg,The weighted 1-month percent change of revenue (SAL) estimation for the calendarized 3 fiscal year aggregated within GICS industry grouping.,"{'id': 'analyst15', 'name': 'Earnings forecasts'}","{'id': 'analyst', 'name': 'Analyst'}","{'id': 'analyst-analyst-estimates', 'name': 'Analyst Estimates'}",USA,1,TOP3000,MATRIX,0.989,30,69,1.2,[]
anl15_sal_ind_cal_fy3_3m_chg,The weighted 3-month percent change of revenue (SAL) estimation for the calendarized 3 fiscal year aggregated within GICS industry grouping.,"{'id': 'analyst15', 'name': 'Earnings forecasts'}","{'id': 'analyst', 'name': 'Analyst'}","{'id': 'analyst-analyst-estimates', 'name': 'Analyst Estimates'}",USA,1,TOP3000,MATRIX,0.989,15,37,1.2,[]
anl15_sal_ind_cal_fy3_6m_chg,The weighted 6-month percent change of revenue (SAL) estimation for the calendarized 3 fiscal year aggregated within GICS industry grouping.,"{'id': 'analyst15', 'name': 'Earnings forecasts'}","{'id': 'analyst', 'name': 'Analyst'}","{'id': 'analyst-analyst-estimates', 'name': 'Analyst Estimates'}",USA,1,TOP3000,MATRIX,0.9812,16,29,1.2,[]
anl15_sal_ind_cal_fy3_cos,The number of companies with a calendarized 3 fiscal year revenue (SAL) estimation within GICS industry grouping.,"{'id': 'analyst15', 'name': 'Earnings forecasts'}","{'id': 'analyst', 'name': 'Analyst'}","{'id': 'analyst-analyst-estimates', 'name': 'Analyst Estimates'}",USA,1,TOP3000,MATRIX,0.9929,57,133,1.2,[]
anl15_sal_ind_cal_fy3_ests,The total number of calendarized 3 fiscal year revenue (SAL) estimation within GICS industry grouping.,"{'id': 'analyst15', 'name': 'Earnings forecasts'}","{'id': 'analyst', 'name': 'Analyst'}","{'id': 'analyst-analyst-estimates', 'name': 'Analyst Estimates'}",USA,1,TOP3000,MATRIX,0.9929,70,259,1.2,[]
anl15_sal_ind_cal_fy3_gro,The weighted year-over-year growth of revenue (SAL) estimation for the calendarized 3 fiscal year aggregated within GICS industry grouping.,"{'id': 'analyst15', 'name': 'Earnings forecasts'}","{'id': 'analyst', 'name': 'Analyst'}","{'id': 'analyst-analyst-estimates', 'name': 'Analyst Estimates'}",USA,1,TOP3000,MATRIX,0.9929,36,54,1.2,[]
anl15_sal_ind_cal_fy3_mean,The weighted average of revenue (SAL) estimation for the calendarized 3 fiscal years aggregated within GICS industry grouping.,"{'id': 'analyst15', 'name': 'Earnings forecasts'}","{'id': 'analyst', 'name': 'Analyst'}","{'id': 'analyst-analyst-estimates', 'name': 'Analyst Estimates'}",USA,1,TOP3000,MATRIX,0.9929,13,31,1.2,[]
anl15_sal_ind_cal_fy3_pe,The weighted average price/earnings ratio based on EPS estimation for the calendarized 3 fiscal years aggregated within GICS industry grouping.,"{'id': 'analyst15', 'name': 'Earnings forecasts'}","{'id': 'analyst', 'name': 'Analyst'}","{'id': 'analyst-analyst-estimates', 'name': 'Analyst Estimates'}",USA,1,TOP3000,MATRIX,0.9929,51,166,1.2,[]
anl15_sal_ind_cal_fy3_st_dev,The weighted average standard deviation of revenue (SAL) estimation for the calendarized 3 fiscal years aggregated within GICS industry grouping.,"{'id': 'analyst15', 'name': 'Earnings forecasts'}","{'id': 'analyst', 'name': 'Analyst'}","{'id': 'analyst-analyst-estimates', 'name': 'Analyst Estimates'}",USA,1,TOP3000,MATRIX,0.9877,23,34,1.2,[]
anl15_sal_ind_cal_fy3_total,The total of revenue (SAL) estimation for the calendarized 3 fiscal years aggregated within GICS industry grouping.,"{'id': 'analyst15', 'name': 'Earnings forecasts'}","{'id': 'analyst', 'name': 'Analyst'}","{'id': 'analyst-analyst-estimates', 'name': 'Analyst Estimates'}",USA,1,TOP3000,MATRIX,0.9929,19,50,1.2,[]
anl15_sal_ind_fy1_cos_dn,The number of companies for which revenue (SAL) estimation for the calendarized 1 fiscal year has been lowered from last month within GICS industry grouping.,"{'id': 'analyst15', 'name': 'Earnings forecasts'}","{'id': 'analyst', 'name': 'Analyst'}","{'id': 'analyst-analyst-estimates', 'name': 'Analyst Estimates'}",USA,1,TOP3000,MATRIX,0.9865,18,57,1.2,[]
anl15_sal_ind_fy1_cos_up,The number of companies for which revenue (SAL) estimation for the calendarized 1 fiscal year has been raised from last month within GICS industry grouping.,"{'id': 'analyst15', 'name': 'Earnings forecasts'}","{'id': 'analyst', 'name': 'Analyst'}","{'id': 'analyst-analyst-estimates', 'name': 'Analyst Estimates'}",USA,1,TOP3000,MATRIX,0.9848,28,50,1.2,[]
anl15_sal_ind_fy1_ests_dn,"Count of unique IDs of industry participants. Industry stands for an aggregate view of all  equity clearance activity for the date, symbol, and transaction type in question.","{'id': 'analyst15', 'name': 'Earnings forecasts'}","{'id': 'analyst', 'name': 'Analyst'}","{'id': 'analyst-analyst-estimates', 'name': 'Analyst Estimates'}",USA,1,TOP3000,MATRIX,0.9903,20,53,1.2,[]
anl15_sal_ind_fy1_ests_up,"Count of unique IDs of industry participants. Industry stands for an aggregate view of all  equity clearance activity for the date, symbol, and transaction type in question.","{'id': 'analyst15', 'name': 'Earnings forecasts'}","{'id': 'analyst', 'name': 'Analyst'}","{'id': 'analyst-analyst-estimates', 'name': 'Analyst Estimates'}",USA,1,TOP3000,MATRIX,0.9881,29,71,1.2,[]
anl15_sal_ind_fy2_cos_dn,The number of companies for which revenue (SAL) estimation for the calendarized 2 fiscal years has been lowered from last month within GICS industry grouping.,"{'id': 'analyst15', 'name': 'Earnings forecasts'}","{'id': 'analyst', 'name': 'Analyst'}","{'id': 'analyst-analyst-estimates', 'name': 'Analyst Estimates'}",USA,1,TOP3000,MATRIX,0.9882,19,111,1.2,[]
anl15_sal_ind_fy2_cos_up,The number of companies for which revenue (SAL) estimation for the calendarized 2 fiscal year has been raised from last month within GICS industry grouping.,"{'id': 'analyst15', 'name': 'Earnings forecasts'}","{'id': 'analyst', 'name': 'Analyst'}","{'id': 'analyst-analyst-estimates', 'name': 'Analyst Estimates'}",USA,1,TOP3000,MATRIX,0.985,31,221,1.2,[]
anl15_sal_ind_fy2_ests_dn,"Count of unique IDs of industry participants. Industry stands for an aggregate view of all  equity clearance activity for the date, symbol, and transaction type in question.","{'id': 'analyst15', 'name': 'Earnings forecasts'}","{'id': 'analyst', 'name': 'Analyst'}","{'id': 'analyst-analyst-estimates', 'name': 'Analyst Estimates'}",USA,1,TOP3000,MATRIX,0.9898,41,124,1.2,[]
anl15_sal_ind_fy2_ests_up,"Count of unique IDs of industry participants. Industry stands for an aggregate view of all  equity clearance activity for the date, symbol, and transaction type in question.","{'id': 'analyst15', 'name': 'Earnings forecasts'}","{'id': 'analyst', 'name': 'Analyst'}","{'id': 'analyst-analyst-estimates', 'name': 'Analyst Estimates'}",USA,1,TOP3000,MATRIX,0.9883,50,126,1.2,[]
anl15_sal_ind_fy3_cos_dn,The number of companies for which revenue (SAL) estimation for the calendarized 3 fiscal years has been lowered from last month within GICS industry grouping.,"{'id': 'analyst15', 'name': 'Earnings forecasts'}","{'id': 'analyst', 'name': 'Analyst'}","{'id': 'analyst-analyst-estimates', 'name': 'Analyst Estimates'}",USA,1,TOP3000,MATRIX,0.9816,22,130,1.2,[]
anl15_sal_ind_fy3_cos_up,The number of companies for which revenue (SAL) estimation for the calendarized 3 fiscal year has been raised from last month within GICS industry grouping.,"{'id': 'analyst15', 'name': 'Earnings forecasts'}","{'id': 'analyst', 'name': 'Analyst'}","{'id': 'analyst-analyst-estimates', 'name': 'Analyst Estimates'}",USA,1,TOP3000,MATRIX,0.9783,29,342,1.2,[]
anl15_sal_ind_fy3_ests_dn,"Count of unique IDs of industry participants. Industry stands for an aggregate view of all  equity clearance activity for the date, symbol, and transaction type in question.","{'id': 'analyst15', 'name': 'Earnings forecasts'}","{'id': 'analyst', 'name': 'Analyst'}","{'id': 'analyst-analyst-estimates', 'name': 'Analyst Estimates'}",USA,1,TOP3000,MATRIX,0.9758,16,30,1.2,[]
anl15_sal_ind_fy3_ests_up,"Count of unique IDs of industry participants. Industry stands for an aggregate view of all  equity clearance activity for the date, symbol, and transaction type in question.","{'id': 'analyst15', 'name': 'Earnings forecasts'}","{'id': 'analyst', 'name': 'Analyst'}","{'id': 'analyst-analyst-estimates', 'name': 'Analyst Estimates'}",USA,1,TOP3000,MATRIX,0.9765,25,46,1.2,[]
anl15_sal_s_12_m_1m_chg,The weighted 1-month percent change of 12-month forward revenue (SAL) estimation aggregated within GICS sector grouping.,"{'id': 'analyst15', 'name': 'Earnings forecasts'}","{'id': 'analyst', 'name': 'Analyst'}","{'id': 'analyst-analyst-estimates', 'name': 'Analyst Estimates'}",USA,1,TOP3000,MATRIX,1.0,29,52,1.2,[]
anl15_sal_s_12_m_3m_chg,The weighted 3-month percent change of 12-month forward revenue (SAL) estimation aggregated within GICS sector grouping.,"{'id': 'analyst15', 'name': 'Earnings forecasts'}","{'id': 'analyst', 'name': 'Analyst'}","{'id': 'analyst-analyst-estimates', 'name': 'Analyst Estimates'}",USA,1,TOP3000,MATRIX,1.0,44,82,1.2,[]
anl15_sal_s_12_m_6m_chg,The weighted 6 month percent change of 12 month forward revenue (SAL) estimation aggregated within GICS sector grouping.,"{'id': 'analyst15', 'name': 'Earnings forecasts'}","{'id': 'analyst', 'name': 'Analyst'}","{'id': 'analyst-analyst-estimates', 'name': 'Analyst Estimates'}",USA,1,TOP3000,MATRIX,1.0,44,701,1.2,[]
anl15_sal_s_12_m_cos,The number of companies with a 12-month forward mean revenue (SAL) estimation within GICS sector grouping.,"{'id': 'analyst15', 'name': 'Earnings forecasts'}","{'id': 'analyst', 'name': 'Analyst'}","{'id': 'analyst-analyst-estimates', 'name': 'Analyst Estimates'}",USA,1,TOP3000,MATRIX,1.0,33,68,1.2,[]
anl15_sal_s_12_m_cos_dn,The number of companies for which 12-month forward mean revenue (SAL) estimation has been lowered from last month within GICS sector grouping.,"{'id': 'analyst15', 'name': 'Earnings forecasts'}","{'id': 'analyst', 'name': 'Analyst'}","{'id': 'analyst-analyst-estimates', 'name': 'Analyst Estimates'}",USA,1,TOP3000,MATRIX,1.0,21,136,1.2,[]
anl15_sal_s_12_m_cos_up,The number of companies for which 12-month forward mean revenue (SAL) estimation has been raised from last month within GICS sector grouping.,"{'id': 'analyst15', 'name': 'Earnings forecasts'}","{'id': 'analyst', 'name': 'Analyst'}","{'id': 'analyst-analyst-estimates', 'name': 'Analyst Estimates'}",USA,1,TOP3000,MATRIX,1.0,36,87,1.2,[]
anl15_sal_s_12_m_ests,The 12-month forward pro-rated total number of estimates within GICS sector grouping.,"{'id': 'analyst15', 'name': 'Earnings forecasts'}","{'id': 'analyst', 'name': 'Analyst'}","{'id': 'analyst-analyst-estimates', 'name': 'Analyst Estimates'}",USA,1,TOP3000,MATRIX,1.0,19,55,1.2,[]
anl15_sal_s_12_m_ests_dn,"Count of unique IDs of industry participants. Industry stands for an aggregate view of all  equity clearance activity for the date, symbol, and transaction type in question.","{'id': 'analyst15', 'name': 'Earnings forecasts'}","{'id': 'analyst', 'name': 'Analyst'}","{'id': 'analyst-analyst-estimates', 'name': 'Analyst Estimates'}",USA,1,TOP3000,MATRIX,1.0,83,665,1.2,[]
anl15_sal_s_12_m_ests_up,"Count of unique IDs of industry participants. Industry stands for an aggregate view of all  equity clearance activity for the date, symbol, and transaction type in question.","{'id': 'analyst15', 'name': 'Earnings forecasts'}","{'id': 'analyst', 'name': 'Analyst'}","{'id': 'analyst-analyst-estimates', 'name': 'Analyst Estimates'}",USA,1,TOP3000,MATRIX,1.0,70,266,1.2,[]
anl15_sal_s_12_m_gro,The weighted 12-month forward year-over-year growth of revenue (SAL) estimation aggregated within GICS sector grouping.,"{'id': 'analyst15', 'name': 'Earnings forecasts'}","{'id': 'analyst', 'name': 'Analyst'}","{'id': 'analyst-analyst-estimates', 'name': 'Analyst Estimates'}",USA,1,TOP3000,MATRIX,1.0,34,153,1.2,[]
anl15_sal_s_12_m_mean,The weighted average of 12-month forward revenue (SAL) estimation aggregated within GICS sector grouping.,"{'id': 'analyst15', 'name': 'Earnings forecasts'}","{'id': 'analyst', 'name': 'Analyst'}","{'id': 'analyst-analyst-estimates', 'name': 'Analyst Estimates'}",USA,1,TOP3000,MATRIX,1.0,50,103,1.2,[]
anl15_sal_s_12_m_pe,The weighted average price/earnings ratio based on 12-month forward EPS estimation aggregated within GICS sector grouping.,"{'id': 'analyst15', 'name': 'Earnings forecasts'}","{'id': 'analyst', 'name': 'Analyst'}","{'id': 'analyst-analyst-estimates', 'name': 'Analyst Estimates'}",USA,1,TOP3000,MATRIX,1.0,56,769,1.2,[]
anl15_sal_s_12_m_st_dev,The weighted average standard deviation of 12-month forward revenue (SAL) estimation aggregated within GICS sector grouping.,"{'id': 'analyst15', 'name': 'Earnings forecasts'}","{'id': 'analyst', 'name': 'Analyst'}","{'id': 'analyst-analyst-estimates', 'name': 'Analyst Estimates'}",USA,1,TOP3000,MATRIX,1.0,33,64,1.2,[]
anl15_sal_s_12_m_total,The total of 12-month forward revenue (SAL) estimation aggregated within GICS sector grouping.,"{'id': 'analyst15', 'name': 'Earnings forecasts'}","{'id': 'analyst', 'name': 'Analyst'}","{'id': 'analyst-analyst-estimates', 'name': 'Analyst Estimates'}",USA,1,TOP3000,MATRIX,1.0,20,40,1.2,[]
anl15_sal_s_12_m_tr_mean,The weighted average of 12-month trailing revenue (SAL) aggregated within GICS sector grouping.,"{'id': 'analyst15', 'name': 'Earnings forecasts'}","{'id': 'analyst', 'name': 'Analyst'}","{'id': 'analyst-analyst-estimates', 'name': 'Analyst Estimates'}",USA,1,TOP3000,MATRIX,1.0,14,31,1.2,[]
anl15_sal_s_18_m_1m_chg,The weighted 1-month percent change of 18-month forward revenue (SAL) estimation aggregated within GICS sector grouping.,"{'id': 'analyst15', 'name': 'Earnings forecasts'}","{'id': 'analyst', 'name': 'Analyst'}","{'id': 'analyst-analyst-estimates', 'name': 'Analyst Estimates'}",USA,1,TOP3000,MATRIX,1.0,41,253,1.2,[]
anl15_sal_s_18_m_3m_chg,The weighted 3-month percent change of 18-month forward revenue (SAL) estimation aggregated within GICS sector grouping.,"{'id': 'analyst15', 'name': 'Earnings forecasts'}","{'id': 'analyst', 'name': 'Analyst'}","{'id': 'analyst-analyst-estimates', 'name': 'Analyst Estimates'}",USA,1,TOP3000,MATRIX,1.0,42,89,1.2,[]
anl15_sal_s_18_m_6m_chg,The weighted 6-month percent change of 18-month forward revenue (SAL) estimation aggregated within GICS sector grouping.,"{'id': 'analyst15', 'name': 'Earnings forecasts'}","{'id': 'analyst', 'name': 'Analyst'}","{'id': 'analyst-analyst-estimates', 'name': 'Analyst Estimates'}",USA,1,TOP3000,MATRIX,1.0,41,102,1.2,[]
anl15_sal_s_18_m_cos,The number of companies with an 18-month forward mean revenue (SAL) estimation within GICS sector grouping.,"{'id': 'analyst15', 'name': 'Earnings forecasts'}","{'id': 'analyst', 'name': 'Analyst'}","{'id': 'analyst-analyst-estimates', 'name': 'Analyst Estimates'}",USA,1,TOP3000,MATRIX,1.0,20,39,1.2,[]
anl15_sal_s_18_m_cos_dn,The number of companies for which 18-month forward mean revenue (SAL) estimation has been lowered from last month within GICS sector grouping.,"{'id': 'analyst15', 'name': 'Earnings forecasts'}","{'id': 'analyst', 'name': 'Analyst'}","{'id': 'analyst-analyst-estimates', 'name': 'Analyst Estimates'}",USA,1,TOP3000,MATRIX,1.0,29,88,1.2,[]
anl15_sal_s_18_m_cos_up,The number of companies for which 18-month forward mean revenue (SAL) estimation has been raised from last month within GICS sector grouping.,"{'id': 'analyst15', 'name': 'Earnings forecasts'}","{'id': 'analyst', 'name': 'Analyst'}","{'id': 'analyst-analyst-estimates', 'name': 'Analyst Estimates'}",USA,1,TOP3000,MATRIX,1.0,22,34,1.2,[]
anl15_sal_s_18_m_ests,The 18-month forward pro-rated total number of estimates within GICS sector grouping.,"{'id': 'analyst15', 'name': 'Earnings forecasts'}","{'id': 'analyst', 'name': 'Analyst'}","{'id': 'analyst-analyst-estimates', 'name': 'Analyst Estimates'}",USA,1,TOP3000,MATRIX,1.0,41,163,1.2,[]
anl15_sal_s_18_m_ests_dn,"Count of unique IDs of industry participants. Industry stands for an aggregate view of all  equity clearance activity for the date, symbol, and transaction type in question.","{'id': 'analyst15', 'name': 'Earnings forecasts'}","{'id': 'analyst', 'name': 'Analyst'}","{'id': 'analyst-analyst-estimates', 'name': 'Analyst Estimates'}",USA,1,TOP3000,MATRIX,1.0,94,279,1.2,[]
anl15_sal_s_18_m_ests_up,"Count of unique IDs of industry participants. Industry stands for an aggregate view of all  equity clearance activity for the date, symbol, and transaction type in question.","{'id': 'analyst15', 'name': 'Earnings forecasts'}","{'id': 'analyst', 'name': 'Analyst'}","{'id': 'analyst-analyst-estimates', 'name': 'Analyst Estimates'}",USA,1,TOP3000,MATRIX,1.0,52,558,1.2,[]
anl15_sal_s_18_m_gro,The weighted 18-month forward year-over-year growth of revenue (SAL) estimation aggregated within GICS sector grouping.,"{'id': 'analyst15', 'name': 'Earnings forecasts'}","{'id': 'analyst', 'name': 'Analyst'}","{'id': 'analyst-analyst-estimates', 'name': 'Analyst Estimates'}",USA,1,TOP3000,MATRIX,1.0,38,113,1.2,[]
anl15_sal_s_18_m_mean,The weighted average of 18-month forward revenue (SAL) estimation aggregated within GICS sector grouping.,"{'id': 'analyst15', 'name': 'Earnings forecasts'}","{'id': 'analyst', 'name': 'Analyst'}","{'id': 'analyst-analyst-estimates', 'name': 'Analyst Estimates'}",USA,1,TOP3000,MATRIX,1.0,39,80,1.2,[]
anl15_sal_s_18_m_pe,The weighted average price/earnings ratio based on 18-month forward EPS estimation aggregated within GICS sector grouping.,"{'id': 'analyst15', 'name': 'Earnings forecasts'}","{'id': 'analyst', 'name': 'Analyst'}","{'id': 'analyst-analyst-estimates', 'name': 'Analyst Estimates'}",USA,1,TOP3000,MATRIX,1.0,38,86,1.2,[]
anl15_sal_s_18_m_st_dev,The weighted average standard deviation of 18-month forward revenue (SAL) estimation aggregated within GICS sector grouping.,"{'id': 'analyst15', 'name': 'Earnings forecasts'}","{'id': 'analyst', 'name': 'Analyst'}","{'id': 'analyst-analyst-estimates', 'name': 'Analyst Estimates'}",USA,1,TOP3000,MATRIX,1.0,48,241,1.2,[]
anl15_sal_s_18_m_total,The total of 18-month forward revenue (SAL) estimation aggregated within GICS sector grouping.,"{'id': 'analyst15', 'name': 'Earnings forecasts'}","{'id': 'analyst', 'name': 'Analyst'}","{'id': 'analyst-analyst-estimates', 'name': 'Analyst Estimates'}",USA,1,TOP3000,MATRIX,1.0,17,25,1.2,[]
anl15_sal_s_cal_fy0_gro,The weighted year over year growth of revenue(SAL) estimation for the current calendarized fiscal year aggregated within GICS sector grouping.,"{'id': 'analyst15', 'name': 'Earnings forecasts'}","{'id': 'analyst', 'name': 'Analyst'}","{'id': 'analyst-analyst-estimates', 'name': 'Analyst Estimates'}",USA,1,TOP3000,MATRIX,1.0,60,217,1.2,[]
anl15_sal_s_cal_fy0_pe,The weighted average price/earnings ratio based on EPS estimation for the current calendarized fiscal year aggregated within GICS sector grouping.,"{'id': 'analyst15', 'name': 'Earnings forecasts'}","{'id': 'analyst', 'name': 'Analyst'}","{'id': 'analyst-analyst-estimates', 'name': 'Analyst Estimates'}",USA,1,TOP3000,MATRIX,1.0,25,49,1.2,[]
anl15_sal_s_cal_fy0_total,The total of revenue (SAL) estimation for the current calendarized fiscal year aggregated within GICS sector grouping.,"{'id': 'analyst15', 'name': 'Earnings forecasts'}","{'id': 'analyst', 'name': 'Analyst'}","{'id': 'analyst-analyst-estimates', 'name': 'Analyst Estimates'}",USA,1,TOP3000,MATRIX,1.0,28,57,1.2,[]
anl15_sal_s_cal_fy0_val,The weighted average of revenue (SAL) estimation for the current calendarized fiscal year aggregated within GICS sector grouping.,"{'id': 'analyst15', 'name': 'Earnings forecasts'}","{'id': 'analyst', 'name': 'Analyst'}","{'id': 'analyst-analyst-estimates', 'name': 'Analyst Estimates'}",USA,1,TOP3000,MATRIX,1.0,38,74,1.2,[]
anl15_sal_s_cal_fy1_1m_chg,The weighted 1-month percent change of revenue (SAL) estimation for the calendarized 1 fiscal year aggregated within GICS sector grouping.,"{'id': 'analyst15', 'name': 'Earnings forecasts'}","{'id': 'analyst', 'name': 'Analyst'}","{'id': 'analyst-analyst-estimates', 'name': 'Analyst Estimates'}",USA,1,TOP3000,MATRIX,1.0,61,916,1.2,[]
anl15_sal_s_cal_fy1_3m_chg,The weighted 3-month percent change of revenue (SAL) estimation for the calendarized 1 fiscal year aggregated within GICS sector grouping.,"{'id': 'analyst15', 'name': 'Earnings forecasts'}","{'id': 'analyst', 'name': 'Analyst'}","{'id': 'analyst-analyst-estimates', 'name': 'Analyst Estimates'}",USA,1,TOP3000,MATRIX,1.0,57,251,1.2,[]
anl15_sal_s_cal_fy1_6m_chg,The weighted 6-month percent change of revenue (SAL) estimation for the calendarized 1 fiscal year aggregated within GICS sector grouping.,"{'id': 'analyst15', 'name': 'Earnings forecasts'}","{'id': 'analyst', 'name': 'Analyst'}","{'id': 'analyst-analyst-estimates', 'name': 'Analyst Estimates'}",USA,1,TOP3000,MATRIX,1.0,23,54,1.2,[]
anl15_sal_s_cal_fy1_cos,The number of companies with a calendarized 1 fiscal year revenue (SAL) estimation within GICS sector grouping.,"{'id': 'analyst15', 'name': 'Earnings forecasts'}","{'id': 'analyst', 'name': 'Analyst'}","{'id': 'analyst-analyst-estimates', 'name': 'Analyst Estimates'}",USA,1,TOP3000,MATRIX,1.0,41,111,1.2,[]
anl15_sal_s_cal_fy1_ests,The total number of calendarized 1 fiscal year revenue (SAL) estimation within GICS sector grouping.,"{'id': 'analyst15', 'name': 'Earnings forecasts'}","{'id': 'analyst', 'name': 'Analyst'}","{'id': 'analyst-analyst-estimates', 'name': 'Analyst Estimates'}",USA,1,TOP3000,MATRIX,1.0,53,130,1.2,[]
anl15_sal_s_cal_fy1_gro,The weighted year-over-year growth of revenue (SAL) estimation for the calendarized 1 fiscal year aggregated within GICS sector grouping.,"{'id': 'analyst15', 'name': 'Earnings forecasts'}","{'id': 'analyst', 'name': 'Analyst'}","{'id': 'analyst-analyst-estimates', 'name': 'Analyst Estimates'}",USA,1,TOP3000,MATRIX,1.0,37,78,1.2,[]
anl15_sal_s_cal_fy1_mean,The weighted average of revenue (SAL) estimation for the calendarized 1 fiscal year aggregated within GICS sector grouping.,"{'id': 'analyst15', 'name': 'Earnings forecasts'}","{'id': 'analyst', 'name': 'Analyst'}","{'id': 'analyst-analyst-estimates', 'name': 'Analyst Estimates'}",USA,1,TOP3000,MATRIX,1.0,40,272,1.2,[]
anl15_sal_s_cal_fy1_pe,The weighted average price/earnings ratio based on EPS estimation for the calendarized one fiscal year aggregated within GICS sector grouping.,"{'id': 'analyst15', 'name': 'Earnings forecasts'}","{'id': 'analyst', 'name': 'Analyst'}","{'id': 'analyst-analyst-estimates', 'name': 'Analyst Estimates'}",USA,1,TOP3000,MATRIX,1.0,41,74,1.2,[]
anl15_sal_s_cal_fy1_st_dev,The weighted average standard deviation of revenue (SAL) estimation for the calendarized 1 fiscal year aggregated within GICS sector grouping.,"{'id': 'analyst15', 'name': 'Earnings forecasts'}","{'id': 'analyst', 'name': 'Analyst'}","{'id': 'analyst-analyst-estimates', 'name': 'Analyst Estimates'}",USA,1,TOP3000,MATRIX,1.0,51,143,1.2,[]
anl15_sal_s_cal_fy1_total,The total of revenue (SAL) estimation for the calendarized 1 fiscal year aggregated within GICS sector grouping.,"{'id': 'analyst15', 'name': 'Earnings forecasts'}","{'id': 'analyst', 'name': 'Analyst'}","{'id': 'analyst-analyst-estimates', 'name': 'Analyst Estimates'}",USA,1,TOP3000,MATRIX,1.0,12,35,1.2,[]
anl15_sal_s_cal_fy2_1m_chg,The weighted 1 month percent change of revenue (SAL) estimation for the calendarized 2 fiscal years aggregated within GICS sector grouping.,"{'id': 'analyst15', 'name': 'Earnings forecasts'}","{'id': 'analyst', 'name': 'Analyst'}","{'id': 'analyst-analyst-estimates', 'name': 'Analyst Estimates'}",USA,1,TOP3000,MATRIX,1.0,36,65,1.2,[]
anl15_sal_s_cal_fy2_3m_chg,The weighted 3-month percent change of revenue (SAL) estimation for the calendarized 2 fiscal year aggregated within GICS sector grouping.,"{'id': 'analyst15', 'name': 'Earnings forecasts'}","{'id': 'analyst', 'name': 'Analyst'}","{'id': 'analyst-analyst-estimates', 'name': 'Analyst Estimates'}",USA,1,TOP3000,MATRIX,1.0,32,296,1.2,[]
anl15_sal_s_cal_fy2_6m_chg,The weighted 6-month percent change of revenue (SAL) estimation for the calendarized 2 fiscal years aggregated within GICS sector grouping.,"{'id': 'analyst15', 'name': 'Earnings forecasts'}","{'id': 'analyst', 'name': 'Analyst'}","{'id': 'analyst-analyst-estimates', 'name': 'Analyst Estimates'}",USA,1,TOP3000,MATRIX,1.0,35,162,1.2,[]
anl15_sal_s_cal_fy2_cos,The number of companies with a calendarized 2 fiscal year revenue (SAL) estimation within GICS sector grouping.,"{'id': 'analyst15', 'name': 'Earnings forecasts'}","{'id': 'analyst', 'name': 'Analyst'}","{'id': 'analyst-analyst-estimates', 'name': 'Analyst Estimates'}",USA,1,TOP3000,MATRIX,1.0,42,396,1.2,[]
anl15_sal_s_cal_fy2_ests,The total number of calendarized 2 fiscal year revenue (SAL) estimation within GICS sector grouping.,"{'id': 'analyst15', 'name': 'Earnings forecasts'}","{'id': 'analyst', 'name': 'Analyst'}","{'id': 'analyst-analyst-estimates', 'name': 'Analyst Estimates'}",USA,1,TOP3000,MATRIX,1.0,44,120,1.2,[]
anl15_sal_s_cal_fy2_gro,The weighted year-over-year growth of revenue (SAL) estimation for the calendarized 2 fiscal year aggregated within GICS sector grouping.,"{'id': 'analyst15', 'name': 'Earnings forecasts'}","{'id': 'analyst', 'name': 'Analyst'}","{'id': 'analyst-analyst-estimates', 'name': 'Analyst Estimates'}",USA,1,TOP3000,MATRIX,1.0,37,110,1.2,[]
anl15_sal_s_cal_fy2_mean,The weighted average of revenue (SAL) estimation for the calendarized 2 fiscal year aggregated within GICS sector grouping.,"{'id': 'analyst15', 'name': 'Earnings forecasts'}","{'id': 'analyst', 'name': 'Analyst'}","{'id': 'analyst-analyst-estimates', 'name': 'Analyst Estimates'}",USA,1,TOP3000,MATRIX,1.0,61,376,1.2,[]
anl15_sal_s_cal_fy2_pe,The weighted average price/earnings ratio based on EPS estimation for the calendarized 2 fiscal year aggregated within GICS sector grouping.,"{'id': 'analyst15', 'name': 'Earnings forecasts'}","{'id': 'analyst', 'name': 'Analyst'}","{'id': 'analyst-analyst-estimates', 'name': 'Analyst Estimates'}",USA,1,TOP3000,MATRIX,1.0,47,108,1.2,[]
anl15_sal_s_cal_fy2_st_dev,The weighted average standard deviation of revenue (SAL) estimation for the calendarized 2 fiscal years aggregated within GICS sector grouping.,"{'id': 'analyst15', 'name': 'Earnings forecasts'}","{'id': 'analyst', 'name': 'Analyst'}","{'id': 'analyst-analyst-estimates', 'name': 'Analyst Estimates'}",USA,1,TOP3000,MATRIX,1.0,29,43,1.2,[]
anl15_sal_s_cal_fy2_total,The total of revenue (SAL) estimation for the calendarized 2 fiscal years aggregated within GICS sector grouping.,"{'id': 'analyst15', 'name': 'Earnings forecasts'}","{'id': 'analyst', 'name': 'Analyst'}","{'id': 'analyst-analyst-estimates', 'name': 'Analyst Estimates'}",USA,1,TOP3000,MATRIX,1.0,37,70,1.2,[]
anl15_sal_s_cal_fy3_1m_chg,The weighted 1-month percent change of revenue (SAL) estimation for the calendarized 3 fiscal years aggregated within GICS sector grouping.,"{'id': 'analyst15', 'name': 'Earnings forecasts'}","{'id': 'analyst', 'name': 'Analyst'}","{'id': 'analyst-analyst-estimates', 'name': 'Analyst Estimates'}",USA,1,TOP3000,MATRIX,1.0,49,233,1.2,[]
anl15_sal_s_cal_fy3_3m_chg,The weighted 3-month percent change of revenue (SAL) estimation for the calendarized 3 fiscal year aggregated within GICS sector grouping.,"{'id': 'analyst15', 'name': 'Earnings forecasts'}","{'id': 'analyst', 'name': 'Analyst'}","{'id': 'analyst-analyst-estimates', 'name': 'Analyst Estimates'}",USA,1,TOP3000,MATRIX,1.0,33,451,1.2,[]
anl15_sal_s_cal_fy3_6m_chg,The weighted 6-month percent change of revenue (SAL) estimation for the calendarized 3 fiscal years aggregated within GICS sector grouping.,"{'id': 'analyst15', 'name': 'Earnings forecasts'}","{'id': 'analyst', 'name': 'Analyst'}","{'id': 'analyst-analyst-estimates', 'name': 'Analyst Estimates'}",USA,1,TOP3000,MATRIX,1.0,37,66,1.2,[]
anl15_sal_s_cal_fy3_cos,The number of companies with a calendarized 3 fiscal year revenue (SAL) estimation within GICS sector grouping.,"{'id': 'analyst15', 'name': 'Earnings forecasts'}","{'id': 'analyst', 'name': 'Analyst'}","{'id': 'analyst-analyst-estimates', 'name': 'Analyst Estimates'}",USA,1,TOP3000,MATRIX,1.0,64,159,1.2,[]
anl15_sal_s_cal_fy3_ests,The total number of calendarized 3 fiscal year revenue (SAL) estimations within GICS sector grouping.,"{'id': 'analyst15', 'name': 'Earnings forecasts'}","{'id': 'analyst', 'name': 'Analyst'}","{'id': 'analyst-analyst-estimates', 'name': 'Analyst Estimates'}",USA,1,TOP3000,MATRIX,1.0,42,137,1.2,[]
anl15_sal_s_cal_fy3_gro,The weighted year-over-year growth of revenue (SAL) estimation for the calendarized 3 fiscal years aggregated within GICS sector grouping.,"{'id': 'analyst15', 'name': 'Earnings forecasts'}","{'id': 'analyst', 'name': 'Analyst'}","{'id': 'analyst-analyst-estimates', 'name': 'Analyst Estimates'}",USA,1,TOP3000,MATRIX,1.0,29,73,1.2,[]
anl15_sal_s_cal_fy3_mean,The weighted average of revenue (SAL) estimation for the calendarized 3 fiscal year aggregated within GICS sector grouping.,"{'id': 'analyst15', 'name': 'Earnings forecasts'}","{'id': 'analyst', 'name': 'Analyst'}","{'id': 'analyst-analyst-estimates', 'name': 'Analyst Estimates'}",USA,1,TOP3000,MATRIX,1.0,40,246,1.2,[]
anl15_sal_s_cal_fy3_pe,The weighted average price/earnings ratio based on EPS estimation for the calendarized 3 fiscal years aggregated within GICS sector grouping.,"{'id': 'analyst15', 'name': 'Earnings forecasts'}","{'id': 'analyst', 'name': 'Analyst'}","{'id': 'analyst-analyst-estimates', 'name': 'Analyst Estimates'}",USA,1,TOP3000,MATRIX,1.0,38,74,1.2,[]
anl15_sal_s_cal_fy3_st_dev,The weighted average standard deviation of revenue (SAL) estimation for the calendarized 3 fiscal years aggregated within GICS sector grouping.,"{'id': 'analyst15', 'name': 'Earnings forecasts'}","{'id': 'analyst', 'name': 'Analyst'}","{'id': 'analyst-analyst-estimates', 'name': 'Analyst Estimates'}",USA,1,TOP3000,MATRIX,1.0,56,550,1.2,[]
anl15_sal_s_cal_fy3_total,The total of revenue (SAL) estimation for the calendarized 3 fiscal years aggregated within GICS sector grouping.,"{'id': 'analyst15', 'name': 'Earnings forecasts'}","{'id': 'analyst', 'name': 'Analyst'}","{'id': 'analyst-analyst-estimates', 'name': 'Analyst Estimates'}",USA,1,TOP3000,MATRIX,1.0,47,462,1.2,[]
anl15_sal_s_fy1_cos_dn,The number of companies for which revenue (SAL) estimation for the calendarized 1 fiscal year has been lowered from last month within GICS sector grouping.,"{'id': 'analyst15', 'name': 'Earnings forecasts'}","{'id': 'analyst', 'name': 'Analyst'}","{'id': 'analyst-analyst-estimates', 'name': 'Analyst Estimates'}",USA,1,TOP3000,MATRIX,1.0,13,76,1.2,[]
anl15_sal_s_fy1_cos_up,The number of companies for which revenue (SAL) estimation for the calendarized 1 fiscal year has been raised from last month within GICS sector grouping.,"{'id': 'analyst15', 'name': 'Earnings forecasts'}","{'id': 'analyst', 'name': 'Analyst'}","{'id': 'analyst-analyst-estimates', 'name': 'Analyst Estimates'}",USA,1,TOP3000,MATRIX,1.0,30,342,1.2,[]
anl15_sal_s_fy1_ests_dn,"Count of unique IDs of industry participants. Industry stands for an aggregate view of all  equity clearance activity for the date, symbol, and transaction type in question.","{'id': 'analyst15', 'name': 'Earnings forecasts'}","{'id': 'analyst', 'name': 'Analyst'}","{'id': 'analyst-analyst-estimates', 'name': 'Analyst Estimates'}",USA,1,TOP3000,MATRIX,1.0,56,412,1.2,[]
anl15_sal_s_fy1_ests_up,"Count of unique IDs of industry participants. Industry stands for an aggregate view of all  equity clearance activity for the date, symbol, and transaction type in question.","{'id': 'analyst15', 'name': 'Earnings forecasts'}","{'id': 'analyst', 'name': 'Analyst'}","{'id': 'analyst-analyst-estimates', 'name': 'Analyst Estimates'}",USA,1,TOP3000,MATRIX,1.0,40,348,1.2,[]
anl15_sal_s_fy2_cos_dn,The number of companies for which revenue (SAL) estimation for the calendarized 2 fiscal year has been lowered from last month within GICS sector grouping.,"{'id': 'analyst15', 'name': 'Earnings forecasts'}","{'id': 'analyst', 'name': 'Analyst'}","{'id': 'analyst-analyst-estimates', 'name': 'Analyst Estimates'}",USA,1,TOP3000,MATRIX,1.0,22,76,1.2,[]
anl15_sal_s_fy2_cos_up,The number of companies for which revenue (SAL) estimation for the calendarized 2 fiscal year has been raised from last month within GICS sector grouping.,"{'id': 'analyst15', 'name': 'Earnings forecasts'}","{'id': 'analyst', 'name': 'Analyst'}","{'id': 'analyst-analyst-estimates', 'name': 'Analyst Estimates'}",USA,1,TOP3000,MATRIX,1.0,35,73,1.2,[]
anl15_sal_s_fy2_ests_dn,"Count of unique IDs of industry participants. Industry stands for an aggregate view of all  equity clearance activity for the date, symbol, and transaction type in question.","{'id': 'analyst15', 'name': 'Earnings forecasts'}","{'id': 'analyst', 'name': 'Analyst'}","{'id': 'analyst-analyst-estimates', 'name': 'Analyst Estimates'}",USA,1,TOP3000,MATRIX,1.0,77,216,1.2,[]
anl15_sal_s_fy2_ests_up,"Count of unique IDs of industry participants. Industry stands for an aggregate view of all  equity clearance activity for the date, symbol, and transaction type in question.","{'id': 'analyst15', 'name': 'Earnings forecasts'}","{'id': 'analyst', 'name': 'Analyst'}","{'id': 'analyst-analyst-estimates', 'name': 'Analyst Estimates'}",USA,1,TOP3000,MATRIX,1.0,56,125,1.2,[]
anl15_sal_s_fy3_cos_dn,The number of companies for which revenue (SAL) estimation for the calendarized 3 fiscal years has been lowered from last month within GICS sector grouping.,"{'id': 'analyst15', 'name': 'Earnings forecasts'}","{'id': 'analyst', 'name': 'Analyst'}","{'id': 'analyst-analyst-estimates', 'name': 'Analyst Estimates'}",USA,1,TOP3000,MATRIX,1.0,36,76,1.2,[]
anl15_sal_s_fy3_cos_up,The number of companies for which revenue (SAL) estimation for the calendarized 3 fiscal years has been raised from last month within GICS sector grouping.,"{'id': 'analyst15', 'name': 'Earnings forecasts'}","{'id': 'analyst', 'name': 'Analyst'}","{'id': 'analyst-analyst-estimates', 'name': 'Analyst Estimates'}",USA,1,TOP3000,MATRIX,1.0,32,131,1.2,[]
anl15_sal_s_fy3_ests_dn,"Count of unique IDs of industry participants. Industry stands for an aggregate view of all  equity clearance activity for the date, symbol, and transaction type in question.","{'id': 'analyst15', 'name': 'Earnings forecasts'}","{'id': 'analyst', 'name': 'Analyst'}","{'id': 'analyst-analyst-estimates', 'name': 'Analyst Estimates'}",USA,1,TOP3000,MATRIX,1.0,86,415,1.2,[]
anl15_sal_s_fy3_ests_up,"Count of unique IDs of industry participants. Industry stands for an aggregate view of all  equity clearance activity for the date, symbol, and transaction type in question.","{'id': 'analyst15', 'name': 'Earnings forecasts'}","{'id': 'analyst', 'name': 'Analyst'}","{'id': 'analyst-analyst-estimates', 'name': 'Analyst Estimates'}",USA,1,TOP3000,MATRIX,1.0,54,134,1.2,[]
anl15_salgics_gr_12_m_1m_chg,The weighted 1-month percent change of 12-month forward revenue (SAL) estimation aggregated within GICS group grouping.,"{'id': 'analyst15', 'name': 'Earnings forecasts'}","{'id': 'analyst', 'name': 'Analyst'}","{'id': 'analyst-analyst-estimates', 'name': 'Analyst Estimates'}",USA,1,TOP3000,MATRIX,1.0,29,88,1.2,[]
anl15_salgics_gr_12_m_3m_chg,The weighted 3-month percent change of 12-month forward revenue (SAL) estimation aggregated within GICS group grouping.,"{'id': 'analyst15', 'name': 'Earnings forecasts'}","{'id': 'analyst', 'name': 'Analyst'}","{'id': 'analyst-analyst-estimates', 'name': 'Analyst Estimates'}",USA,1,TOP3000,MATRIX,1.0,33,65,1.2,[]
anl15_salgics_gr_12_m_6m_chg,The weighted 6-month percent change of 12-month forward revenue (SAL) estimation aggregated within GICS group grouping.,"{'id': 'analyst15', 'name': 'Earnings forecasts'}","{'id': 'analyst', 'name': 'Analyst'}","{'id': 'analyst-analyst-estimates', 'name': 'Analyst Estimates'}",USA,1,TOP3000,MATRIX,1.0,43,102,1.2,[]
anl15_salgics_gr_12_m_cos,The number of companies with a 12-month forward mean revenue (SAL) estimation within GICS group grouping.,"{'id': 'analyst15', 'name': 'Earnings forecasts'}","{'id': 'analyst', 'name': 'Analyst'}","{'id': 'analyst-analyst-estimates', 'name': 'Analyst Estimates'}",USA,1,TOP3000,MATRIX,1.0,48,312,1.2,[]
anl15_salgics_gr_12_m_cos_dn,The number of companies for which 12-month forward mean revenue (SAL) estimation has been lowered from last month within GICS group grouping.,"{'id': 'analyst15', 'name': 'Earnings forecasts'}","{'id': 'analyst', 'name': 'Analyst'}","{'id': 'analyst-analyst-estimates', 'name': 'Analyst Estimates'}",USA,1,TOP3000,MATRIX,1.0,47,457,1.2,[]
anl15_salgics_gr_12_m_cos_up,The number of companies for which 12-month forward mean revenue (SAL) estimation has been raised from last month within GICS group grouping.,"{'id': 'analyst15', 'name': 'Earnings forecasts'}","{'id': 'analyst', 'name': 'Analyst'}","{'id': 'analyst-analyst-estimates', 'name': 'Analyst Estimates'}",USA,1,TOP3000,MATRIX,1.0,23,50,1.2,[]
anl15_salgics_gr_12_m_ests,The 12-month forward pro-rated total number of estimates within GICS group grouping.,"{'id': 'analyst15', 'name': 'Earnings forecasts'}","{'id': 'analyst', 'name': 'Analyst'}","{'id': 'analyst-analyst-estimates', 'name': 'Analyst Estimates'}",USA,1,TOP3000,MATRIX,1.0,39,79,1.2,[]
anl15_salgics_gr_12_m_ests_dn,"Count of unique IDs of industry participants. Industry stands for an aggregate view of all  equity clearance activity for the date, symbol, and transaction type in question.","{'id': 'analyst15', 'name': 'Earnings forecasts'}","{'id': 'analyst', 'name': 'Analyst'}","{'id': 'analyst-analyst-estimates', 'name': 'Analyst Estimates'}",USA,1,TOP3000,MATRIX,1.0,56,595,1.2,[]
anl15_salgics_gr_12_m_ests_up,"Count of unique IDs of industry participants. Industry stands for an aggregate view of all  equity clearance activity for the date, symbol, and transaction type in question.","{'id': 'analyst15', 'name': 'Earnings forecasts'}","{'id': 'analyst', 'name': 'Analyst'}","{'id': 'analyst-analyst-estimates', 'name': 'Analyst Estimates'}",USA,1,TOP3000,MATRIX,1.0,60,647,1.2,[]
anl15_salgics_gr_12_m_gro,The weighted 12-month forward year-over-year growth of revenue (SAL) estimation aggregated within GICS group grouping.,"{'id': 'analyst15', 'name': 'Earnings forecasts'}","{'id': 'analyst', 'name': 'Analyst'}","{'id': 'analyst-analyst-estimates', 'name': 'Analyst Estimates'}",USA,1,TOP3000,MATRIX,1.0,45,83,1.2,[]
anl15_salgics_gr_12_m_mean,The weighted average of 12-month forward revenue (SAL) estimation aggregated within GICS group grouping.,"{'id': 'analyst15', 'name': 'Earnings forecasts'}","{'id': 'analyst', 'name': 'Analyst'}","{'id': 'analyst-analyst-estimates', 'name': 'Analyst Estimates'}",USA,1,TOP3000,MATRIX,1.0,48,125,1.2,[]
anl15_salgics_gr_12_m_pe,The weighted average price/earnings ratio based on 12-month forward EPS estimation aggregated within GICS group grouping.,"{'id': 'analyst15', 'name': 'Earnings forecasts'}","{'id': 'analyst', 'name': 'Analyst'}","{'id': 'analyst-analyst-estimates', 'name': 'Analyst Estimates'}",USA,1,TOP3000,MATRIX,1.0,44,108,1.2,[]
anl15_salgics_gr_12_m_st_dev,The weighted average standard deviation of 12-month forward revenue (SAL) estimation aggregated within GICS group grouping.,"{'id': 'analyst15', 'name': 'Earnings forecasts'}","{'id': 'analyst', 'name': 'Analyst'}","{'id': 'analyst-analyst-estimates', 'name': 'Analyst Estimates'}",USA,1,TOP3000,MATRIX,1.0,58,138,1.2,[]
anl15_salgics_gr_12_m_total,The total of 12-month forward revenue (SAL) estimation aggregated within GICS group grouping.,"{'id': 'analyst15', 'name': 'Earnings forecasts'}","{'id': 'analyst', 'name': 'Analyst'}","{'id': 'analyst-analyst-estimates', 'name': 'Analyst Estimates'}",USA,1,TOP3000,MATRIX,1.0,17,26,1.2,[]
anl15_salgics_gr_12_m_tr_mean,The weighted average of 12-month trailing revenue (SAL) aggregated within GICS group grouping.,"{'id': 'analyst15', 'name': 'Earnings forecasts'}","{'id': 'analyst', 'name': 'Analyst'}","{'id': 'analyst-analyst-estimates', 'name': 'Analyst Estimates'}",USA,1,TOP3000,MATRIX,1.0,41,141,1.2,[]
anl15_salgics_gr_18_m_1m_chg,The weighted 1-month percent change of 18-month forward revenue (SAL) estimation aggregated within GICS group grouping.,"{'id': 'analyst15', 'name': 'Earnings forecasts'}","{'id': 'analyst', 'name': 'Analyst'}","{'id': 'analyst-analyst-estimates', 'name': 'Analyst Estimates'}",USA,1,TOP3000,MATRIX,1.0,20,152,1.2,[]
anl15_salgics_gr_18_m_3m_chg,The weighted 3-month percent change of 18-month forward revenue (SAL) estimation aggregated within GICS group grouping.,"{'id': 'analyst15', 'name': 'Earnings forecasts'}","{'id': 'analyst', 'name': 'Analyst'}","{'id': 'analyst-analyst-estimates', 'name': 'Analyst Estimates'}",USA,1,TOP3000,MATRIX,1.0,35,66,1.2,[]
anl15_salgics_gr_18_m_6m_chg,The weighted 6-month percent change of 18-month forward revenue (SAL) estimation aggregated within GICS group grouping.,"{'id': 'analyst15', 'name': 'Earnings forecasts'}","{'id': 'analyst', 'name': 'Analyst'}","{'id': 'analyst-analyst-estimates', 'name': 'Analyst Estimates'}",USA,1,TOP3000,MATRIX,1.0,30,68,1.2,[]
anl15_salgics_gr_18_m_cos,The number of companies with an 18-month forward mean revenue (SAL) estimation within GICS group grouping.,"{'id': 'analyst15', 'name': 'Earnings forecasts'}","{'id': 'analyst', 'name': 'Analyst'}","{'id': 'analyst-analyst-estimates', 'name': 'Analyst Estimates'}",USA,1,TOP3000,MATRIX,1.0,30,59,1.2,[]
anl15_salgics_gr_18_m_cos_dn,The number of companies for which 18 month forward mean revenue (SAL) estimation has been lowered from last month within GICS group grouping.,"{'id': 'analyst15', 'name': 'Earnings forecasts'}","{'id': 'analyst', 'name': 'Analyst'}","{'id': 'analyst-analyst-estimates', 'name': 'Analyst Estimates'}",USA,1,TOP3000,MATRIX,1.0,42,73,1.2,[]
anl15_salgics_gr_18_m_cos_up,The number of companies for which 18-month forward mean revenue (SAL) estimation has been raised from last month within GICS group grouping.,"{'id': 'analyst15', 'name': 'Earnings forecasts'}","{'id': 'analyst', 'name': 'Analyst'}","{'id': 'analyst-analyst-estimates', 'name': 'Analyst Estimates'}",USA,1,TOP3000,MATRIX,1.0,17,40,1.2,[]
anl15_salgics_gr_18_m_ests,The 18-month forward pro-rated total number of estimates within GICS group grouping.,"{'id': 'analyst15', 'name': 'Earnings forecasts'}","{'id': 'analyst', 'name': 'Analyst'}","{'id': 'analyst-analyst-estimates', 'name': 'Analyst Estimates'}",USA,1,TOP3000,MATRIX,1.0,22,53,1.2,[]
anl15_salgics_gr_18_m_ests_dn,"Count of unique IDs of industry participants. Industry stands for an aggregate view of all  equity clearance activity for the date, symbol, and transaction type in question.","{'id': 'analyst15', 'name': 'Earnings forecasts'}","{'id': 'analyst', 'name': 'Analyst'}","{'id': 'analyst-analyst-estimates', 'name': 'Analyst Estimates'}",USA,1,TOP3000,MATRIX,1.0,41,219,1.2,[]
anl15_salgics_gr_18_m_ests_up,"Count of unique IDs of industry participants. Industry stands for an aggregate view of all  equity clearance activity for the date, symbol, and transaction type in question.","{'id': 'analyst15', 'name': 'Earnings forecasts'}","{'id': 'analyst', 'name': 'Analyst'}","{'id': 'analyst-analyst-estimates', 'name': 'Analyst Estimates'}",USA,1,TOP3000,MATRIX,1.0,59,119,1.2,[]
anl15_salgics_gr_18_m_gro,The weighted 18-month forward year-over-year growth of revenue (SAL) estimation aggregated within GICS group grouping.,"{'id': 'analyst15', 'name': 'Earnings forecasts'}","{'id': 'analyst', 'name': 'Analyst'}","{'id': 'analyst-analyst-estimates', 'name': 'Analyst Estimates'}",USA,1,TOP3000,MATRIX,1.0,40,463,1.2,[]
anl15_salgics_gr_18_m_mean,The weighted average of 18-month forward revenue (SAL) estimation aggregated within GICS group grouping.,"{'id': 'analyst15', 'name': 'Earnings forecasts'}","{'id': 'analyst', 'name': 'Analyst'}","{'id': 'analyst-analyst-estimates', 'name': 'Analyst Estimates'}",USA,1,TOP3000,MATRIX,1.0,32,65,1.2,[]
anl15_salgics_gr_18_m_pe,The weighted average price/earnings ratio based on 18-month forward EPS estimation aggregated within GICS group grouping.,"{'id': 'analyst15', 'name': 'Earnings forecasts'}","{'id': 'analyst', 'name': 'Analyst'}","{'id': 'analyst-analyst-estimates', 'name': 'Analyst Estimates'}",USA,1,TOP3000,MATRIX,1.0,122,2427,1.2,[]
anl15_salgics_gr_18_m_st_dev,The weighted average standard deviation of 18-month forward revenue (SAL) estimation aggregated within GICS group grouping.,"{'id': 'analyst15', 'name': 'Earnings forecasts'}","{'id': 'analyst', 'name': 'Analyst'}","{'id': 'analyst-analyst-estimates', 'name': 'Analyst Estimates'}",USA,1,TOP3000,MATRIX,1.0,60,517,1.2,[]
anl15_salgics_gr_18_m_total,The total of 18-month forward revenue (SAL) estimation aggregated within GICS group grouping.,"{'id': 'analyst15', 'name': 'Earnings forecasts'}","{'id': 'analyst', 'name': 'Analyst'}","{'id': 'analyst-analyst-estimates', 'name': 'Analyst Estimates'}",USA,1,TOP3000,MATRIX,1.0,28,55,1.2,[]
anl15_salgics_gr_cal_fy0_gro,The weighted year-over-year growth of revenue (SAL) estimation for the current calendarized fiscal year aggregated within GICS group grouping.,"{'id': 'analyst15', 'name': 'Earnings forecasts'}","{'id': 'analyst', 'name': 'Analyst'}","{'id': 'analyst-analyst-estimates', 'name': 'Analyst Estimates'}",USA,1,TOP3000,MATRIX,1.0,43,465,1.2,[]
anl15_salgics_gr_cal_fy0_pe,The weighted average price/earnings ratio based on EPS estimation for the current calendarized fiscal year aggregated within GICS group grouping.,"{'id': 'analyst15', 'name': 'Earnings forecasts'}","{'id': 'analyst', 'name': 'Analyst'}","{'id': 'analyst-analyst-estimates', 'name': 'Analyst Estimates'}",USA,1,TOP3000,MATRIX,1.0,24,125,1.2,[]
anl15_salgics_gr_cal_fy0_total,The total of revenue (SAL) estimation for the current calendarized fiscal year aggregated within GICS group grouping.,"{'id': 'analyst15', 'name': 'Earnings forecasts'}","{'id': 'analyst', 'name': 'Analyst'}","{'id': 'analyst-analyst-estimates', 'name': 'Analyst Estimates'}",USA,1,TOP3000,MATRIX,1.0,14,41,1.2,[]
anl15_salgics_gr_cal_fy0_val,The weighted average of revenue (SAL) estimation for the current calendarized fiscal year aggregated within GICS group grouping.,"{'id': 'analyst15', 'name': 'Earnings forecasts'}","{'id': 'analyst', 'name': 'Analyst'}","{'id': 'analyst-analyst-estimates', 'name': 'Analyst Estimates'}",USA,1,TOP3000,MATRIX,1.0,23,527,1.2,[]
anl15_salgics_gr_cal_fy1_1m_chg,The weighted 1-month percent change of revenue (SAL) estimation for the calendarized 1 fiscal year aggregated within GICS group grouping.,"{'id': 'analyst15', 'name': 'Earnings forecasts'}","{'id': 'analyst', 'name': 'Analyst'}","{'id': 'analyst-analyst-estimates', 'name': 'Analyst Estimates'}",USA,1,TOP3000,MATRIX,1.0,25,57,1.2,[]
anl15_salgics_gr_cal_fy1_3m_chg,The weighted 3-month percent change of revenue (SAL) estimation for the calendarized 1 fiscal year aggregated within GICS group grouping.,"{'id': 'analyst15', 'name': 'Earnings forecasts'}","{'id': 'analyst', 'name': 'Analyst'}","{'id': 'analyst-analyst-estimates', 'name': 'Analyst Estimates'}",USA,1,TOP3000,MATRIX,1.0,55,170,1.2,[]
anl15_salgics_gr_cal_fy1_6m_chg,The weighted 6-month percent change of revenue (SAL) estimation for the calendarized one fiscal year aggregated within GICS group grouping.,"{'id': 'analyst15', 'name': 'Earnings forecasts'}","{'id': 'analyst', 'name': 'Analyst'}","{'id': 'analyst-analyst-estimates', 'name': 'Analyst Estimates'}",USA,1,TOP3000,MATRIX,1.0,27,55,1.2,[]
anl15_salgics_gr_cal_fy1_cos,The number of companies with a calendarized 1 fiscal year revenue (SAL) estimation within GICS group grouping.,"{'id': 'analyst15', 'name': 'Earnings forecasts'}","{'id': 'analyst', 'name': 'Analyst'}","{'id': 'analyst-analyst-estimates', 'name': 'Analyst Estimates'}",USA,1,TOP3000,MATRIX,1.0,20,763,1.2,[]
anl15_salgics_gr_cal_fy1_ests,The total number of calendarized 1 fiscal year revenue (SAL) estimation within GICS group grouping.,"{'id': 'analyst15', 'name': 'Earnings forecasts'}","{'id': 'analyst', 'name': 'Analyst'}","{'id': 'analyst-analyst-estimates', 'name': 'Analyst Estimates'}",USA,1,TOP3000,MATRIX,1.0,21,71,1.2,[]
anl15_salgics_gr_cal_fy1_gro,The weighted year-over-year growth of revenue (SAL) estimation for the calendarized 1 fiscal year aggregated within GICS group grouping.,"{'id': 'analyst15', 'name': 'Earnings forecasts'}","{'id': 'analyst', 'name': 'Analyst'}","{'id': 'analyst-analyst-estimates', 'name': 'Analyst Estimates'}",USA,1,TOP3000,MATRIX,1.0,39,96,1.2,[]
anl15_salgics_gr_cal_fy1_mean,The weighted average of revenue (SAL) estimation for the calendarized one fiscal year aggregated within GICS group grouping.,"{'id': 'analyst15', 'name': 'Earnings forecasts'}","{'id': 'analyst', 'name': 'Analyst'}","{'id': 'analyst-analyst-estimates', 'name': 'Analyst Estimates'}",USA,1,TOP3000,MATRIX,1.0,30,285,1.2,[]
anl15_salgics_gr_cal_fy1_pe,The weighted average price/earnings ratio based on EPS estimation for the calendarized 1 fiscal year aggregated within GICS group grouping.,"{'id': 'analyst15', 'name': 'Earnings forecasts'}","{'id': 'analyst', 'name': 'Analyst'}","{'id': 'analyst-analyst-estimates', 'name': 'Analyst Estimates'}",USA,1,TOP3000,MATRIX,1.0,25,108,1.2,[]
anl15_salgics_gr_cal_fy1_st_dev,The weighted average standard deviation of revenue (SAL) estimation for the calendarized 1 fiscal year aggregated within GICS group grouping.,"{'id': 'analyst15', 'name': 'Earnings forecasts'}","{'id': 'analyst', 'name': 'Analyst'}","{'id': 'analyst-analyst-estimates', 'name': 'Analyst Estimates'}",USA,1,TOP3000,MATRIX,1.0,51,401,1.2,[]
anl15_salgics_gr_cal_fy1_total,The total of revenue (SAL) estimation for the calendarized 1 fiscal year aggregated within GICS group grouping.,"{'id': 'analyst15', 'name': 'Earnings forecasts'}","{'id': 'analyst', 'name': 'Analyst'}","{'id': 'analyst-analyst-estimates', 'name': 'Analyst Estimates'}",USA,1,TOP3000,MATRIX,1.0,15,26,1.2,[]
anl15_salgics_gr_cal_fy2_1m_chg,The weighted 1-month percent change of revenue (SAL) estimation for the calendarized 2 fiscal years aggregated within GICS group grouping.,"{'id': 'analyst15', 'name': 'Earnings forecasts'}","{'id': 'analyst', 'name': 'Analyst'}","{'id': 'analyst-analyst-estimates', 'name': 'Analyst Estimates'}",USA,1,TOP3000,MATRIX,1.0,18,26,1.2,[]
anl15_salgics_gr_cal_fy2_3m_chg,The weighted 3-month percent change of revenue (SAL) estimation for the calendarized 2 fiscal years aggregated within GICS group grouping.,"{'id': 'analyst15', 'name': 'Earnings forecasts'}","{'id': 'analyst', 'name': 'Analyst'}","{'id': 'analyst-analyst-estimates', 'name': 'Analyst Estimates'}",USA,1,TOP3000,MATRIX,1.0,27,270,1.2,[]
anl15_salgics_gr_cal_fy2_6m_chg,The weighted 6-month percent change of revenue (SAL) estimation for the calendarized 2 fiscal year aggregated within GICS group grouping.,"{'id': 'analyst15', 'name': 'Earnings forecasts'}","{'id': 'analyst', 'name': 'Analyst'}","{'id': 'analyst-analyst-estimates', 'name': 'Analyst Estimates'}",USA,1,TOP3000,MATRIX,1.0,30,86,1.2,[]
anl15_salgics_gr_cal_fy2_cos,The number of companies with a calendarized 2 fiscal year revenue (SAL) estimation within GICS group grouping.,"{'id': 'analyst15', 'name': 'Earnings forecasts'}","{'id': 'analyst', 'name': 'Analyst'}","{'id': 'analyst-analyst-estimates', 'name': 'Analyst Estimates'}",USA,1,TOP3000,MATRIX,1.0,23,48,1.2,[]
anl15_salgics_gr_cal_fy2_ests,The total number of calendarized 2 fiscal year revenue (SAL) estimations within GICS group grouping.,"{'id': 'analyst15', 'name': 'Earnings forecasts'}","{'id': 'analyst', 'name': 'Analyst'}","{'id': 'analyst-analyst-estimates', 'name': 'Analyst Estimates'}",USA,1,TOP3000,MATRIX,1.0,34,280,1.2,[]
anl15_salgics_gr_cal_fy2_gro,The weighted year over year growth of revenue (SAL) estimation for the calendarized 2 fiscal year aggregated within GICS group grouping.,"{'id': 'analyst15', 'name': 'Earnings forecasts'}","{'id': 'analyst', 'name': 'Analyst'}","{'id': 'analyst-analyst-estimates', 'name': 'Analyst Estimates'}",USA,1,TOP3000,MATRIX,1.0,43,255,1.2,[]
anl15_salgics_gr_cal_fy2_mean,The weighted average of revenue (SAL) estimation for the calendarized 2 fiscal years aggregated within GICS group grouping.,"{'id': 'analyst15', 'name': 'Earnings forecasts'}","{'id': 'analyst', 'name': 'Analyst'}","{'id': 'analyst-analyst-estimates', 'name': 'Analyst Estimates'}",USA,1,TOP3000,MATRIX,1.0,48,278,1.2,[]
anl15_salgics_gr_cal_fy2_pe,The weighted average price/earnings ratio based on EPS estimation for the calendarized 2 fiscal years aggregated within GICS group grouping.,"{'id': 'analyst15', 'name': 'Earnings forecasts'}","{'id': 'analyst', 'name': 'Analyst'}","{'id': 'analyst-analyst-estimates', 'name': 'Analyst Estimates'}",USA,1,TOP3000,MATRIX,1.0,44,175,1.2,[]
anl15_salgics_gr_cal_fy2_st_dev,The weighted average standard deviation of revenue (SAL) estimation for the calendarized 2 fiscal years aggregated within GICS group grouping.,"{'id': 'analyst15', 'name': 'Earnings forecasts'}","{'id': 'analyst', 'name': 'Analyst'}","{'id': 'analyst-analyst-estimates', 'name': 'Analyst Estimates'}",USA,1,TOP3000,MATRIX,1.0,45,246,1.2,[]
anl15_salgics_gr_cal_fy2_total,The total of revenue (SAL) estimation for the calendarized 2 fiscal year aggregated within GICS group grouping.,"{'id': 'analyst15', 'name': 'Earnings forecasts'}","{'id': 'analyst', 'name': 'Analyst'}","{'id': 'analyst-analyst-estimates', 'name': 'Analyst Estimates'}",USA,1,TOP3000,MATRIX,1.0,18,375,1.2,[]
anl15_salgics_gr_cal_fy3_1m_chg,The weighted 1-month percent change of revenue (SAL) estimation for the calendarized 3 fiscal years aggregated within GICS group grouping.,"{'id': 'analyst15', 'name': 'Earnings forecasts'}","{'id': 'analyst', 'name': 'Analyst'}","{'id': 'analyst-analyst-estimates', 'name': 'Analyst Estimates'}",USA,1,TOP3000,MATRIX,1.0,67,161,1.2,[]
anl15_salgics_gr_cal_fy3_3m_chg,The weighted 3-month percent change of revenue (SAL) estimation for the calendarized 3 fiscal year aggregated within GICS group grouping.,"{'id': 'analyst15', 'name': 'Earnings forecasts'}","{'id': 'analyst', 'name': 'Analyst'}","{'id': 'analyst-analyst-estimates', 'name': 'Analyst Estimates'}",USA,1,TOP3000,MATRIX,1.0,49,248,1.2,[]
anl15_salgics_gr_cal_fy3_6m_chg,The weighted 6-month percent change of revenue (SAL) estimation for the calendarized 3 fiscal years aggregated within GICS group grouping.,"{'id': 'analyst15', 'name': 'Earnings forecasts'}","{'id': 'analyst', 'name': 'Analyst'}","{'id': 'analyst-analyst-estimates', 'name': 'Analyst Estimates'}",USA,1,TOP3000,MATRIX,1.0,48,128,1.2,[]
anl15_salgics_gr_cal_fy3_cos,The number of companies with a calendarized 3 fiscal year revenue (SAL) estimation within GICS group grouping.,"{'id': 'analyst15', 'name': 'Earnings forecasts'}","{'id': 'analyst', 'name': 'Analyst'}","{'id': 'analyst-analyst-estimates', 'name': 'Analyst Estimates'}",USA,1,TOP3000,MATRIX,1.0,22,81,1.2,[]
anl15_salgics_gr_cal_fy3_ests,The total number of calendarized 3 fiscal year revenue (SAL) estimation within GICS group grouping.,"{'id': 'analyst15', 'name': 'Earnings forecasts'}","{'id': 'analyst', 'name': 'Analyst'}","{'id': 'analyst-analyst-estimates', 'name': 'Analyst Estimates'}",USA,1,TOP3000,MATRIX,1.0,21,244,1.2,[]
anl15_salgics_gr_cal_fy3_gro,The weighted year-over-year growth of revenue (SAL) estimation for the calendarized 3 fiscal years aggregated within GICS group grouping.,"{'id': 'analyst15', 'name': 'Earnings forecasts'}","{'id': 'analyst', 'name': 'Analyst'}","{'id': 'analyst-analyst-estimates', 'name': 'Analyst Estimates'}",USA,1,TOP3000,MATRIX,1.0,62,638,1.2,[]
anl15_salgics_gr_cal_fy3_mean,The weighted average of revenue (SAL) estimation for the calendarized 3-fiscal-year aggregated within GICS group grouping.,"{'id': 'analyst15', 'name': 'Earnings forecasts'}","{'id': 'analyst', 'name': 'Analyst'}","{'id': 'analyst-analyst-estimates', 'name': 'Analyst Estimates'}",USA,1,TOP3000,MATRIX,1.0,41,88,1.2,[]
anl15_salgics_gr_cal_fy3_pe,The weighted average price/earnings ratio based on EPS estimation for the calendarized 3 fiscal years aggregated within GICS group grouping.,"{'id': 'analyst15', 'name': 'Earnings forecasts'}","{'id': 'analyst', 'name': 'Analyst'}","{'id': 'analyst-analyst-estimates', 'name': 'Analyst Estimates'}",USA,1,TOP3000,MATRIX,1.0,45,153,1.2,[]
anl15_salgics_gr_cal_fy3_st_dev,The weighted average standard deviation of revenue (SAL) estimation for the calendarized three fiscal years aggregated within GICS group grouping.,"{'id': 'analyst15', 'name': 'Earnings forecasts'}","{'id': 'analyst', 'name': 'Analyst'}","{'id': 'analyst-analyst-estimates', 'name': 'Analyst Estimates'}",USA,1,TOP3000,MATRIX,1.0,29,50,1.2,[]
anl15_salgics_gr_cal_fy3_total,The total of revenue (SAL) estimation for the calendarized 3 fiscal years aggregated within GICS group grouping.,"{'id': 'analyst15', 'name': 'Earnings forecasts'}","{'id': 'analyst', 'name': 'Analyst'}","{'id': 'analyst-analyst-estimates', 'name': 'Analyst Estimates'}",USA,1,TOP3000,MATRIX,1.0,27,161,1.2,[]
anl15_salgics_gr_fy1_cos_dn,The number of companies for which revenue (SAL) estimation for the calendarized 1 fiscal year has been lowered from last month within GICS group grouping.,"{'id': 'analyst15', 'name': 'Earnings forecasts'}","{'id': 'analyst', 'name': 'Analyst'}","{'id': 'analyst-analyst-estimates', 'name': 'Analyst Estimates'}",USA,1,TOP3000,MATRIX,1.0,37,92,1.2,[]
anl15_salgics_gr_fy1_cos_up,The number of companies for which revenue (SAL) estimation for the calendarized 1 fiscal year has been raised from last month within GICS group grouping.,"{'id': 'analyst15', 'name': 'Earnings forecasts'}","{'id': 'analyst', 'name': 'Analyst'}","{'id': 'analyst-analyst-estimates', 'name': 'Analyst Estimates'}",USA,1,TOP3000,MATRIX,1.0,27,59,1.2,[]
anl15_salgics_gr_fy1_ests_dn,"Count of unique IDs of industry participants. Industry stands for an aggregate view of all  equity clearance activity for the date, symbol, and transaction type in question.","{'id': 'analyst15', 'name': 'Earnings forecasts'}","{'id': 'analyst', 'name': 'Analyst'}","{'id': 'analyst-analyst-estimates', 'name': 'Analyst Estimates'}",USA,1,TOP3000,MATRIX,1.0,41,679,1.2,[]
anl15_salgics_gr_fy1_ests_up,"Count of unique IDs of industry participants. Industry stands for an aggregate view of all  equity clearance activity for the date, symbol, and transaction type in question.","{'id': 'analyst15', 'name': 'Earnings forecasts'}","{'id': 'analyst', 'name': 'Analyst'}","{'id': 'analyst-analyst-estimates', 'name': 'Analyst Estimates'}",USA,1,TOP3000,MATRIX,1.0,40,279,1.2,[]
anl15_salgics_gr_fy2_cos_dn,The number of companies for which revenue (SAL) estimation for the calendarized 2 fiscal year has been lowered from last month within GICS group grouping.,"{'id': 'analyst15', 'name': 'Earnings forecasts'}","{'id': 'analyst', 'name': 'Analyst'}","{'id': 'analyst-analyst-estimates', 'name': 'Analyst Estimates'}",USA,1,TOP3000,MATRIX,1.0,10,25,1.2,[]
anl15_salgics_gr_fy2_cos_up,The number of companies for which revenue (SAL) estimation for the calendarized 2 fiscal years has been raised from last month within GICS group grouping.,"{'id': 'analyst15', 'name': 'Earnings forecasts'}","{'id': 'analyst', 'name': 'Analyst'}","{'id': 'analyst-analyst-estimates', 'name': 'Analyst Estimates'}",USA,1,TOP3000,MATRIX,1.0,36,668,1.2,[]
anl15_salgics_gr_fy2_ests_dn,"Count of unique IDs of industry participants. Industry stands for an aggregate view of all  equity clearance activity for the date, symbol, and transaction type in question.","{'id': 'analyst15', 'name': 'Earnings forecasts'}","{'id': 'analyst', 'name': 'Analyst'}","{'id': 'analyst-analyst-estimates', 'name': 'Analyst Estimates'}",USA,1,TOP3000,MATRIX,1.0,109,1571,1.2,[]
anl15_salgics_gr_fy2_ests_up,"Count of unique IDs of industry participants. Industry stands for an aggregate view of all  equity clearance activity for the date, symbol, and transaction type in question.","{'id': 'analyst15', 'name': 'Earnings forecasts'}","{'id': 'analyst', 'name': 'Analyst'}","{'id': 'analyst-analyst-estimates', 'name': 'Analyst Estimates'}",USA,1,TOP3000,MATRIX,1.0,27,61,1.2,[]
anl15_salgics_gr_fy3_cos_dn,The number of companies for which revenue (SAL) estimation for the calendarized 3 fiscal years has been lowered from last month within GICS group grouping.,"{'id': 'analyst15', 'name': 'Earnings forecasts'}","{'id': 'analyst', 'name': 'Analyst'}","{'id': 'analyst-analyst-estimates', 'name': 'Analyst Estimates'}",USA,1,TOP3000,MATRIX,1.0,21,45,1.2,[]
anl15_salgics_gr_fy3_cos_up,The number of companies for which revenue (SAL) estimation for the calendarized three fiscal years has been raised from last month within GICS group grouping.,"{'id': 'analyst15', 'name': 'Earnings forecasts'}","{'id': 'analyst', 'name': 'Analyst'}","{'id': 'analyst-analyst-estimates', 'name': 'Analyst Estimates'}",USA,1,TOP3000,MATRIX,1.0,22,376,1.2,[]
anl15_salgics_gr_fy3_ests_dn,"Count of unique IDs of industry participants. Industry stands for an aggregate view of all  equity clearance activity for the date, symbol, and transaction type in question.","{'id': 'analyst15', 'name': 'Earnings forecasts'}","{'id': 'analyst', 'name': 'Analyst'}","{'id': 'analyst-analyst-estimates', 'name': 'Analyst Estimates'}",USA,1,TOP3000,MATRIX,1.0,55,604,1.2,[]
anl15_salgics_gr_fy3_ests_up,"Count of unique IDs of industry participants. Industry stands for an aggregate view of all  equity clearance activity for the date, symbol, and transaction type in question.","{'id': 'analyst15', 'name': 'Earnings forecasts'}","{'id': 'analyst', 'name': 'Analyst'}","{'id': 'analyst-analyst-estimates', 'name': 'Analyst Estimates'}",USA,1,TOP3000,MATRIX,1.0,46,154,1.2,[]
anl15_salgics_ind_12_m_1m_chg,The weighted 1-month percent change of 12-month forward revenue (SAL) estimation aggregated within GICS industry grouping.,"{'id': 'analyst15', 'name': 'Earnings forecasts'}","{'id': 'analyst', 'name': 'Analyst'}","{'id': 'analyst-analyst-estimates', 'name': 'Analyst Estimates'}",USA,1,TOP3000,MATRIX,1.0,47,188,1.2,[]
anl15_salgics_ind_12_m_3m_chg,The weighted 3-month percent change of 12-month forward revenue (SAL) estimation aggregated within GICS industry grouping.,"{'id': 'analyst15', 'name': 'Earnings forecasts'}","{'id': 'analyst', 'name': 'Analyst'}","{'id': 'analyst-analyst-estimates', 'name': 'Analyst Estimates'}",USA,1,TOP3000,MATRIX,1.0,32,50,1.2,[]
anl15_salgics_ind_12_m_6m_chg,The weighted 6-month percent change of 12-month forward revenue (SAL) estimation aggregated within GICS industry grouping.,"{'id': 'analyst15', 'name': 'Earnings forecasts'}","{'id': 'analyst', 'name': 'Analyst'}","{'id': 'analyst-analyst-estimates', 'name': 'Analyst Estimates'}",USA,1,TOP3000,MATRIX,1.0,30,107,1.2,[]
anl15_salgics_ind_12_m_cos,The number of companies with a 12-month forward mean revenue (SAL) estimation within GICS industry grouping.,"{'id': 'analyst15', 'name': 'Earnings forecasts'}","{'id': 'analyst', 'name': 'Analyst'}","{'id': 'analyst-analyst-estimates', 'name': 'Analyst Estimates'}",USA,1,TOP3000,MATRIX,1.0,33,216,1.2,[]
anl15_salgics_ind_12_m_cos_dn,The number of companies for which 12-month forward mean revenue (SAL) estimation has been lowered from last month within GICS industry grouping.,"{'id': 'analyst15', 'name': 'Earnings forecasts'}","{'id': 'analyst', 'name': 'Analyst'}","{'id': 'analyst-analyst-estimates', 'name': 'Analyst Estimates'}",USA,1,TOP3000,MATRIX,0.9943,14,35,1.2,[]
anl15_salgics_ind_12_m_cos_up,The number of companies for which 12-month forward mean revenue (SAL) estimation has been raised from last month within GICS industry grouping.,"{'id': 'analyst15', 'name': 'Earnings forecasts'}","{'id': 'analyst', 'name': 'Analyst'}","{'id': 'analyst-analyst-estimates', 'name': 'Analyst Estimates'}",USA,1,TOP3000,MATRIX,0.9911,27,38,1.2,[]
anl15_salgics_ind_12_m_ests,The 12-month forward pro-rated total number of estimates within GICS industry grouping.,"{'id': 'analyst15', 'name': 'Earnings forecasts'}","{'id': 'analyst', 'name': 'Analyst'}","{'id': 'analyst-analyst-estimates', 'name': 'Analyst Estimates'}",USA,1,TOP3000,MATRIX,1.0,39,280,1.2,[]
anl15_salgics_ind_12_m_ests_dn,"Count of unique IDs of industry participants. Industry stands for an aggregate view of all  equity clearance activity for the date, symbol, and transaction type in question.","{'id': 'analyst15', 'name': 'Earnings forecasts'}","{'id': 'analyst', 'name': 'Analyst'}","{'id': 'analyst-analyst-estimates', 'name': 'Analyst Estimates'}",USA,1,TOP3000,MATRIX,0.9946,20,253,1.2,[]
anl15_salgics_ind_12_m_ests_up,"Count of unique IDs of industry participants. Industry stands for an aggregate view of all  equity clearance activity for the date, symbol, and transaction type in question.","{'id': 'analyst15', 'name': 'Earnings forecasts'}","{'id': 'analyst', 'name': 'Analyst'}","{'id': 'analyst-analyst-estimates', 'name': 'Analyst Estimates'}",USA,1,TOP3000,MATRIX,0.9927,34,65,1.2,[]
anl15_salgics_ind_12_m_gro,The weighted 12-month forward year-over-year growth of revenue (SAL) estimation aggregated within GICS industry grouping.,"{'id': 'analyst15', 'name': 'Earnings forecasts'}","{'id': 'analyst', 'name': 'Analyst'}","{'id': 'analyst-analyst-estimates', 'name': 'Analyst Estimates'}",USA,1,TOP3000,MATRIX,1.0,41,95,1.2,[]
anl15_salgics_ind_12_m_mean,The weighted average of 12-month forward revenue (SAL) estimation aggregated within GICS industry grouping.,"{'id': 'analyst15', 'name': 'Earnings forecasts'}","{'id': 'analyst', 'name': 'Analyst'}","{'id': 'analyst-analyst-estimates', 'name': 'Analyst Estimates'}",USA,1,TOP3000,MATRIX,1.0,25,68,1.2,[]
anl15_salgics_ind_12_m_pe,The weighted average price/earnings ratio based on 12-month forward EPS estimation aggregated within GICS industry grouping.,"{'id': 'analyst15', 'name': 'Earnings forecasts'}","{'id': 'analyst', 'name': 'Analyst'}","{'id': 'analyst-analyst-estimates', 'name': 'Analyst Estimates'}",USA,1,TOP3000,MATRIX,1.0,47,150,1.2,[]
anl15_salgics_ind_12_m_st_dev,The weighted average standard deviation of 12-month forward revenue (SAL) estimation aggregated within GICS industry grouping.,"{'id': 'analyst15', 'name': 'Earnings forecasts'}","{'id': 'analyst', 'name': 'Analyst'}","{'id': 'analyst-analyst-estimates', 'name': 'Analyst Estimates'}",USA,1,TOP3000,MATRIX,1.0,38,71,1.2,[]
anl15_salgics_ind_12_m_total,The total of 12-month forward revenue (SAL) estimation aggregated within GICS industry grouping.,"{'id': 'analyst15', 'name': 'Earnings forecasts'}","{'id': 'analyst', 'name': 'Analyst'}","{'id': 'analyst-analyst-estimates', 'name': 'Analyst Estimates'}",USA,1,TOP3000,MATRIX,1.0,26,222,1.2,[]
anl15_salgics_ind_12_m_tr_mean,The weighted average of 12-month trailing revenue (SAL) aggregated within GICS industry grouping.,"{'id': 'analyst15', 'name': 'Earnings forecasts'}","{'id': 'analyst', 'name': 'Analyst'}","{'id': 'analyst-analyst-estimates', 'name': 'Analyst Estimates'}",USA,1,TOP3000,MATRIX,1.0,20,39,1.2,[]
anl15_salgics_ind_18_m_1m_chg,The weighted 1-month percent change of 18-month forward revenue (SAL) estimation aggregated within GICS industry grouping.,"{'id': 'analyst15', 'name': 'Earnings forecasts'}","{'id': 'analyst', 'name': 'Analyst'}","{'id': 'analyst-analyst-estimates', 'name': 'Analyst Estimates'}",USA,1,TOP3000,MATRIX,1.0,13,199,1.2,[]
anl15_salgics_ind_18_m_3m_chg,The weighted 3-month percent change of 18-month forward revenue (SAL) estimation aggregated within GICS industry grouping.,"{'id': 'analyst15', 'name': 'Earnings forecasts'}","{'id': 'analyst', 'name': 'Analyst'}","{'id': 'analyst-analyst-estimates', 'name': 'Analyst Estimates'}",USA,1,TOP3000,MATRIX,1.0,22,82,1.2,[]
anl15_salgics_ind_18_m_6m_chg,The weighted 6-month percent change of 18-month forward revenue (SAL) estimation aggregated within GICS industry grouping.,"{'id': 'analyst15', 'name': 'Earnings forecasts'}","{'id': 'analyst', 'name': 'Analyst'}","{'id': 'analyst-analyst-estimates', 'name': 'Analyst Estimates'}",USA,1,TOP3000,MATRIX,1.0,50,143,1.2,[]
anl15_salgics_ind_18_m_cos,The number of companies with an 18-month forward mean revenue (SAL) estimation within GICS industry grouping.,"{'id': 'analyst15', 'name': 'Earnings forecasts'}","{'id': 'analyst', 'name': 'Analyst'}","{'id': 'analyst-analyst-estimates', 'name': 'Analyst Estimates'}",USA,1,TOP3000,MATRIX,1.0,23,39,1.2,[]
anl15_salgics_ind_18_m_cos_dn,The number of companies for which 18-month forward mean revenue (SAL) estimation has been lowered from last month within GICS industry grouping.,"{'id': 'analyst15', 'name': 'Earnings forecasts'}","{'id': 'analyst', 'name': 'Analyst'}","{'id': 'analyst-analyst-estimates', 'name': 'Analyst Estimates'}",USA,1,TOP3000,MATRIX,0.9948,22,37,1.2,[]
anl15_salgics_ind_18_m_cos_up,The number of companies for which 18-month forward mean revenue (SAL) estimation has been raised from last month within GICS industry grouping.,"{'id': 'analyst15', 'name': 'Earnings forecasts'}","{'id': 'analyst', 'name': 'Analyst'}","{'id': 'analyst-analyst-estimates', 'name': 'Analyst Estimates'}",USA,1,TOP3000,MATRIX,0.9923,35,450,1.2,[]
anl15_salgics_ind_18_m_ests,The 18-month forward pro-rated total number of estimates within GICS industry grouping.,"{'id': 'analyst15', 'name': 'Earnings forecasts'}","{'id': 'analyst', 'name': 'Analyst'}","{'id': 'analyst-analyst-estimates', 'name': 'Analyst Estimates'}",USA,1,TOP3000,MATRIX,1.0,81,757,1.2,[]
anl15_salgics_ind_18_m_ests_dn,"Count of unique IDs of industry participants. Industry stands for an aggregate view of all  equity clearance activity for the date, symbol, and transaction type in question.","{'id': 'analyst15', 'name': 'Earnings forecasts'}","{'id': 'analyst', 'name': 'Analyst'}","{'id': 'analyst-analyst-estimates', 'name': 'Analyst Estimates'}",USA,1,TOP3000,MATRIX,0.9915,31,56,1.2,[]
anl15_salgics_ind_18_m_ests_up,"Count of unique IDs of industry participants. Industry stands for an aggregate view of all  equity clearance activity for the date, symbol, and transaction type in question.","{'id': 'analyst15', 'name': 'Earnings forecasts'}","{'id': 'analyst', 'name': 'Analyst'}","{'id': 'analyst-analyst-estimates', 'name': 'Analyst Estimates'}",USA,1,TOP3000,MATRIX,0.9911,23,33,1.2,[]
anl15_salgics_ind_18_m_gro,The weighted 18-month forward year-over-year growth of revenue (SAL) estimation aggregated within GICS industry grouping.,"{'id': 'analyst15', 'name': 'Earnings forecasts'}","{'id': 'analyst', 'name': 'Analyst'}","{'id': 'analyst-analyst-estimates', 'name': 'Analyst Estimates'}",USA,1,TOP3000,MATRIX,1.0,31,115,1.2,[]
anl15_salgics_ind_18_m_mean,The weighted average of 18-month forward revenue (SAL) estimation aggregated within GICS industry grouping.,"{'id': 'analyst15', 'name': 'Earnings forecasts'}","{'id': 'analyst', 'name': 'Analyst'}","{'id': 'analyst-analyst-estimates', 'name': 'Analyst Estimates'}",USA,1,TOP3000,MATRIX,1.0,14,46,1.2,[]
anl15_salgics_ind_18_m_pe,The weighted average price/earnings ratio based on 18-month forward EPS estimation aggregated within GICS industry grouping.,"{'id': 'analyst15', 'name': 'Earnings forecasts'}","{'id': 'analyst', 'name': 'Analyst'}","{'id': 'analyst-analyst-estimates', 'name': 'Analyst Estimates'}",USA,1,TOP3000,MATRIX,1.0,48,154,1.2,[]
anl15_salgics_ind_18_m_st_dev,The weighted average standard deviation of 18 month forward revenue (SAL) estimation aggregated within GICS industry grouping.,"{'id': 'analyst15', 'name': 'Earnings forecasts'}","{'id': 'analyst', 'name': 'Analyst'}","{'id': 'analyst-analyst-estimates', 'name': 'Analyst Estimates'}",USA,1,TOP3000,MATRIX,1.0,40,341,1.2,[]
anl15_salgics_ind_18_m_total,The total of 18 month forward revenue (SAL) estimation aggregated within GICS industry grouping.,"{'id': 'analyst15', 'name': 'Earnings forecasts'}","{'id': 'analyst', 'name': 'Analyst'}","{'id': 'analyst-analyst-estimates', 'name': 'Analyst Estimates'}",USA,1,TOP3000,MATRIX,1.0,35,67,1.2,[]
anl15_salgics_ind_cal_fy0_gro,The weighted year-over-year growth of revenue (SAL) estimation for the current calendarized fiscal year aggregated within GICS industry grouping.,"{'id': 'analyst15', 'name': 'Earnings forecasts'}","{'id': 'analyst', 'name': 'Analyst'}","{'id': 'analyst-analyst-estimates', 'name': 'Analyst Estimates'}",USA,1,TOP3000,MATRIX,1.0,104,716,1.2,[]
anl15_salgics_ind_cal_fy0_pe,The weighted average price/earnings ratio based on EPS estimation for the current calendarized fiscal year aggregated within GICS industry grouping.,"{'id': 'analyst15', 'name': 'Earnings forecasts'}","{'id': 'analyst', 'name': 'Analyst'}","{'id': 'analyst-analyst-estimates', 'name': 'Analyst Estimates'}",USA,1,TOP3000,MATRIX,1.0,31,70,1.2,[]
anl15_salgics_ind_cal_fy0_total,The total of revenue (SAL) estimation for the current calendarized fiscal year aggregated within GICS industry grouping.,"{'id': 'analyst15', 'name': 'Earnings forecasts'}","{'id': 'analyst', 'name': 'Analyst'}","{'id': 'analyst-analyst-estimates', 'name': 'Analyst Estimates'}",USA,1,TOP3000,MATRIX,1.0,56,495,1.2,[]
anl15_salgics_ind_cal_fy0_val,The weighted average of revenue (SAL) estimation for the current calendarized fiscal year aggregated within GICS industry grouping.,"{'id': 'analyst15', 'name': 'Earnings forecasts'}","{'id': 'analyst', 'name': 'Analyst'}","{'id': 'analyst-analyst-estimates', 'name': 'Analyst Estimates'}",USA,1,TOP3000,MATRIX,1.0,23,50,1.2,[]
anl15_salgics_ind_cal_fy1_1m_chg,The weighted 1-month percent change of revenue (SAL) estimation for the calendarized 1 fiscal year aggregated within GICS industry grouping.,"{'id': 'analyst15', 'name': 'Earnings forecasts'}","{'id': 'analyst', 'name': 'Analyst'}","{'id': 'analyst-analyst-estimates', 'name': 'Analyst Estimates'}",USA,1,TOP3000,MATRIX,1.0,16,44,1.2,[]
anl15_salgics_ind_cal_fy1_3m_chg,The weighted 3-month percent change of revenue (SAL) estimation for the calendarized 1 fiscal year aggregated within GICS industry grouping.,"{'id': 'analyst15', 'name': 'Earnings forecasts'}","{'id': 'analyst', 'name': 'Analyst'}","{'id': 'analyst-analyst-estimates', 'name': 'Analyst Estimates'}",USA,1,TOP3000,MATRIX,1.0,21,34,1.2,[]
anl15_salgics_ind_cal_fy1_6m_chg,The weighted 6-month percent change of revenue (SAL) estimation for the calendarized 1 fiscal year aggregated within GICS industry grouping.,"{'id': 'analyst15', 'name': 'Earnings forecasts'}","{'id': 'analyst', 'name': 'Analyst'}","{'id': 'analyst-analyst-estimates', 'name': 'Analyst Estimates'}",USA,1,TOP3000,MATRIX,1.0,25,128,1.2,[]
anl15_salgics_ind_cal_fy1_cos,The number of companies with a calendarized 1 fiscal year revenue (SAL) estimation within GICS industry grouping.,"{'id': 'analyst15', 'name': 'Earnings forecasts'}","{'id': 'analyst', 'name': 'Analyst'}","{'id': 'analyst-analyst-estimates', 'name': 'Analyst Estimates'}",USA,1,TOP3000,MATRIX,1.0,60,300,1.2,[]
anl15_salgics_ind_cal_fy1_ests,The total number of calendarized 1 fiscal year revenue (SAL) estimation within GICS industry grouping.,"{'id': 'analyst15', 'name': 'Earnings forecasts'}","{'id': 'analyst', 'name': 'Analyst'}","{'id': 'analyst-analyst-estimates', 'name': 'Analyst Estimates'}",USA,1,TOP3000,MATRIX,1.0,27,54,1.2,[]
anl15_salgics_ind_cal_fy1_gro,The weighted year-over-year growth of revenue (SAL) estimation for the calendarized 1 fiscal year aggregated within GICS industry grouping.,"{'id': 'analyst15', 'name': 'Earnings forecasts'}","{'id': 'analyst', 'name': 'Analyst'}","{'id': 'analyst-analyst-estimates', 'name': 'Analyst Estimates'}",USA,1,TOP3000,MATRIX,1.0,30,96,1.2,[]
anl15_salgics_ind_cal_fy1_mean,The weighted average of revenue (SAL) estimation for the calendarized one fiscal year aggregated within GICS industry grouping.,"{'id': 'analyst15', 'name': 'Earnings forecasts'}","{'id': 'analyst', 'name': 'Analyst'}","{'id': 'analyst-analyst-estimates', 'name': 'Analyst Estimates'}",USA,1,TOP3000,MATRIX,1.0,16,93,1.2,[]
anl15_salgics_ind_cal_fy1_pe,The weighted average price/earnings ratio based on EPS estimation for the calendarized 1 fiscal year aggregated within GICS industry grouping.,"{'id': 'analyst15', 'name': 'Earnings forecasts'}","{'id': 'analyst', 'name': 'Analyst'}","{'id': 'analyst-analyst-estimates', 'name': 'Analyst Estimates'}",USA,1,TOP3000,MATRIX,1.0,43,127,1.2,[]
anl15_salgics_ind_cal_fy1_st_dev,The weighted average standard deviation of revenue (SAL) estimation for the calendarized 1 fiscal year aggregated within GICS industry grouping.,"{'id': 'analyst15', 'name': 'Earnings forecasts'}","{'id': 'analyst', 'name': 'Analyst'}","{'id': 'analyst-analyst-estimates', 'name': 'Analyst Estimates'}",USA,1,TOP3000,MATRIX,1.0,35,75,1.2,[]
anl15_salgics_ind_cal_fy1_total,The total of revenue (SAL) estimation for the calendarized 1-fiscal-year aggregated within GICS industry grouping.,"{'id': 'analyst15', 'name': 'Earnings forecasts'}","{'id': 'analyst', 'name': 'Analyst'}","{'id': 'analyst-analyst-estimates', 'name': 'Analyst Estimates'}",USA,1,TOP3000,MATRIX,1.0,24,86,1.2,[]
anl15_salgics_ind_cal_fy2_1m_chg,The weighted 1 month percent change of revenue (SAL) estimation for the calendarized 2 fiscal year aggregated within GICS industry grouping.,"{'id': 'analyst15', 'name': 'Earnings forecasts'}","{'id': 'analyst', 'name': 'Analyst'}","{'id': 'analyst-analyst-estimates', 'name': 'Analyst Estimates'}",USA,1,TOP3000,MATRIX,1.0,25,58,1.2,[]
anl15_salgics_ind_cal_fy2_3m_chg,The weighted 3-month percent change of revenue (SAL) estimation for the calendarized 2 fiscal year aggregated within GICS industry grouping.,"{'id': 'analyst15', 'name': 'Earnings forecasts'}","{'id': 'analyst', 'name': 'Analyst'}","{'id': 'analyst-analyst-estimates', 'name': 'Analyst Estimates'}",USA,1,TOP3000,MATRIX,1.0,20,38,1.2,[]
anl15_salgics_ind_cal_fy2_6m_chg,The weighted 6-month percent change of revenue (SAL) estimation for the calendarized 2 fiscal years aggregated within GICS industry grouping.,"{'id': 'analyst15', 'name': 'Earnings forecasts'}","{'id': 'analyst', 'name': 'Analyst'}","{'id': 'analyst-analyst-estimates', 'name': 'Analyst Estimates'}",USA,1,TOP3000,MATRIX,1.0,42,464,1.2,[]
anl15_salgics_ind_cal_fy2_cos,The number of companies with a calendarized 2 fiscal year revenue (SAL) estimation within GICS industry grouping.,"{'id': 'analyst15', 'name': 'Earnings forecasts'}","{'id': 'analyst', 'name': 'Analyst'}","{'id': 'analyst-analyst-estimates', 'name': 'Analyst Estimates'}",USA,1,TOP3000,MATRIX,1.0,32,56,1.2,[]
anl15_salgics_ind_cal_fy2_ests,The total number of calendarized two fiscal year revenue (SAL) estimations within GICS industry grouping.,"{'id': 'analyst15', 'name': 'Earnings forecasts'}","{'id': 'analyst', 'name': 'Analyst'}","{'id': 'analyst-analyst-estimates', 'name': 'Analyst Estimates'}",USA,1,TOP3000,MATRIX,1.0,50,150,1.2,[]
anl15_salgics_ind_cal_fy2_gro,The weighted year-over-year growth of revenue (SAL) estimation for the calendarized 2 fiscal year aggregated within GICS industry grouping.,"{'id': 'analyst15', 'name': 'Earnings forecasts'}","{'id': 'analyst', 'name': 'Analyst'}","{'id': 'analyst-analyst-estimates', 'name': 'Analyst Estimates'}",USA,1,TOP3000,MATRIX,1.0,55,254,1.2,[]
anl15_salgics_ind_cal_fy2_mean,The weighted average of revenue (SAL) estimation for the calendarized 2 fiscal years aggregated within GICS industry grouping.,"{'id': 'analyst15', 'name': 'Earnings forecasts'}","{'id': 'analyst', 'name': 'Analyst'}","{'id': 'analyst-analyst-estimates', 'name': 'Analyst Estimates'}",USA,1,TOP3000,MATRIX,1.0,23,49,1.2,[]
anl15_salgics_ind_cal_fy2_pe,The weighted average price/earnings ratio based on EPS estimation for the calendarized 2 fiscal year aggregated within GICS industry grouping.,"{'id': 'analyst15', 'name': 'Earnings forecasts'}","{'id': 'analyst', 'name': 'Analyst'}","{'id': 'analyst-analyst-estimates', 'name': 'Analyst Estimates'}",USA,1,TOP3000,MATRIX,1.0,26,86,1.2,[]
anl15_salgics_ind_cal_fy2_st_dev,The weighted average standard deviation of revenue (SAL) estimation for the calendarized 2 fiscal years aggregated within GICS industry grouping.,"{'id': 'analyst15', 'name': 'Earnings forecasts'}","{'id': 'analyst', 'name': 'Analyst'}","{'id': 'analyst-analyst-estimates', 'name': 'Analyst Estimates'}",USA,1,TOP3000,MATRIX,1.0,40,101,1.2,[]
anl15_salgics_ind_cal_fy2_total,The total of revenue (SAL) estimation for the calendarized 2 fiscal years aggregated within GICS industry grouping.,"{'id': 'analyst15', 'name': 'Earnings forecasts'}","{'id': 'analyst', 'name': 'Analyst'}","{'id': 'analyst-analyst-estimates', 'name': 'Analyst Estimates'}",USA,1,TOP3000,MATRIX,1.0,32,58,1.2,[]
anl15_salgics_ind_cal_fy3_1m_chg,The weighted 1 month percent change of revenue (SAL) estimation for the calendarized 3 fiscal year aggregated within GICS industry grouping.,"{'id': 'analyst15', 'name': 'Earnings forecasts'}","{'id': 'analyst', 'name': 'Analyst'}","{'id': 'analyst-analyst-estimates', 'name': 'Analyst Estimates'}",USA,1,TOP3000,MATRIX,0.9958,21,80,1.2,[]
anl15_salgics_ind_cal_fy3_3m_chg,The weighted 3 month percent change of revenue (SAL) estimation for the calendarized 3 fiscal year aggregated within GICS industry grouping.,"{'id': 'analyst15', 'name': 'Earnings forecasts'}","{'id': 'analyst', 'name': 'Analyst'}","{'id': 'analyst-analyst-estimates', 'name': 'Analyst Estimates'}",USA,1,TOP3000,MATRIX,0.9956,24,51,1.2,[]
anl15_salgics_ind_cal_fy3_6m_chg,The weighted 6-month percent change of revenue (SAL) estimation for the calendarized 3 fiscal years aggregated within GICS industry grouping.,"{'id': 'analyst15', 'name': 'Earnings forecasts'}","{'id': 'analyst', 'name': 'Analyst'}","{'id': 'analyst-analyst-estimates', 'name': 'Analyst Estimates'}",USA,1,TOP3000,MATRIX,0.9875,17,217,1.2,[]
anl15_salgics_ind_cal_fy3_cos,The number of companies with a calendarized 3 fiscal year revenue (SAL) estimation within GICS industry grouping.,"{'id': 'analyst15', 'name': 'Earnings forecasts'}","{'id': 'analyst', 'name': 'Analyst'}","{'id': 'analyst-analyst-estimates', 'name': 'Analyst Estimates'}",USA,1,TOP3000,MATRIX,0.9997,36,67,1.2,[]
anl15_salgics_ind_cal_fy3_ests,The total number of calendarized 3 fiscal year revenue (SAL) estimations within GICS industry grouping.,"{'id': 'analyst15', 'name': 'Earnings forecasts'}","{'id': 'analyst', 'name': 'Analyst'}","{'id': 'analyst-analyst-estimates', 'name': 'Analyst Estimates'}",USA,1,TOP3000,MATRIX,0.9997,76,327,1.2,[]
anl15_salgics_ind_cal_fy3_gro,The weighted year-over-year growth of revenue (SAL) estimation for the calendarized 3 fiscal year aggregated within GICS industry grouping.,"{'id': 'analyst15', 'name': 'Earnings forecasts'}","{'id': 'analyst', 'name': 'Analyst'}","{'id': 'analyst-analyst-estimates', 'name': 'Analyst Estimates'}",USA,1,TOP3000,MATRIX,0.9997,31,55,1.2,[]
anl15_salgics_ind_cal_fy3_mean,The weighted average of revenue (SAL) estimation for the calendarized 3 fiscal year aggregated within GICS industry grouping.,"{'id': 'analyst15', 'name': 'Earnings forecasts'}","{'id': 'analyst', 'name': 'Analyst'}","{'id': 'analyst-analyst-estimates', 'name': 'Analyst Estimates'}",USA,1,TOP3000,MATRIX,0.9997,9,16,1.2,[]
anl15_salgics_ind_cal_fy3_pe,The weighted average price/earnings ratio based on EPS estimation for the calendarized 3 fiscal years aggregated within GICS industry grouping.,"{'id': 'analyst15', 'name': 'Earnings forecasts'}","{'id': 'analyst', 'name': 'Analyst'}","{'id': 'analyst-analyst-estimates', 'name': 'Analyst Estimates'}",USA,1,TOP3000,MATRIX,0.9997,41,104,1.2,[]
anl15_salgics_ind_cal_fy3_st_dev,The weighted average standard deviation of revenue (SAL) estimation for the calendarized 3 fiscal year aggregated within GICS industry grouping.,"{'id': 'analyst15', 'name': 'Earnings forecasts'}","{'id': 'analyst', 'name': 'Analyst'}","{'id': 'analyst-analyst-estimates', 'name': 'Analyst Estimates'}",USA,1,TOP3000,MATRIX,0.9942,54,195,1.2,[]
anl15_salgics_ind_cal_fy3_total,The total of revenue (SAL) estimation for the calendarized three fiscal years aggregated within GICS industry grouping.,"{'id': 'analyst15', 'name': 'Earnings forecasts'}","{'id': 'analyst', 'name': 'Analyst'}","{'id': 'analyst-analyst-estimates', 'name': 'Analyst Estimates'}",USA,1,TOP3000,MATRIX,0.9997,40,190,1.2,[]
anl15_salgics_ind_fy1_cos_dn,The number of companies for which revenue (SAL) estimation for the calendarized 1 fiscal year has been lowered from last month within GICS industry grouping.,"{'id': 'analyst15', 'name': 'Earnings forecasts'}","{'id': 'analyst', 'name': 'Analyst'}","{'id': 'analyst-analyst-estimates', 'name': 'Analyst Estimates'}",USA,1,TOP3000,MATRIX,0.993,17,103,1.2,[]
anl15_salgics_ind_fy1_cos_up,The number of companies for which revenue (SAL) estimation for the calendarized 1 fiscal year has been raised from last month within GICS industry grouping.,"{'id': 'analyst15', 'name': 'Earnings forecasts'}","{'id': 'analyst', 'name': 'Analyst'}","{'id': 'analyst-analyst-estimates', 'name': 'Analyst Estimates'}",USA,1,TOP3000,MATRIX,0.9917,18,52,1.2,[]
anl15_salgics_ind_fy1_ests_dn,"Count of unique IDs of industry participants. Industry stands for an aggregate view of all  equity clearance activity for the date, symbol, and transaction type in question.","{'id': 'analyst15', 'name': 'Earnings forecasts'}","{'id': 'analyst', 'name': 'Analyst'}","{'id': 'analyst-analyst-estimates', 'name': 'Analyst Estimates'}",USA,1,TOP3000,MATRIX,0.9971,21,69,1.2,[]
anl15_salgics_ind_fy1_ests_up,"Count of unique IDs of industry participants. Industry stands for an aggregate view of all  equity clearance activity for the date, symbol, and transaction type in question.","{'id': 'analyst15', 'name': 'Earnings forecasts'}","{'id': 'analyst', 'name': 'Analyst'}","{'id': 'analyst-analyst-estimates', 'name': 'Analyst Estimates'}",USA,1,TOP3000,MATRIX,0.9951,16,27,1.2,[]
anl15_salgics_ind_fy2_cos_dn,The number of companies for which revenue (SAL) estimation for the calendarized 2 fiscal years has been lowered from last month within GICS industry grouping.,"{'id': 'analyst15', 'name': 'Earnings forecasts'}","{'id': 'analyst', 'name': 'Analyst'}","{'id': 'analyst-analyst-estimates', 'name': 'Analyst Estimates'}",USA,1,TOP3000,MATRIX,0.9948,15,626,1.2,[]
anl15_salgics_ind_fy2_cos_up,The number of companies for which revenue (SAL) estimation for the calendarized two fiscal years has been raised from last month within GICS industry grouping.,"{'id': 'analyst15', 'name': 'Earnings forecasts'}","{'id': 'analyst', 'name': 'Analyst'}","{'id': 'analyst-analyst-estimates', 'name': 'Analyst Estimates'}",USA,1,TOP3000,MATRIX,0.992,31,54,1.2,[]
anl15_salgics_ind_fy2_ests_dn,"Count of unique IDs of industry participants. Industry stands for an aggregate view of all  equity clearance activity for the date, symbol, and transaction type in question.","{'id': 'analyst15', 'name': 'Earnings forecasts'}","{'id': 'analyst', 'name': 'Analyst'}","{'id': 'analyst-analyst-estimates', 'name': 'Analyst Estimates'}",USA,1,TOP3000,MATRIX,0.9966,17,89,1.2,[]
anl15_salgics_ind_fy2_ests_up,"Count of unique IDs of industry participants. Industry stands for an aggregate view of all  equity clearance activity for the date, symbol, and transaction type in question.","{'id': 'analyst15', 'name': 'Earnings forecasts'}","{'id': 'analyst', 'name': 'Analyst'}","{'id': 'analyst-analyst-estimates', 'name': 'Analyst Estimates'}",USA,1,TOP3000,MATRIX,0.9952,18,31,1.2,[]
anl15_salgics_ind_fy3_cos_dn,The number of companies for which revenue (SAL) estimation for the calendarized 3 fiscal years has been lowered from last month within GICS industry grouping.,"{'id': 'analyst15', 'name': 'Earnings forecasts'}","{'id': 'analyst', 'name': 'Analyst'}","{'id': 'analyst-analyst-estimates', 'name': 'Analyst Estimates'}",USA,1,TOP3000,MATRIX,0.988,18,26,1.2,[]
anl15_salgics_ind_fy3_cos_up,The number of companies for which revenue (SAL) estimation for the calendarized 3 fiscal years has been raised from last month within GICS industry grouping.,"{'id': 'analyst15', 'name': 'Earnings forecasts'}","{'id': 'analyst', 'name': 'Analyst'}","{'id': 'analyst-analyst-estimates', 'name': 'Analyst Estimates'}",USA,1,TOP3000,MATRIX,0.985,19,37,1.2,[]
anl15_salgics_ind_fy3_ests_dn,"Count of unique IDs of industry participants. Industry stands for an aggregate view of all  equity clearance activity for the date, symbol, and transaction type in question.","{'id': 'analyst15', 'name': 'Earnings forecasts'}","{'id': 'analyst', 'name': 'Analyst'}","{'id': 'analyst-analyst-estimates', 'name': 'Analyst Estimates'}",USA,1,TOP3000,MATRIX,0.9817,32,209,1.2,[]
anl15_salgics_ind_fy3_ests_up,"Count of unique IDs of industry participants. Industry stands for an aggregate view of all  equity clearance activity for the date, symbol, and transaction type in question.","{'id': 'analyst15', 'name': 'Earnings forecasts'}","{'id': 'analyst', 'name': 'Analyst'}","{'id': 'analyst-analyst-estimates', 'name': 'Analyst Estimates'}",USA,1,TOP3000,MATRIX,0.9829,30,64,1.2,[]
anl15_salgics_s_12_m_1m_chg,The weighted 1-month percent change of 12-month forward revenue (SAL) estimation aggregated within GICS sector grouping.,"{'id': 'analyst15', 'name': 'Earnings forecasts'}","{'id': 'analyst', 'name': 'Analyst'}","{'id': 'analyst-analyst-estimates', 'name': 'Analyst Estimates'}",USA,1,TOP3000,MATRIX,1.0,44,96,1.2,[]
anl15_salgics_s_12_m_3m_chg,The weighted 3-month percent change of 12-month forward revenue (SAL) estimation aggregated within GICS sector grouping.,"{'id': 'analyst15', 'name': 'Earnings forecasts'}","{'id': 'analyst', 'name': 'Analyst'}","{'id': 'analyst-analyst-estimates', 'name': 'Analyst Estimates'}",USA,1,TOP3000,MATRIX,1.0,67,256,1.2,[]
anl15_salgics_s_12_m_6m_chg,The weighted 6-month percent change of 12-month forward revenue (SAL) estimation aggregated within GICS sector grouping.,"{'id': 'analyst15', 'name': 'Earnings forecasts'}","{'id': 'analyst', 'name': 'Analyst'}","{'id': 'analyst-analyst-estimates', 'name': 'Analyst Estimates'}",USA,1,TOP3000,MATRIX,1.0,50,318,1.2,[]
anl15_salgics_s_12_m_cos,The number of companies with a 12-month forward mean revenue (SAL) estimation within GICS sector grouping.,"{'id': 'analyst15', 'name': 'Earnings forecasts'}","{'id': 'analyst', 'name': 'Analyst'}","{'id': 'analyst-analyst-estimates', 'name': 'Analyst Estimates'}",USA,1,TOP3000,MATRIX,1.0,63,162,1.2,[]
anl15_salgics_s_12_m_cos_dn,The number of companies for which 12-month forward mean revenue (SAL) estimation has been lowered from last month within GICS sector grouping.,"{'id': 'analyst15', 'name': 'Earnings forecasts'}","{'id': 'analyst', 'name': 'Analyst'}","{'id': 'analyst-analyst-estimates', 'name': 'Analyst Estimates'}",USA,1,TOP3000,MATRIX,1.0,44,98,1.2,[]
anl15_salgics_s_12_m_cos_up,The number of companies for which 12-month forward mean revenue (SAL) estimation has been raised from last month within GICS sector grouping.,"{'id': 'analyst15', 'name': 'Earnings forecasts'}","{'id': 'analyst', 'name': 'Analyst'}","{'id': 'analyst-analyst-estimates', 'name': 'Analyst Estimates'}",USA,1,TOP3000,MATRIX,1.0,44,73,1.2,[]
anl15_salgics_s_12_m_ests,The 12-month forward pro-rated total number of estimates within GICS sector grouping.,"{'id': 'analyst15', 'name': 'Earnings forecasts'}","{'id': 'analyst', 'name': 'Analyst'}","{'id': 'analyst-analyst-estimates', 'name': 'Analyst Estimates'}",USA,1,TOP3000,MATRIX,1.0,29,193,1.2,[]
anl15_salgics_s_12_m_ests_dn,"Count of unique IDs of industry participants. Industry stands for an aggregate view of all  equity clearance activity for the date, symbol, and transaction type in question.","{'id': 'analyst15', 'name': 'Earnings forecasts'}","{'id': 'analyst', 'name': 'Analyst'}","{'id': 'analyst-analyst-estimates', 'name': 'Analyst Estimates'}",USA,1,TOP3000,MATRIX,1.0,102,304,1.2,[]
anl15_salgics_s_12_m_ests_up,"Count of unique IDs of industry participants. Industry stands for an aggregate view of all  equity clearance activity for the date, symbol, and transaction type in question.","{'id': 'analyst15', 'name': 'Earnings forecasts'}","{'id': 'analyst', 'name': 'Analyst'}","{'id': 'analyst-analyst-estimates', 'name': 'Analyst Estimates'}",USA,1,TOP3000,MATRIX,1.0,44,281,1.2,[]
anl15_salgics_s_12_m_gro,The weighted 12-month forward year-over-year growth of revenue (SAL) estimation aggregated within GICS sector grouping.,"{'id': 'analyst15', 'name': 'Earnings forecasts'}","{'id': 'analyst', 'name': 'Analyst'}","{'id': 'analyst-analyst-estimates', 'name': 'Analyst Estimates'}",USA,1,TOP3000,MATRIX,1.0,37,233,1.2,[]
anl15_salgics_s_12_m_mean,The weighted average of 12-month forward revenue (SAL) estimation aggregated within GICS sector grouping.,"{'id': 'analyst15', 'name': 'Earnings forecasts'}","{'id': 'analyst', 'name': 'Analyst'}","{'id': 'analyst-analyst-estimates', 'name': 'Analyst Estimates'}",USA,1,TOP3000,MATRIX,1.0,49,199,1.2,[]
anl15_salgics_s_12_m_pe,The weighted average price/earnings ratio based on 12-month forward EPS estimation aggregated within GICS sector grouping.,"{'id': 'analyst15', 'name': 'Earnings forecasts'}","{'id': 'analyst', 'name': 'Analyst'}","{'id': 'analyst-analyst-estimates', 'name': 'Analyst Estimates'}",USA,1,TOP3000,MATRIX,1.0,54,136,1.2,[]
anl15_salgics_s_12_m_st_dev,The weighted average standard deviation of 12 month forward revenue (SAL) estimation aggregated within GICS sector grouping.,"{'id': 'analyst15', 'name': 'Earnings forecasts'}","{'id': 'analyst', 'name': 'Analyst'}","{'id': 'analyst-analyst-estimates', 'name': 'Analyst Estimates'}",USA,1,TOP3000,MATRIX,1.0,42,318,1.2,[]
anl15_salgics_s_12_m_total,The total of 12-month forward revenue (SAL) estimation aggregated within GICS sector grouping.,"{'id': 'analyst15', 'name': 'Earnings forecasts'}","{'id': 'analyst', 'name': 'Analyst'}","{'id': 'analyst-analyst-estimates', 'name': 'Analyst Estimates'}",USA,1,TOP3000,MATRIX,1.0,45,207,1.2,[]
anl15_salgics_s_12_m_tr_mean,The weighted average of 12-month trailing revenue (SAL) aggregated within GICS sector grouping.,"{'id': 'analyst15', 'name': 'Earnings forecasts'}","{'id': 'analyst', 'name': 'Analyst'}","{'id': 'analyst-analyst-estimates', 'name': 'Analyst Estimates'}",USA,1,TOP3000,MATRIX,1.0,30,51,1.2,[]
anl15_salgics_s_18_m_1m_chg,The weighted 1 month percent change of 18-month forward revenue (SAL) estimation aggregated within GICS sector grouping.,"{'id': 'analyst15', 'name': 'Earnings forecasts'}","{'id': 'analyst', 'name': 'Analyst'}","{'id': 'analyst-analyst-estimates', 'name': 'Analyst Estimates'}",USA,1,TOP3000,MATRIX,1.0,51,136,1.2,[]
anl15_salgics_s_18_m_3m_chg,The weighted 3-month percent change of 18-month forward revenue (SAL) estimation aggregated within GICS sector grouping.,"{'id': 'analyst15', 'name': 'Earnings forecasts'}","{'id': 'analyst', 'name': 'Analyst'}","{'id': 'analyst-analyst-estimates', 'name': 'Analyst Estimates'}",USA,1,TOP3000,MATRIX,1.0,46,245,1.2,[]
anl15_salgics_s_18_m_6m_chg,The weighted 6-month percent change of 18-month forward revenue (SAL) estimation aggregated within GICS sector grouping.,"{'id': 'analyst15', 'name': 'Earnings forecasts'}","{'id': 'analyst', 'name': 'Analyst'}","{'id': 'analyst-analyst-estimates', 'name': 'Analyst Estimates'}",USA,1,TOP3000,MATRIX,1.0,40,103,1.2,[]
anl15_salgics_s_18_m_cos,The number of companies with an 18-month forward mean revenue (SAL) estimation within GICS sector grouping.,"{'id': 'analyst15', 'name': 'Earnings forecasts'}","{'id': 'analyst', 'name': 'Analyst'}","{'id': 'analyst-analyst-estimates', 'name': 'Analyst Estimates'}",USA,1,TOP3000,MATRIX,1.0,59,100,1.2,[]
anl15_salgics_s_18_m_cos_dn,The number of companies for which 18-month forward mean revenue (SAL) estimation has been lowered from last month within GICS sector grouping.,"{'id': 'analyst15', 'name': 'Earnings forecasts'}","{'id': 'analyst', 'name': 'Analyst'}","{'id': 'analyst-analyst-estimates', 'name': 'Analyst Estimates'}",USA,1,TOP3000,MATRIX,1.0,26,261,1.2,[]
anl15_salgics_s_18_m_cos_up,The number of companies for which 18-month forward mean revenue (SAL) estimation has been raised from last month within GICS sector grouping.,"{'id': 'analyst15', 'name': 'Earnings forecasts'}","{'id': 'analyst', 'name': 'Analyst'}","{'id': 'analyst-analyst-estimates', 'name': 'Analyst Estimates'}",USA,1,TOP3000,MATRIX,1.0,49,531,1.2,[]
anl15_salgics_s_18_m_ests,The 18-month forward pro-rated total number of estimates within GICS sector grouping.,"{'id': 'analyst15', 'name': 'Earnings forecasts'}","{'id': 'analyst', 'name': 'Analyst'}","{'id': 'analyst-analyst-estimates', 'name': 'Analyst Estimates'}",USA,1,TOP3000,MATRIX,1.0,31,276,1.2,[]
anl15_salgics_s_18_m_ests_dn,"Count of unique IDs of industry participants. Industry stands for an aggregate view of all  equity clearance activity for the date, symbol, and transaction type in question.","{'id': 'analyst15', 'name': 'Earnings forecasts'}","{'id': 'analyst', 'name': 'Analyst'}","{'id': 'analyst-analyst-estimates', 'name': 'Analyst Estimates'}",USA,1,TOP3000,MATRIX,1.0,111,297,1.2,[]
anl15_salgics_s_18_m_ests_up,The 18 month forward pro-rated total number of estimates which have been raised since last month within GICS sector grouping.,"{'id': 'analyst15', 'name': 'Earnings forecasts'}","{'id': 'analyst', 'name': 'Analyst'}","{'id': 'analyst-analyst-estimates', 'name': 'Analyst Estimates'}",USA,1,TOP3000,MATRIX,1.0,48,363,1.2,[]
anl15_salgics_s_18_m_gro,The weighted 18-month forward year-over-year growth of revenue (SAL) estimation aggregated within GICS sector grouping.,"{'id': 'analyst15', 'name': 'Earnings forecasts'}","{'id': 'analyst', 'name': 'Analyst'}","{'id': 'analyst-analyst-estimates', 'name': 'Analyst Estimates'}",USA,1,TOP3000,MATRIX,1.0,37,266,1.2,[]
anl15_salgics_s_18_m_mean,The weighted average of 18-month forward revenue (SAL) estimation aggregated within GICS sector grouping.,"{'id': 'analyst15', 'name': 'Earnings forecasts'}","{'id': 'analyst', 'name': 'Analyst'}","{'id': 'analyst-analyst-estimates', 'name': 'Analyst Estimates'}",USA,1,TOP3000,MATRIX,1.0,35,58,1.2,[]
anl15_salgics_s_18_m_pe,The weighted average price/earnings ratio based on 18-month forward EPS estimation aggregated within GICS sector grouping.,"{'id': 'analyst15', 'name': 'Earnings forecasts'}","{'id': 'analyst', 'name': 'Analyst'}","{'id': 'analyst-analyst-estimates', 'name': 'Analyst Estimates'}",USA,1,TOP3000,MATRIX,1.0,49,83,1.2,[]
anl15_salgics_s_18_m_st_dev,The weighted average standard deviation of 18-month forward revenue (SAL) estimation aggregated within GICS sector grouping.,"{'id': 'analyst15', 'name': 'Earnings forecasts'}","{'id': 'analyst', 'name': 'Analyst'}","{'id': 'analyst-analyst-estimates', 'name': 'Analyst Estimates'}",USA,1,TOP3000,MATRIX,1.0,50,138,1.2,[]
anl15_salgics_s_18_m_total,The total of 18-month forward revenue (SAL) estimation aggregated within GICS sector grouping.,"{'id': 'analyst15', 'name': 'Earnings forecasts'}","{'id': 'analyst', 'name': 'Analyst'}","{'id': 'analyst-analyst-estimates', 'name': 'Analyst Estimates'}",USA,1,TOP3000,MATRIX,1.0,27,60,1.2,[]
anl15_salgics_s_cal_fy0_gro,The weighted year-over-year growth of revenue (SAL) estimation for the current calendarized fiscal year aggregated within GICS sector grouping.,"{'id': 'analyst15', 'name': 'Earnings forecasts'}","{'id': 'analyst', 'name': 'Analyst'}","{'id': 'analyst-analyst-estimates', 'name': 'Analyst Estimates'}",USA,1,TOP3000,MATRIX,1.0,37,89,1.2,[]
anl15_salgics_s_cal_fy0_pe,The weighted average price/earnings ratio based on EPS estimation for the current calendarized fiscal year aggregated within GICS sector grouping.,"{'id': 'analyst15', 'name': 'Earnings forecasts'}","{'id': 'analyst', 'name': 'Analyst'}","{'id': 'analyst-analyst-estimates', 'name': 'Analyst Estimates'}",USA,1,TOP3000,MATRIX,1.0,40,692,1.2,[]
anl15_salgics_s_cal_fy0_total,The total of revenue (SAL) estimation for the current calendarized fiscal year aggregated within GICS sector grouping.,"{'id': 'analyst15', 'name': 'Earnings forecasts'}","{'id': 'analyst', 'name': 'Analyst'}","{'id': 'analyst-analyst-estimates', 'name': 'Analyst Estimates'}",USA,1,TOP3000,MATRIX,1.0,19,50,1.2,[]
anl15_salgics_s_cal_fy0_val,The weighted average of revenue (SAL) estimation for the current calendarized fiscal year aggregated within GICS sector grouping.,"{'id': 'analyst15', 'name': 'Earnings forecasts'}","{'id': 'analyst', 'name': 'Analyst'}","{'id': 'analyst-analyst-estimates', 'name': 'Analyst Estimates'}",USA,1,TOP3000,MATRIX,1.0,68,148,1.2,[]
anl15_salgics_s_cal_fy1_1m_chg,The weighted 1-month percent change of revenue (SAL) estimation for the calendarized 1 fiscal year aggregated within GICS sector grouping.,"{'id': 'analyst15', 'name': 'Earnings forecasts'}","{'id': 'analyst', 'name': 'Analyst'}","{'id': 'analyst-analyst-estimates', 'name': 'Analyst Estimates'}",USA,1,TOP3000,MATRIX,1.0,67,558,1.2,[]
anl15_salgics_s_cal_fy1_3m_chg,The weighted 3-month percent change of revenue (SAL) estimation for the calendarized 1 fiscal year aggregated within GICS sector grouping.,"{'id': 'analyst15', 'name': 'Earnings forecasts'}","{'id': 'analyst', 'name': 'Analyst'}","{'id': 'analyst-analyst-estimates', 'name': 'Analyst Estimates'}",USA,1,TOP3000,MATRIX,1.0,58,530,1.2,[]
anl15_salgics_s_cal_fy1_6m_chg,The weighted 6-month percent change of revenue (SAL) estimation for the calendarized 1 fiscal year aggregated within GICS sector grouping.,"{'id': 'analyst15', 'name': 'Earnings forecasts'}","{'id': 'analyst', 'name': 'Analyst'}","{'id': 'analyst-analyst-estimates', 'name': 'Analyst Estimates'}",USA,1,TOP3000,MATRIX,1.0,37,131,1.2,[]
anl15_salgics_s_cal_fy1_cos,The number of companies with a calendarized 1 fiscal year revenue (SAL) estimation within GICS sector grouping.,"{'id': 'analyst15', 'name': 'Earnings forecasts'}","{'id': 'analyst', 'name': 'Analyst'}","{'id': 'analyst-analyst-estimates', 'name': 'Analyst Estimates'}",USA,1,TOP3000,MATRIX,1.0,30,64,1.2,[]
anl15_salgics_s_cal_fy1_ests,The total number of calendarized 1 fiscal year revenue (SAL) estimation within GICS sector grouping.,"{'id': 'analyst15', 'name': 'Earnings forecasts'}","{'id': 'analyst', 'name': 'Analyst'}","{'id': 'analyst-analyst-estimates', 'name': 'Analyst Estimates'}",USA,1,TOP3000,MATRIX,1.0,40,767,1.2,[]
anl15_salgics_s_cal_fy1_gro,The weighted year-over-year growth of revenue (SAL) estimation for the calendarized 1 fiscal year aggregated within GICS sector grouping.,"{'id': 'analyst15', 'name': 'Earnings forecasts'}","{'id': 'analyst', 'name': 'Analyst'}","{'id': 'analyst-analyst-estimates', 'name': 'Analyst Estimates'}",USA,1,TOP3000,MATRIX,1.0,29,65,1.2,[]
anl15_salgics_s_cal_fy1_mean,The weighted average of revenue (SAL) estimation for the calendarized 1 fiscal year aggregated within GICS sector grouping.,"{'id': 'analyst15', 'name': 'Earnings forecasts'}","{'id': 'analyst', 'name': 'Analyst'}","{'id': 'analyst-analyst-estimates', 'name': 'Analyst Estimates'}",USA,1,TOP3000,MATRIX,1.0,36,208,1.2,[]
anl15_salgics_s_cal_fy1_pe,The weighted average price/earnings ratio based on EPS estimation for the calendarized one fiscal year aggregated within GICS sector grouping.,"{'id': 'analyst15', 'name': 'Earnings forecasts'}","{'id': 'analyst', 'name': 'Analyst'}","{'id': 'analyst-analyst-estimates', 'name': 'Analyst Estimates'}",USA,1,TOP3000,MATRIX,1.0,64,293,1.2,[]
anl15_salgics_s_cal_fy1_st_dev,The weighted average standard deviation of revenue (SAL) estimation for the calendarized 1 fiscal year aggregated within GICS sector grouping.,"{'id': 'analyst15', 'name': 'Earnings forecasts'}","{'id': 'analyst', 'name': 'Analyst'}","{'id': 'analyst-analyst-estimates', 'name': 'Analyst Estimates'}",USA,1,TOP3000,MATRIX,1.0,34,201,1.2,[]
anl15_salgics_s_cal_fy1_total,The total of revenue (SAL) estimation for the calendarized 1 fiscal year aggregated within GICS sector grouping.,"{'id': 'analyst15', 'name': 'Earnings forecasts'}","{'id': 'analyst', 'name': 'Analyst'}","{'id': 'analyst-analyst-estimates', 'name': 'Analyst Estimates'}",USA,1,TOP3000,MATRIX,1.0,35,70,1.2,[]
anl15_salgics_s_cal_fy2_1m_chg,The weighted 1-month percent change of revenue (SAL) estimation for the calendarized 2 fiscal years aggregated within GICS sector grouping.,"{'id': 'analyst15', 'name': 'Earnings forecasts'}","{'id': 'analyst', 'name': 'Analyst'}","{'id': 'analyst-analyst-estimates', 'name': 'Analyst Estimates'}",USA,1,TOP3000,MATRIX,1.0,68,884,1.2,[]
anl15_salgics_s_cal_fy2_3m_chg,The weighted 3-month percent change of revenue (SAL) estimation for the calendarized 2 fiscal years aggregated within GICS sector grouping.,"{'id': 'analyst15', 'name': 'Earnings forecasts'}","{'id': 'analyst', 'name': 'Analyst'}","{'id': 'analyst-analyst-estimates', 'name': 'Analyst Estimates'}",USA,1,TOP3000,MATRIX,1.0,30,355,1.2,[]
anl15_salgics_s_cal_fy2_6m_chg,The weighted 6-month percent change of revenue (SAL) estimation for the calendarized 2 fiscal year aggregated within GICS sector grouping.,"{'id': 'analyst15', 'name': 'Earnings forecasts'}","{'id': 'analyst', 'name': 'Analyst'}","{'id': 'analyst-analyst-estimates', 'name': 'Analyst Estimates'}",USA,1,TOP3000,MATRIX,1.0,56,122,1.2,[]
anl15_salgics_s_cal_fy2_cos,The number of companies with a calendarized 2 fiscal year revenue (SAL) estimation within GICS sector grouping.,"{'id': 'analyst15', 'name': 'Earnings forecasts'}","{'id': 'analyst', 'name': 'Analyst'}","{'id': 'analyst-analyst-estimates', 'name': 'Analyst Estimates'}",USA,1,TOP3000,MATRIX,1.0,45,67,1.2,[]
anl15_salgics_s_cal_fy2_ests,The total number of calendarized 2-fiscal-year revenue (SAL) estimation within GICS sector grouping.,"{'id': 'analyst15', 'name': 'Earnings forecasts'}","{'id': 'analyst', 'name': 'Analyst'}","{'id': 'analyst-analyst-estimates', 'name': 'Analyst Estimates'}",USA,1,TOP3000,MATRIX,1.0,40,81,1.2,[]
anl15_salgics_s_cal_fy2_gro,The weighted year-over-year growth of revenue (SAL) estimation for the calendarized 2 fiscal years aggregated within GICS sector grouping.,"{'id': 'analyst15', 'name': 'Earnings forecasts'}","{'id': 'analyst', 'name': 'Analyst'}","{'id': 'analyst-analyst-estimates', 'name': 'Analyst Estimates'}",USA,1,TOP3000,MATRIX,1.0,62,244,1.2,[]
anl15_salgics_s_cal_fy2_mean,The weighted average of revenue (SAL) estimation for the calendarized 2 fiscal years aggregated within GICS sector grouping.,"{'id': 'analyst15', 'name': 'Earnings forecasts'}","{'id': 'analyst', 'name': 'Analyst'}","{'id': 'analyst-analyst-estimates', 'name': 'Analyst Estimates'}",USA,1,TOP3000,MATRIX,1.0,35,380,1.2,[]
anl15_salgics_s_cal_fy2_pe,The weighted average price/earnings ratio based on EPS estimation for the calendarized 2 fiscal year aggregated within GICS sector grouping.,"{'id': 'analyst15', 'name': 'Earnings forecasts'}","{'id': 'analyst', 'name': 'Analyst'}","{'id': 'analyst-analyst-estimates', 'name': 'Analyst Estimates'}",USA,1,TOP3000,MATRIX,1.0,30,196,1.2,[]
anl15_salgics_s_cal_fy2_st_dev,The weighted average standard deviation of revenue (SAL) estimation for the calendarized 2 fiscal years aggregated within GICS sector grouping.,"{'id': 'analyst15', 'name': 'Earnings forecasts'}","{'id': 'analyst', 'name': 'Analyst'}","{'id': 'analyst-analyst-estimates', 'name': 'Analyst Estimates'}",USA,1,TOP3000,MATRIX,1.0,52,126,1.2,[]
anl15_salgics_s_cal_fy2_total,The total of revenue (SAL) estimation for the calendarized 2 fiscal year aggregated within GICS sector grouping.,"{'id': 'analyst15', 'name': 'Earnings forecasts'}","{'id': 'analyst', 'name': 'Analyst'}","{'id': 'analyst-analyst-estimates', 'name': 'Analyst Estimates'}",USA,1,TOP3000,MATRIX,1.0,35,59,1.2,[]
anl15_salgics_s_cal_fy3_1m_chg,The weighted 1-month percent change of revenue (SAL) estimation for the calendarized 3 fiscal years aggregated within GICS sector grouping.,"{'id': 'analyst15', 'name': 'Earnings forecasts'}","{'id': 'analyst', 'name': 'Analyst'}","{'id': 'analyst-analyst-estimates', 'name': 'Analyst Estimates'}",USA,1,TOP3000,MATRIX,1.0,60,651,1.2,[]
anl15_salgics_s_cal_fy3_3m_chg,The weighted 3-month percent change of revenue (SAL) estimation for the calendarized 3 fiscal years aggregated within GICS sector grouping.,"{'id': 'analyst15', 'name': 'Earnings forecasts'}","{'id': 'analyst', 'name': 'Analyst'}","{'id': 'analyst-analyst-estimates', 'name': 'Analyst Estimates'}",USA,1,TOP3000,MATRIX,1.0,41,103,1.2,[]
anl15_salgics_s_cal_fy3_6m_chg,The weighted 6-month percent change of revenue (SAL) estimation for the calendarized 3 fiscal year aggregated within GICS sector grouping.,"{'id': 'analyst15', 'name': 'Earnings forecasts'}","{'id': 'analyst', 'name': 'Analyst'}","{'id': 'analyst-analyst-estimates', 'name': 'Analyst Estimates'}",USA,1,TOP3000,MATRIX,1.0,52,456,1.2,[]
anl15_salgics_s_cal_fy3_cos,The number of companies with a calendarized 3 fiscal year revenue (SAL) estimation within GICS sector grouping.,"{'id': 'analyst15', 'name': 'Earnings forecasts'}","{'id': 'analyst', 'name': 'Analyst'}","{'id': 'analyst-analyst-estimates', 'name': 'Analyst Estimates'}",USA,1,TOP3000,MATRIX,1.0,73,470,1.2,[]
anl15_salgics_s_cal_fy3_ests,The total number of calendarized 3 fiscal year revenue (SAL) estimation within GICS sector grouping.,"{'id': 'analyst15', 'name': 'Earnings forecasts'}","{'id': 'analyst', 'name': 'Analyst'}","{'id': 'analyst-analyst-estimates', 'name': 'Analyst Estimates'}",USA,1,TOP3000,MATRIX,1.0,51,133,1.2,[]
anl15_salgics_s_cal_fy3_gro,The weighted year-over-year growth of revenue (SAL) estimation for the calendarized 3 fiscal year aggregated within GICS sector grouping.,"{'id': 'analyst15', 'name': 'Earnings forecasts'}","{'id': 'analyst', 'name': 'Analyst'}","{'id': 'analyst-analyst-estimates', 'name': 'Analyst Estimates'}",USA,1,TOP3000,MATRIX,1.0,51,220,1.2,[]
anl15_salgics_s_cal_fy3_mean,The weighted average of revenue (SAL) estimation for the calendarized 3 fiscal year aggregated within GICS sector grouping.,"{'id': 'analyst15', 'name': 'Earnings forecasts'}","{'id': 'analyst', 'name': 'Analyst'}","{'id': 'analyst-analyst-estimates', 'name': 'Analyst Estimates'}",USA,1,TOP3000,MATRIX,1.0,58,385,1.2,[]
anl15_salgics_s_cal_fy3_pe,The weighted average price/earnings ratio based on EPS estimation for the calendarized 3 fiscal years aggregated within GICS sector grouping.,"{'id': 'analyst15', 'name': 'Earnings forecasts'}","{'id': 'analyst', 'name': 'Analyst'}","{'id': 'analyst-analyst-estimates', 'name': 'Analyst Estimates'}",USA,1,TOP3000,MATRIX,1.0,39,89,1.2,[]
anl15_salgics_s_cal_fy3_st_dev,The weighted average standard deviation of revenue (SAL) estimation for the calendarized 3 fiscal years aggregated within GICS sector grouping.,"{'id': 'analyst15', 'name': 'Earnings forecasts'}","{'id': 'analyst', 'name': 'Analyst'}","{'id': 'analyst-analyst-estimates', 'name': 'Analyst Estimates'}",USA,1,TOP3000,MATRIX,1.0,58,252,1.2,[]
anl15_salgics_s_cal_fy3_total,The total of revenue (SAL) estimation for the calendarized 3 fiscal years aggregated within GICS sector grouping.,"{'id': 'analyst15', 'name': 'Earnings forecasts'}","{'id': 'analyst', 'name': 'Analyst'}","{'id': 'analyst-analyst-estimates', 'name': 'Analyst Estimates'}",USA,1,TOP3000,MATRIX,1.0,54,154,1.2,[]
anl15_salgics_s_fy1_cos_dn,The number of companies for which revenue (SAL) estimation for the calendarized 1 fiscal year has been lowered from last month within GICS sector grouping.,"{'id': 'analyst15', 'name': 'Earnings forecasts'}","{'id': 'analyst', 'name': 'Analyst'}","{'id': 'analyst-analyst-estimates', 'name': 'Analyst Estimates'}",USA,1,TOP3000,MATRIX,1.0,50,100,1.2,[]
anl15_salgics_s_fy1_cos_up,The number of companies for which revenue (SAL) estimation for the calendarized 1 fiscal year has been raised from last month within GICS sector grouping.,"{'id': 'analyst15', 'name': 'Earnings forecasts'}","{'id': 'analyst', 'name': 'Analyst'}","{'id': 'analyst-analyst-estimates', 'name': 'Analyst Estimates'}",USA,1,TOP3000,MATRIX,1.0,50,128,1.2,[]
anl15_salgics_s_fy1_ests_dn,"Count of unique IDs of industry participants. Industry stands for an aggregate view of all  equity clearance activity for the date, symbol, and transaction type in question.","{'id': 'analyst15', 'name': 'Earnings forecasts'}","{'id': 'analyst', 'name': 'Analyst'}","{'id': 'analyst-analyst-estimates', 'name': 'Analyst Estimates'}",USA,1,TOP3000,MATRIX,1.0,65,550,1.2,[]
anl15_salgics_s_fy1_ests_up,"Count of unique IDs of industry participants. Industry stands for an aggregate view of all  equity clearance activity for the date, symbol, and transaction type in question.","{'id': 'analyst15', 'name': 'Earnings forecasts'}","{'id': 'analyst', 'name': 'Analyst'}","{'id': 'analyst-analyst-estimates', 'name': 'Analyst Estimates'}",USA,1,TOP3000,MATRIX,1.0,39,96,1.2,[]
anl15_salgics_s_fy2_cos_dn,The number of companies for which revenue (SAL) estimation for the calendarized 2 fiscal years has been lowered from last month within GICS sector grouping.,"{'id': 'analyst15', 'name': 'Earnings forecasts'}","{'id': 'analyst', 'name': 'Analyst'}","{'id': 'analyst-analyst-estimates', 'name': 'Analyst Estimates'}",USA,1,TOP3000,MATRIX,1.0,31,62,1.2,[]
anl15_salgics_s_fy2_cos_up,The number of companies for which revenue (SAL) estimation for the calendarized 2 fiscal years has been raised from last month within GICS sector grouping.,"{'id': 'analyst15', 'name': 'Earnings forecasts'}","{'id': 'analyst', 'name': 'Analyst'}","{'id': 'analyst-analyst-estimates', 'name': 'Analyst Estimates'}",USA,1,TOP3000,MATRIX,1.0,52,141,1.2,[]
anl15_salgics_s_fy2_ests_dn,"Count of unique IDs of industry participants. Industry stands for an aggregate view of all  equity clearance activity for the date, symbol, and transaction type in question.","{'id': 'analyst15', 'name': 'Earnings forecasts'}","{'id': 'analyst', 'name': 'Analyst'}","{'id': 'analyst-analyst-estimates', 'name': 'Analyst Estimates'}",USA,1,TOP3000,MATRIX,1.0,107,333,1.2,[]
anl15_salgics_s_fy2_ests_up,"Count of unique IDs of industry participants. Industry stands for an aggregate view of all  equity clearance activity for the date, symbol, and transaction type in question.","{'id': 'analyst15', 'name': 'Earnings forecasts'}","{'id': 'analyst', 'name': 'Analyst'}","{'id': 'analyst-analyst-estimates', 'name': 'Analyst Estimates'}",USA,1,TOP3000,MATRIX,1.0,71,303,1.2,[]
anl15_salgics_s_fy3_cos_dn,The number of companies for which revenue (SAL) estimation for the calendarized 3 fiscal year has been lowered from last month within GICS sector grouping.,"{'id': 'analyst15', 'name': 'Earnings forecasts'}","{'id': 'analyst', 'name': 'Analyst'}","{'id': 'analyst-analyst-estimates', 'name': 'Analyst Estimates'}",USA,1,TOP3000,MATRIX,1.0,82,750,1.2,[]
anl15_salgics_s_fy3_cos_up,The number of companies for which revenue (SAL) estimation for the calendarized 3 fiscal years has been raised from last month within GICS sector grouping.,"{'id': 'analyst15', 'name': 'Earnings forecasts'}","{'id': 'analyst', 'name': 'Analyst'}","{'id': 'analyst-analyst-estimates', 'name': 'Analyst Estimates'}",USA,1,TOP3000,MATRIX,1.0,53,172,1.2,[]
anl15_salgics_s_fy3_ests_dn,"Count of unique IDs of industry participants. Industry stands for an aggregate view of all  equity clearance activity for the date, symbol, and transaction type in question.","{'id': 'analyst15', 'name': 'Earnings forecasts'}","{'id': 'analyst', 'name': 'Analyst'}","{'id': 'analyst-analyst-estimates', 'name': 'Analyst Estimates'}",USA,1,TOP3000,MATRIX,1.0,121,511,1.2,[]
anl15_salgics_s_fy3_ests_up,"Count of unique IDs of industry participants. Industry stands for an aggregate view of all  equity clearance activity for the date, symbol, and transaction type in question.","{'id': 'analyst15', 'name': 'Earnings forecasts'}","{'id': 'analyst', 'name': 'Analyst'}","{'id': 'analyst-analyst-estimates', 'name': 'Analyst Estimates'}",USA,1,TOP3000,MATRIX,1.0,129,567,1.2,[]
